# Sensor scan measurement of Sensor IR759
# Iin=    34.78 mA ,  Vin= 12138.20 mV, T=    18.68 C 
# scanRangeX 151.50 mm; scanRangeY  70.00 mm; stepSize   2.00 mm; initialOffset   4.00 mm; sensorX 155.00 mm; start position at (x|y)=(119.92|  0.00) mm
# iStep, iStep, Pos x, Pos y, nMeas, Meas1 ... MeasN
     0      0  121.92    0.00   2      1140.84      1142.61
     1      1  121.92    2.00   2      1101.01      1101.08
     2      2  121.92    4.00   2      1051.20      1051.29
     3      3  121.92    6.00   2       994.44       994.28
     4      4  121.92    8.00   2       926.32       926.26
     5      5  121.92   10.00   2       839.94       838.56
     6      6  121.92   12.00   2       720.82       719.18
     7      7  121.92   14.00   2       594.18       591.34
     8      8  121.92   16.00   2       473.05       471.33
     9      9  121.92   18.00   2       365.10       363.45
    10     10  121.92   20.00   2       272.58       271.01
    11     11  121.92   22.00   2       199.39       197.99
    12     12  123.92   32.00   2       258.91       257.38
    13     13  123.92   30.00   2       333.46       334.81
    14     14  123.92   28.00   2       432.21       433.66
    15     15  123.92   26.00   2       549.37       552.19
    16     16  123.92   24.00   2       681.55       684.66
    17     17  123.92   22.00   2       819.78       822.27
    18     18  123.92   20.00   2       925.33       926.56
    19     19  123.92   18.00   2      1006.68      1006.94
    20     20  123.92   16.00   2      1075.50      1075.79
    21     21  123.92   14.00   2      1139.23      1139.29
    22     22  123.92   12.00   2      1199.75      1199.85
    23     23  123.92   10.00   2      1259.51      1259.58
    24     24  123.92    8.00   2      1319.20      1319.20
    25     25  123.92    6.00   2      1378.48      1378.76
    26     26  123.92    4.00   2      1439.63      1439.67
    27     27  123.92    2.00   2      1500.21      1500.36
    28     28  123.92    0.00   2      1561.22      1561.26
    29     29  125.92    0.00   2      1905.75      1905.99
    30     30  125.92    2.00   2      1827.91      1827.92
    31     31  125.92    4.00   2      1749.76      1749.52
    32     32  125.92    6.00   2      1672.86      1672.79
    33     33  125.92    8.00   2      1599.36      1599.16
    34     34  125.92   10.00   2      1528.64      1528.58
    35     35  125.92   12.00   2      1461.46      1461.37
    36     36  125.92   14.00   2      1397.13      1396.90
    37     37  125.92   16.00   2      1334.47      1334.43
    38     38  125.92   18.00   2      1274.48      1274.26
    39     39  125.92   20.00   2      1215.28      1215.20
    40     40  125.92   22.00   2      1156.45      1156.29
    41     41  125.92   24.00   2      1096.56      1096.45
    42     42  125.92   26.00   2      1034.21      1033.94
    43     43  125.92   28.00   2       965.25       965.11
    44     44  125.92   30.00   2       885.35       883.99
    45     45  125.92   32.00   2       779.01       776.50
    46     46  125.92   34.00   2       646.60       643.87
    47     47  125.92   36.00   2       520.61       517.98
    48     48  125.92   38.00   2       405.68       404.15
    49     49  127.92   44.00   2       452.64       450.35
    50     50  127.92   42.00   2       548.96       550.27
    51     51  127.92   40.00   2       666.42       669.46
    52     52  127.92   38.00   2       794.82       796.23
    53     53  127.92   36.00   2       898.48       899.85
    54     54  127.92   34.00   2       978.64       978.85
    55     55  127.92   32.00   2      1045.96      1046.11
    56     56  127.92   30.00   2      1107.09      1107.35
    57     57  127.92   28.00   2      1166.10      1166.18
    58     58  127.92   26.00   2      1223.81      1223.88
    59     59  127.92   24.00   2      1282.00      1282.04
    60     60  127.92   22.00   2      1341.14      1341.26
    61     61  127.92   20.00   2      1402.12      1402.34
    62     62  127.92   18.00   2      1466.62      1466.62
    63     63  127.92   16.00   2      1533.24      1533.42
    64     64  127.92   14.00   2      1604.42      1604.47
    65     65  127.92   12.00   2      1679.37      1679.47
    66     66  127.92   10.00   2      1759.05      1759.08
    67     67  127.92    8.00   2      1843.13      1843.20
    68     68  127.92    6.00   2      1931.36      1931.66
    69     69  127.92    4.00   2      2025.00      2025.05
    70     70  127.92    2.00   2      2120.40      2120.65
    71     71  127.92    0.00   2      2217.57      2217.59
    72     72  129.92    0.00   2      2492.26      2492.53
    73     73  129.92    2.00   2      2389.04      2388.96
    74     74  129.92    4.00   2      2281.05      2280.63
    75     75  129.92    6.00   2      2172.33      2172.28
    76     76  129.92    8.00   2      2068.95      2068.70
    77     77  129.92   10.00   2      1970.58      1970.47
    78     78  129.92   12.00   2      1878.42      1878.29
    79     79  129.92   14.00   2      1792.08      1791.99
    80     80  129.92   16.00   2      1711.75      1711.66
    81     81  129.92   18.00   2      1636.76      1636.50
    82     82  129.92   20.00   2      1565.38      1565.32
    83     83  129.92   22.00   2      1498.99      1498.83
    84     84  129.92   24.00   2      1435.71      1435.63
    85     85  129.92   26.00   2      1375.42      1375.35
    86     86  129.92   28.00   2      1318.45      1318.26
    87     87  129.92   30.00   2      1262.16      1262.09
    88     88  129.92   32.00   2      1207.80      1207.57
    89     89  129.92   34.00   2      1153.39      1153.32
    90     90  129.92   36.00   2      1098.51      1098.31
    91     91  129.92   38.00   2      1041.27      1041.08
    92     92  129.92   40.00   2       979.61       979.26
    93     93  129.92   42.00   2       909.29       908.93
    94     94  129.92   44.00   2       820.98       819.77
    95     95  129.92   46.00   2       703.98       701.00
    96     96  129.92   48.00   2       581.59       579.30
    97     97  131.92   52.00   2       632.06       630.71
    98     98  131.92   50.00   2       738.06       739.42
    99     99  131.92   48.00   2       844.75       846.02
   100    100  131.92   46.00   2       927.72       928.01
   101    101  131.92   44.00   2       995.67       995.95
   102    102  131.92   42.00   2      1056.07      1056.17
   103    103  131.92   40.00   2      1111.56      1111.65
   104    104  131.92   38.00   2      1164.94      1165.14
   105    105  131.92   36.00   2      1218.20      1218.24
   106    106  131.92   34.00   2      1270.97      1271.16
   107    107  131.92   32.00   2      1325.64      1325.65
   108    108  131.92   30.00   2      1381.60      1381.67
   109    109  131.92   28.00   2      1439.85      1439.89
   110    110  131.92   26.00   2      1500.82      1500.91
   111    111  131.92   24.00   2      1565.31      1565.34
   112    112  131.92   22.00   2      1633.65      1633.67
   113    113  131.92   20.00   2      1706.07      1706.23
   114    114  131.92   18.00   2      1783.95      1784.02
   115    115  131.92   16.00   2      1867.02      1867.21
   116    116  131.92   14.00   2      1956.88      1956.92
   117    117  131.92   12.00   2      2052.88      2053.00
   118    118  131.92   10.00   2      2156.01      2156.08
   119    119  131.92    8.00   2      2265.53      2265.64
   120    120  131.92    6.00   2      2380.21      2380.62
   121    121  131.92    4.00   2      2498.98      2499.10
   122    122  131.92    2.00   2      2615.33      2615.61
   123    123  131.92    0.00   2      2723.40      2723.54
   124    124  133.92    0.00   2      2903.81      2904.00
   125    125  133.92    2.00   2      2809.86      2809.77
   126    126  133.92    4.00   2      2694.04      2693.64
   127    127  133.92    6.00   2      2568.91      2568.78
   128    128  133.92    8.00   2      2444.92      2444.68
   129    129  133.92   10.00   2      2324.85      2324.74
   130    130  133.92   12.00   2      2212.07      2211.89
   131    131  133.92   14.00   2      2106.27      2106.13
   132    132  133.92   16.00   2      2007.94      2007.84
   133    133  133.92   18.00   2      1917.39      1917.16
   134    134  133.92   20.00   2      1832.45      1832.39
   135    135  133.92   22.00   2      1754.00      1753.82
   136    136  133.92   24.00   2      1680.51      1680.44
   137    137  133.92   26.00   2      1611.92      1611.79
   138    138  133.92   28.00   2      1547.30      1547.23
   139    139  133.92   30.00   2      1486.45      1486.32
   140    140  133.92   32.00   2      1428.93      1428.65
   141    141  133.92   34.00   2      1373.09      1373.04
   142    142  133.92   36.00   2      1320.23      1320.03
   143    143  133.92   38.00   2      1268.43      1268.39
   144    144  133.92   40.00   2      1217.95      1217.80
   145    145  133.92   42.00   2      1168.07      1167.81
   146    146  133.92   44.00   2      1116.85      1116.75
   147    147  133.92   46.00   2      1065.65      1065.32
   148    148  133.92   48.00   2      1010.01      1009.85
   149    149  133.92   50.00   2       949.68       949.24
   150    150  133.92   52.00   2       878.14       876.79
   151    151  133.92   54.00   2       785.66       783.12
   152    152  135.92   58.00   2       769.67       767.23
   153    153  135.92   56.00   2       854.66       855.91
   154    154  135.92   54.00   2       928.66       928.85
   155    155  135.92   52.00   2       991.42       991.66
   156    156  135.92   50.00   2      1047.91      1047.99
   157    157  135.92   48.00   2      1100.26      1100.29
   158    158  135.92   46.00   2      1150.06      1150.33
   159    159  135.92   44.00   2      1199.68      1199.74
   160    160  135.92   42.00   2      1248.90      1249.07
   161    161  135.92   40.00   2      1299.22      1299.30
   162    162  135.92   38.00   2      1350.29      1350.37
   163    163  135.92   36.00   2      1403.29      1403.33
   164    164  135.92   34.00   2      1458.33      1458.32
   165    165  135.92   32.00   2      1515.52      1515.71
   166    166  135.92   30.00   2      1576.87      1576.90
   167    167  135.92   28.00   2      1640.52      1640.71
   168    168  135.92   26.00   2      1709.12      1709.16
   169    169  135.92   24.00   2      1781.92      1782.01
   170    170  135.92   22.00   2      1860.11      1860.13
   171    171  135.92   20.00   2      1943.94      1944.00
   172    172  135.92   18.00   2      2034.48      2034.57
   173    173  135.92   16.00   2      2132.23      2132.35
   174    174  135.92   14.00   2      2237.26      2237.64
   175    175  135.92   12.00   2      2351.45      2351.59
   176    176  135.92   10.00   2      2472.29      2472.56
   177    177  135.92    8.00   2      2599.58      2599.70
   178    178  135.92    6.00   2      2729.40      2729.56
   179    179  135.92    4.00   2      2855.25      2855.40
   180    180  135.92    2.00   2      2965.49      2965.68
   181    181  135.92    0.00   2      3040.96      3041.18
   182    182  137.92    0.00   2      3140.39      3140.50
   183    183  137.92    2.00   2      3098.99      3098.91
   184    184  137.92    4.00   2      3001.99      3001.75
   185    185  137.92    6.00   2      2877.58      2877.39
   186    186  137.92    8.00   2      2743.56      2743.31
   187    187  137.92   10.00   2      2609.14      2608.91
   188    188  137.92   12.00   2      2480.04      2479.94
   189    189  137.92   14.00   2      2358.57      2358.24
   190    190  137.92   16.00   2      2244.71      2244.65
   191    191  137.92   18.00   2      2139.87      2139.70
   192    192  137.92   20.00   2      2042.74      2042.64
   193    193  137.92   22.00   2      1953.22      1953.08
   194    194  137.92   24.00   2      1870.81      1870.53
   195    195  137.92   26.00   2      1793.41      1793.33
   196    196  137.92   28.00   2      1721.59      1721.44
   197    197  137.92   30.00   2      1654.19      1654.13
   198    198  137.92   32.00   2      1591.34      1591.24
   199    199  137.92   34.00   2      1532.21      1531.96
   200    200  137.92   36.00   2      1475.07      1474.95
   201    201  137.92   38.00   2      1421.52      1421.35
   202    202  137.92   40.00   2      1369.57      1369.51
   203    203  137.92   42.00   2      1319.77      1319.63
   204    204  137.92   44.00   2      1271.17      1271.11
   205    205  137.92   46.00   2      1223.56      1223.44
   206    206  137.92   48.00   2      1176.86      1176.59
   207    207  137.92   50.00   2      1128.98      1128.81
   208    208  137.92   52.00   2      1080.64      1080.43
   209    209  137.92   54.00   2      1029.40      1029.26
   210    210  137.92   56.00   2       974.86       974.56
   211    211  137.92   58.00   2       912.53       912.22
   212    212  137.92   60.00   2       837.66       836.18
   213    213  139.92   62.00   2       864.82       864.66
   214    214  139.92   60.00   2       929.34       929.50
   215    215  139.92   58.00   2       987.68       987.88
   216    216  139.92   56.00   2      1041.08      1041.14
   217    217  139.92   54.00   2      1090.47      1090.57
   218    218  139.92   52.00   2      1138.53      1138.57
   219    219  139.92   50.00   2      1185.36      1185.44
   220    220  139.92   48.00   2      1231.65      1231.87
   221    221  139.92   46.00   2      1279.20      1279.30
   222    222  139.92   44.00   2      1326.94      1327.06
   223    223  139.92   42.00   2      1376.46      1376.50
   224    224  139.92   40.00   2      1427.30      1427.40
   225    225  139.92   38.00   2      1479.55      1479.83
   226    226  139.92   36.00   2      1535.80      1535.81
   227    227  139.92   34.00   2      1593.78      1594.06
   228    228  139.92   32.00   2      1656.25      1656.29
   229    229  139.92   30.00   2      1721.66      1721.81
   230    230  139.92   28.00   2      1792.38      1792.40
   231    231  139.92   26.00   2      1867.17      1867.31
   232    232  139.92   24.00   2      1948.22      1948.30
   233    233  139.92   22.00   2      2035.68      2035.75
   234    234  139.92   20.00   2      2130.12      2130.18
   235    235  139.92   18.00   2      2232.36      2232.45
   236    236  139.92   16.00   2      2342.69      2343.08
   237    237  139.92   14.00   2      2463.18      2463.28
   238    238  139.92   12.00   2      2591.12      2591.36
   239    239  139.92   10.00   2      2726.77      2726.92
   240    240  139.92    8.00   2      2865.72      2865.95
   241    241  139.92    6.00   2      3001.83      3001.97
   242    242  139.92    4.00   2      3120.74      3120.87
   243    243  139.92    2.00   2      3199.04      3198.97
   244    244  139.92    0.00   2      3164.42      3167.67
   245    245  141.92    0.00   2      3206.93      3188.36
   246    246  141.92    2.00   2      3248.20      3244.63
   247    247  141.92    4.00   2      3198.86      3198.55
   248    248  141.92    6.00   2      3091.47      3088.83
   249    249  141.92    8.00   2      2954.90      2953.61
   250    250  141.92   10.00   2      2809.49      2809.27
   251    251  141.92   12.00   2      2659.07      2659.09
   252    252  141.92   14.00   2      2522.38      2521.19
   253    253  141.92   16.00   2      2392.00      2391.81
   254    254  141.92   18.00   2      2277.68      2277.60
   255    255  141.92   20.00   2      2171.12      2170.87
   256    256  141.92   22.00   2      2083.97      2076.45
   257    257  141.92   24.00   2      1980.47      1989.19
   258    258  141.92   26.00   2      1905.05      1904.86
   259    259  141.92   28.00   2      1827.42      1827.27
   260    260  141.92   30.00   2      1756.10      1756.11
   261    261  141.92   32.00   2      1689.85      1689.57
   262    262  141.92   34.00   2      1625.91      1625.76
   263    263  141.92   36.00   2      1566.82      1566.56
   264    264  141.92   38.00   2      1510.71      1510.63
   265    265  141.92   40.00   2      1458.31      1458.13
   266    266  141.92   42.00   2      1407.30      1407.28
   267    267  141.92   44.00   2      1358.53      1358.39
   268    268  141.92   46.00   2      1311.99      1311.70
   269    269  141.92   48.00   2      1265.82      1265.72
   270    270  141.92   50.00   2      1221.50      1221.33
   271    271  141.92   52.00   2      1177.12      1177.01
   272    272  141.92   54.00   2      1133.11      1132.90
   273    273  141.92   56.00   2      1088.02      1087.95
   274    274  141.92   58.00   2      1041.73      1041.51
   275    275  141.92   60.00   2       992.74       992.64
   276    276  141.92   62.00   2       938.96       938.63
   277    277  141.92   64.00   2       877.64       877.38
   278    278  143.92   66.00   2       874.80       874.59
   279    279  143.92   64.00   2       931.69       931.99
   280    280  143.92   62.00   2       985.23       985.31
   281    281  143.92   60.00   2      1033.79      1033.95
   282    282  143.92   58.00   2      1079.36      1079.63
   283    283  143.92   56.00   2      1124.67      1124.66
   284    284  143.92   54.00   2      1167.84      1168.01
   285    285  143.92   52.00   2      1211.89      1211.94
   286    286  143.92   50.00   2      1255.49      1255.63
   287    287  143.92   48.00   2      1300.27      1300.29
   288    288  143.92   46.00   2      1346.06      1346.17
   289    289  143.92   44.00   2      1393.90      1393.93
   290    290  143.92   42.00   2      1442.67      1442.72
   291    291  143.92   40.00   2      1493.72      1493.96
   292    292  143.92   38.00   2      1547.33      1547.45
   293    293  143.92   36.00   2      1603.41      1603.61
   294    294  143.92   34.00   2      1664.09      1665.79
   295    295  143.92   32.00   2      1728.96      1729.13
   296    296  143.92   30.00   2      1794.14      1794.09
   297    297  143.92   28.00   2      1870.77      1870.98
   298    298  143.92   26.00   2      1951.66      1951.95
   299    299  143.92   24.00   2      2036.25      2036.34
   300    300  143.92   22.00   2      2128.37      2128.37
   301    301  143.92   20.00   2      2227.29      2227.48
   302    302  143.92   18.00   2      2338.08      2338.26
   303    303  143.92   16.00   2      2458.72      2460.08
   304    304  143.92   14.00   2      2591.05      2594.78
   305    305  143.92   12.00   2      2730.69      2729.22
   306    306  143.92   10.00   2      2876.17      2870.01
   307    307  143.92    8.00   2      3014.75      3009.27
   308    308  143.92    6.00   2      3118.53      3183.03
   309    309  143.92    4.00   2      3276.89      3284.92
   310    310  143.92    2.00   2      3320.40      3320.90
   311    311  143.92    0.00   2      3221.60      3209.40
   312    312  145.92    0.00   2      3193.40      3190.50
   313    313  145.92    2.00   2      3345.30      3346.60
   314    314  145.92    4.00   2      3355.40      3353.10
   315    315  145.92    6.00   2      3261.50      3258.60
   316    316  145.92    8.00   2      3127.00      3126.20
   317    317  145.92   10.00   2      2981.70      2979.00
   318    318  145.92   12.00   2      2826.80      2826.00
   319    319  145.92   14.00   2      2680.50      2680.37
   320    320  145.92   16.00   2      2545.72      2545.43
   321    321  145.92   18.00   2      2421.26      2420.03
   322    322  145.92   20.00   2      2305.67      2305.55
   323    323  145.92   22.00   2      2199.76      2199.47
   324    324  145.92   24.00   2      2102.20      2102.06
   325    325  145.92   26.00   2      2013.06      2012.86
   326    326  145.92   28.00   2      1930.14      1930.04
   327    327  145.92   30.00   2      1853.63      1853.67
   328    328  145.92   32.00   2      1783.36      1783.06
   329    329  145.92   34.00   2      1716.23      1716.17
   330    330  145.92   36.00   2      1654.03      1653.85
   331    331  145.92   38.00   2      1595.12      1595.08
   332    332  145.92   40.00   2      1539.66      1539.60
   333    333  145.92   42.00   2      1487.59      1487.36
   334    334  145.92   44.00   2      1436.98      1436.85
   335    335  145.92   46.00   2      1389.27      1389.05
   336    336  145.92   48.00   2      1342.40      1342.37
   337    337  145.92   50.00   2      1297.62      1297.49
   338    338  145.92   52.00   2      1254.33      1254.04
   339    339  145.92   54.00   2      1210.53      1210.42
   340    340  145.92   56.00   2      1167.80      1167.59
   341    341  145.92   58.00   2      1123.97      1123.85
   342    342  145.92   60.00   2      1080.03      1079.81
   343    343  145.92   62.00   2      1034.24      1034.13
   344    344  145.92   64.00   2       985.39       985.03
   345    345  145.92   66.00   2       931.23       931.00
   346    346  147.92   68.00   2       904.86       904.48
   347    347  147.92   66.00   2       956.79       956.98
   348    348  147.92   64.00   2      1007.63      1007.71
   349    349  147.92   62.00   2      1054.09      1054.29
   350    350  147.92   60.00   2      1099.19      1099.29
   351    351  147.92   58.00   2      1142.89      1143.02
   352    352  147.92   56.00   2      1186.55      1186.57
   353    353  147.92   54.00   2      1229.42      1229.45
   354    354  147.92   52.00   2      1272.47      1272.64
   355    355  147.92   50.00   2      1317.06      1317.06
   356    356  147.92   48.00   2      1362.02      1362.16
   357    357  147.92   46.00   2      1409.21      1409.24
   358    358  147.92   44.00   2      1457.54      1457.68
   359    359  147.92   42.00   2      1508.62      1508.66
   360    360  147.92   40.00   2      1561.80      1561.84
   361    361  147.92   38.00   2      1617.20      1617.48
   362    362  147.92   36.00   2      1677.58      1677.62
   363    363  147.92   34.00   2      1740.31      1740.49
   364    364  147.92   32.00   2      1808.18      1808.23
   365    365  147.92   30.00   2      1879.88      1880.11
   366    366  147.92   28.00   2      1958.00      1958.03
   367    367  147.92   26.00   2      2041.40      2041.52
   368    368  147.92   24.00   2      2132.44      2132.51
   369    369  147.92   22.00   2      2230.85      2230.98
   370    370  147.92   20.00   2      2337.73      2337.82
   371    371  147.92   18.00   2      2454.31      2454.39
   372    372  147.92   16.00   2      2580.24      2580.65
   373    373  147.92   14.00   2      2719.07      2719.18
   374    374  147.92   12.00   2      2864.73      2865.14
   375    375  147.92   10.00   2      3016.82      3017.03
   376    376  147.92    8.00   2      3167.20      3167.58
   377    377  147.92    6.00   2      3300.50      3300.30
   378    378  147.92    4.00   2      3382.70      3385.30
   379    379  147.92    2.00   2      3387.70      3386.00
   380    380  147.92    0.00   2      3174.60      3174.20
   381    381  149.92    0.00   2      3154.70      3152.70
   382    382  149.92    2.00   2      3371.70      3372.10
   383    383  149.92    4.00   2      3408.90      3407.90
   384    384  149.92    6.00   2      3332.20      3330.50
   385    385  149.92    8.00   2      3205.90      3202.80
   386    386  149.92   10.00   2      3051.00      3049.60
   387    387  149.92   12.00   2      2902.40      2899.20
   388    388  149.92   14.00   2      2749.90      2749.00
   389    389  149.92   16.00   2      2610.49      2609.23
   390    390  149.92   18.00   2      2480.18      2479.80
   391    391  149.92   20.00   2      2360.74      2360.57
   392    392  149.92   22.00   2      2252.04      2251.77
   393    393  149.92   24.00   2      2151.56      2151.51
   394    394  149.92   26.00   2      2059.97      2059.79
   395    395  149.92   28.00   2      1975.19      1975.12
   396    396  149.92   30.00   2      1896.92      1896.81
   397    397  149.92   32.00   2      1824.65      1824.39
   398    398  149.92   34.00   2      1756.13      1756.07
   399    399  149.92   36.00   2      1692.91      1692.72
   400    400  149.92   38.00   2      1632.65      1632.63
   401    401  149.92   40.00   2      1576.44      1576.39
   402    402  149.92   42.00   2      1523.61      1523.34
   403    403  149.92   44.00   2      1472.35      1472.30
   404    404  149.92   46.00   2      1424.39      1424.20
   405    405  149.92   48.00   2      1377.60      1377.56
   406    406  149.92   50.00   2      1332.81      1332.67
   407    407  149.92   52.00   2      1288.96      1288.90
   408    408  149.92   54.00   2      1246.35      1246.23
   409    409  149.92   56.00   2      1204.45      1204.17
   410    410  149.92   58.00   2      1161.64      1161.54
   411    411  149.92   60.00   2      1119.47      1119.25
   412    412  149.92   62.00   2      1075.95      1075.83
   413    413  149.92   64.00   2      1030.92      1030.67
   414    414  149.92   66.00   2       982.64       982.46
   415    415  149.92   68.00   2       929.86       929.47
   416    416  151.92   68.00   2       937.45       937.51
   417    417  151.92   66.00   2       987.01       987.22
   418    418  151.92   64.00   2      1034.62      1034.62
   419    419  151.92   62.00   2      1078.99      1079.07
   420    420  151.92   60.00   2      1121.88      1122.83
   421    421  151.92   58.00   2      1165.07      1165.11
   422    422  151.92   56.00   2      1206.95      1207.18
   423    423  151.92   54.00   2      1249.81      1249.88
   424    424  151.92   52.00   2      1292.64      1292.76
   425    425  151.92   50.00   2      1336.56      1336.59
   426    426  151.92   48.00   2      1381.35      1381.41
   427    427  151.92   46.00   2      1427.28      1427.57
   428    428  151.92   44.00   2      1476.38      1476.40
   429    429  151.92   42.00   2      1526.68      1526.89
   430    430  151.92   40.00   2      1580.53      1580.51
   431    431  151.92   38.00   2      1636.67      1636.81
   432    432  151.92   36.00   2      1696.55      1696.60
   433    433  151.92   34.00   2      1759.80      1759.93
   434    434  151.92   32.00   2      1827.94      1827.97
   435    435  151.92   30.00   2      1900.29      1900.38
   436    436  151.92   28.00   2      1978.43      1978.51
   437    437  151.92   26.00   2      2062.57      2062.67
   438    438  151.92   24.00   2      2153.79      2153.85
   439    439  151.92   22.00   2      2252.79      2252.83
   440    440  151.92   20.00   2      2360.04      2360.30
   441    441  151.92   18.00   2      2478.05      2478.10
   442    442  151.92   16.00   2      2605.13      2605.36
   443    443  151.92   14.00   2      2743.58      2743.70
   444    444  151.92   12.00   2      2889.30      2889.46
   445    445  151.92   10.00   2      3039.38      3038.85
   446    446  151.92    8.00   2      3189.74      3192.37
   447    447  151.92    6.00   2      3324.00      3324.20
   448    448  151.92    4.00   2      3412.90      3413.00
   449    449  151.92    2.00   2      3391.20      3389.60
   450    450  151.92    0.00   2      3154.70      3152.60
   451    451  153.92    0.00   2      3150.00      3150.10
   452    452  153.92    2.00   2      3373.50      3374.30
   453    453  153.92    4.00   2      3392.40      3389.70
   454    454  153.92    6.00   2      3289.20      3287.90
   455    455  153.92    8.00   2      3156.60      3154.30
   456    456  153.92   10.00   2      2998.70      2997.70
   457    457  153.92   12.00   2      2852.70      2850.70
   458    458  153.92   14.00   2      2704.10      2703.60
   459    459  153.92   16.00   2      2571.48      2571.50
   460    460  153.92   18.00   2      2444.42      2444.41
   461    461  153.92   20.00   2      2331.50      2332.45
   462    462  153.92   22.00   2      2226.93      2226.82
   463    463  153.92   24.00   2      2129.84      2129.74
   464    464  153.92   26.00   2      2040.26      2040.17
   465    465  153.92   28.00   2      1958.10      1957.97
   466    466  153.92   30.00   2      1882.18      1882.27
   467    467  153.92   32.00   2      1811.14      1810.87
   468    468  153.92   34.00   2      1744.01      1744.00
   469    469  153.92   36.00   2      1681.43      1681.25
   470    470  153.92   38.00   2      1622.55      1622.55
   471    471  153.92   40.00   2      1567.57      1567.43
   472    472  153.92   42.00   2      1515.25      1515.24
   473    473  153.92   44.00   2      1466.64      1466.60
   474    474  153.92   46.00   2      1419.38      1419.23
   475    475  153.92   48.00   2      1373.38      1373.33
   476    476  153.92   50.00   2      1329.50      1329.38
   477    477  153.92   52.00   2      1287.31      1287.04
   478    478  153.92   54.00   2      1245.00      1244.90
   479    479  153.92   56.00   2      1204.11      1203.91
   480    480  153.92   58.00   2      1162.66      1162.51
   481    481  153.92   60.00   2      1121.43      1121.29
   482    482  153.92   62.00   2      1078.90      1078.88
   483    483  153.92   64.00   2      1035.65      1035.39
   484    484  153.92   66.00   2       989.04       988.87
   485    485  153.92   68.00   2       938.68       938.34
   486    486  155.92   68.00   2       927.94       927.66
   487    487  155.92   66.00   2       975.83       975.99
   488    488  155.92   64.00   2      1022.72      1022.80
   489    489  155.92   62.00   2      1066.78      1066.93
   490    490  155.92   60.00   2      1109.28      1109.50
   491    491  155.92   58.00   2      1151.60      1151.70
   492    492  155.92   56.00   2      1192.84      1193.00
   493    493  155.92   54.00   2      1234.42      1234.46
   494    494  155.92   52.00   2      1276.07      1276.20
   495    495  155.92   50.00   2      1318.96      1318.97
   496    496  155.92   48.00   2      1362.66      1362.71
   497    497  155.92   46.00   2      1408.17      1408.24
   498    498  155.92   44.00   2      1455.38      1455.41
   499    499  155.92   42.00   2      1504.37      1504.51
   500    500  155.92   40.00   2      1556.66      1556.74
   501    501  155.92   38.00   2      1611.15      1611.30
   502    502  155.92   36.00   2      1669.25      1669.31
   503    503  155.92   34.00   2      1730.65      1730.80
   504    504  155.92   32.00   2      1795.91      1795.95
   505    505  155.92   30.00   2      1865.69      1865.75
   506    506  155.92   28.00   2      1941.02      1941.06
   507    507  155.92   26.00   2      2022.08      2022.12
   508    508  155.92   24.00   2      2108.44      2108.52
   509    509  155.92   22.00   2      2203.02      2203.04
   510    510  155.92   20.00   2      2306.34      2306.24
   511    511  155.92   18.00   2      2418.85      2418.89
   512    512  155.92   16.00   2      2541.27      2541.35
   513    513  155.92   14.00   2      2673.84      2673.96
   514    514  155.92   12.00   2      2814.21      2817.32
   515    515  155.92   10.00   2      2961.62      2963.07
   516    516  155.92    8.00   2      3110.77      3110.59
   517    517  155.92    6.00   2      3249.12      3248.58
   518    518  155.92    4.00   2      3341.90      3343.60
   519    519  155.92    2.00   2      3359.30      3356.60
   520    520  155.92    0.00   2      3164.20      3162.30
   521    521  157.92    0.00   2      3185.50      3185.30
   522    522  157.92    2.00   2      3329.10      3331.30
   523    523  157.92    4.00   2      3319.70      3318.10
   524    524  157.92    6.00   2      3213.10      3212.00
   525    525  157.92    8.00   2      3078.00      3074.70
   526    526  157.92   10.00   2      2922.60      2921.60
   527    527  157.92   12.00   2      2777.60      2775.40
   528    528  157.92   14.00   2      2632.22      2632.07
   529    529  157.92   16.00   2      2501.80      2501.53
   530    530  157.92   18.00   2      2381.20      2380.76
   531    531  157.92   20.00   2      2270.70      2270.61
   532    532  157.92   22.00   2      2169.54      2169.40
   533    533  157.92   24.00   2      2076.68      2076.61
   534    534  157.92   26.00   2      1991.17      1991.05
   535    535  157.92   28.00   2      1912.63      1912.40
   536    536  157.92   30.00   2      1838.66      1838.59
   537    537  157.92   32.00   2      1770.72      1770.53
   538    538  157.92   34.00   2      1706.44      1706.42
   539    539  157.92   36.00   2      1646.59      1646.49
   540    540  157.92   38.00   2      1590.70      1590.45
   541    541  157.92   40.00   2      1536.51      1536.42
   542    542  157.92   42.00   2      1485.86      1485.65
   543    543  157.92   44.00   2      1437.03      1437.03
   544    544  157.92   46.00   2      1390.91      1390.86
   545    545  157.92   48.00   2      1346.22      1346.23
   546    546  157.92   50.00   2      1303.20      1303.05
   547    547  157.92   52.00   2      1261.55      1261.30
   548    548  157.92   54.00   2      1219.97      1219.81
   549    549  157.92   56.00   2      1179.35      1179.14
   550    550  157.92   58.00   2      1138.26      1138.15
   551    551  157.92   60.00   2      1096.83      1096.66
   552    552  157.92   62.00   2      1054.19      1054.16
   553    553  157.92   64.00   2      1010.05      1009.85
   554    554  157.92   66.00   2       961.59       961.54
   555    555  157.92   68.00   2       909.30       908.92
   556    556  159.92   68.00   2       873.24       873.08
   557    557  159.92   66.00   2       926.48       926.62
   558    558  159.92   64.00   2       976.28       976.63
   559    559  159.92   62.00   2      1023.48      1023.58
   560    560  159.92   60.00   2      1067.70      1067.85
   561    561  159.92   58.00   2      1110.65      1110.71
   562    562  159.92   56.00   2      1152.27      1152.38
   563    563  159.92   54.00   2      1193.61      1193.61
   564    564  159.92   52.00   2      1234.98      1235.05
   565    565  159.92   50.00   2      1276.57      1276.82
   566    566  159.92   48.00   2      1320.38      1320.46
   567    567  159.92   46.00   2      1364.69      1364.82
   568    568  159.92   44.00   2      1411.08      1411.12
   569    569  159.92   42.00   2      1458.66      1458.77
   570    570  159.92   40.00   2      1508.84      1508.88
   571    571  159.92   38.00   2      1561.34      1561.41
   572    572  159.92   36.00   2      1616.98      1617.02
   573    573  159.92   34.00   2      1675.54      1675.63
   574    574  159.92   32.00   2      1737.46      1737.70
   575    575  159.92   30.00   2      1804.37      1804.40
   576    576  159.92   28.00   2      1875.06      1875.29
   577    577  159.92   26.00   2      1952.26      1952.34
   578    578  159.92   24.00   2      2034.84      2034.91
   579    579  159.92   22.00   2      2124.30      2124.39
   580    580  159.92   20.00   2      2221.55      2221.59
   581    581  159.92   18.00   2      2327.12      2327.13
   582    582  159.92   16.00   2      2441.74      2442.00
   583    583  159.92   14.00   2      2567.79      2567.95
   584    584  159.92   12.00   2      2703.84      2704.01
   585    585  159.92   10.00   2      2847.93      2849.20
   586    586  159.92    8.00   2      2997.35      2997.49
   587    587  159.92    6.00   2      3139.75      3139.80
   588    588  159.92    4.00   2      3256.76      3258.70
   589    589  159.92    2.00   2      3307.10      3307.10
   590    590  159.92    0.00   2      3213.90      3212.90
   591    591  161.92    0.00   2      3213.63      3213.65
   592    592  161.92    2.00   2      3249.04      3249.07
   593    593  161.92    4.00   2      3175.57      3175.39
   594    594  161.92    6.00   2      3045.28      3045.31
   595    595  161.92    8.00   2      2900.12      2900.20
   596    596  161.92   10.00   2      2755.72      2754.29
   597    597  161.92   12.00   2      2607.42      2614.82
   598    598  161.92   14.00   2      2487.39      2487.30
   599    599  161.92   16.00   2      2341.34      2366.74
   600    600  161.92   18.00   2      2255.32      2255.28
   601    601  161.92   20.00   2      2154.64      2154.54
   602    602  161.92   22.00   2      2062.06      2061.77
   603    603  161.92   24.00   2      1975.50      1975.44
   604    604  161.92   26.00   2      1897.26      1897.10
   605    605  161.92   28.00   2      1823.72      1823.67
   606    606  161.92   30.00   2      1755.34      1755.26
   607    607  161.92   32.00   2      1692.19      1691.97
   608    608  161.92   34.00   2      1631.74      1631.71
   609    609  161.92   36.00   2      1575.74      1575.57
   610    610  161.92   38.00   2      1522.14      1522.08
   611    611  161.92   40.00   2      1471.39      1471.27
   612    612  161.92   42.00   2      1423.24      1423.01
   613    613  161.92   44.00   2      1376.15      1376.07
   614    614  161.92   46.00   2      1331.81      1331.63
   615    615  161.92   48.00   2      1288.03      1287.96
   616    616  161.92   50.00   2      1245.98      1245.77
   617    617  161.92   52.00   2      1204.05      1204.00
   618    618  161.92   54.00   2      1163.17      1162.99
   619    619  161.92   56.00   2      1122.53      1122.25
   620    620  161.92   58.00   2      1079.95      1079.84
   621    621  161.92   60.00   2      1037.00      1036.75
   622    622  161.92   62.00   2       990.87       990.78
   623    623  161.92   64.00   2       941.58       941.16
   624    624  161.92   66.00   2       885.34       885.05
   625    625  161.92   68.00   2       818.91       817.63
   626    626  163.92   66.00   2       807.36       807.31
   627    627  163.92   64.00   2       872.46       872.56
   628    628  163.92   62.00   2       929.67       929.96
   629    629  163.92   60.00   2       981.73       981.89
   630    630  163.92   58.00   2      1028.83      1029.10
   631    631  163.92   56.00   2      1073.76      1073.83
   632    632  163.92   54.00   2      1116.94      1117.06
   633    633  163.92   52.00   2      1158.89      1159.13
   634    634  163.92   50.00   2      1201.91      1201.95
   635    635  163.92   48.00   2      1244.36      1244.52
   636    636  163.92   46.00   2      1288.28      1288.35
   637    637  163.92   44.00   2      1332.75      1332.85
   638    638  163.92   42.00   2      1378.83      1378.90
   639    639  163.92   40.00   2      1426.40      1426.48
   640    640  163.92   38.00   2      1476.22      1476.27
   641    641  163.92   36.00   2      1528.32      1528.38
   642    642  163.92   34.00   2      1582.42      1582.65
   643    643  163.92   32.00   2      1640.87      1640.91
   644    644  163.92   30.00   2      1702.66      1702.65
   645    645  163.92   28.00   2      1768.36      1768.35
   646    646  163.92   26.00   2      1838.58      1838.58
   647    647  163.92   24.00   2      1912.74      1913.90
   648    648  163.92   22.00   2      1994.57      1994.63
   649    649  163.92   20.00   2      2062.67      2082.46
   650    650  163.92   18.00   2      2178.12      2178.11
   651    651  163.92   16.00   2      2281.77      2282.98
   652    652  163.92   14.00   2      2395.48      2395.48
   653    653  163.92   12.00   2      2518.68      2518.51
   654    654  163.92   10.00   2      2649.00      2649.22
   655    655  163.92    8.00   2      2787.98      2786.97
   656    656  163.92    6.00   2      2924.74      2930.88
   657    657  163.92    4.00   2      3063.97      3064.03
   658    658  163.92    2.00   2      3141.50      3164.84
   659    659  163.92    0.00   2      3181.32      3182.53
   660    660  165.92    0.00   2      3114.30      3114.17
   661    661  165.92    2.00   2      3047.46      3046.15
   662    662  165.92    4.00   2      2926.08      2926.12
   663    663  165.92    6.00   2      2791.08      2790.93
   664    664  165.92    8.00   2      2645.08      2652.13
   665    665  165.92   10.00   2      2518.59      2518.78
   666    666  165.92   12.00   2      2375.19      2393.06
   667    667  165.92   14.00   2      2279.39      2279.52
   668    668  165.92   16.00   2      2160.39      2174.88
   669    669  165.92   18.00   2      2077.82      2077.85
   670    670  165.92   20.00   2      1953.82      1988.85
   671    671  165.92   22.00   2      1907.05      1907.04
   672    672  165.92   24.00   2      1789.58      1831.10
   673    673  165.92   26.00   2      1760.25      1760.22
   674    674  165.92   28.00   2      1694.07      1693.95
   675    675  165.92   30.00   2      1632.30      1632.29
   676    676  165.92   32.00   2      1574.51      1574.44
   677    677  165.92   34.00   2      1519.53      1519.63
   678    678  165.92   36.00   2      1467.80      1467.70
   679    679  165.92   38.00   2      1418.91      1418.84
   680    680  165.92   40.00   2      1371.73      1371.58
   681    681  165.92   42.00   2      1326.43      1326.13
   682    682  165.92   44.00   2      1281.25      1281.16
   683    683  165.92   46.00   2      1238.43      1238.25
   684    684  165.92   48.00   2      1195.25      1195.16
   685    685  165.92   50.00   2      1153.11      1152.88
   686    686  165.92   52.00   2      1110.37      1110.31
   687    687  165.92   54.00   2      1067.01      1066.86
   688    688  165.92   56.00   2      1022.34      1022.02
   689    689  165.92   58.00   2       973.90       973.71
   690    690  165.92   60.00   2       921.68       920.50
   691    691  165.92   62.00   2       860.54       859.22
   692    692  165.92   64.00   2       785.16       783.84
   693    693  165.92   66.00   2       693.01       691.70
   694    694  167.92   64.00   2       626.80       625.32
   695    695  167.92   62.00   2       706.76       707.05
   696    696  167.92   60.00   2       794.87       796.36
   697    697  167.92   58.00   2       870.72       871.05
   698    698  167.92   56.00   2       932.91       933.17
   699    699  167.92   54.00   2       986.83       987.08
   700    700  167.92   52.00   2      1036.59      1036.60
   701    701  167.92   50.00   2      1082.83      1083.00
   702    702  167.92   48.00   2      1127.13      1128.17
   703    703  167.92   46.00   2      1172.19      1172.29
   704    704  167.92   44.00   2      1215.75      1215.90
   705    705  167.92   42.00   2      1261.09      1261.02
   706    706  167.92   40.00   2      1305.84      1305.89
   707    707  167.92   38.00   2      1352.56      1352.59
   708    708  167.92   36.00   2      1400.09      1400.25
   709    709  167.92   34.00   2      1450.60      1450.57
   710    710  167.92   32.00   2      1501.39      1503.12
   711    711  167.92   30.00   2      1558.45      1558.44
   712    712  167.92   28.00   2      1610.33      1617.18
   713    713  167.92   26.00   2      1678.99      1679.02
   714    714  167.92   24.00   2      1722.66      1745.38
   715    715  167.92   22.00   2      1816.36      1816.42
   716    716  167.92   20.00   2      1892.79      1892.75
   717    717  167.92   18.00   2      1975.53      1975.50
   718    718  167.92   16.00   2      2064.97      2064.88
   719    719  167.92   14.00   2      2161.48      2161.53
   720    720  167.92   12.00   2      2267.04      2267.05
   721    721  167.92   10.00   2      2379.82      2380.07
   722    722  167.92    8.00   2      2502.33      2502.19
   723    723  167.92    6.00   2      2626.32      2631.61
   724    724  167.92    4.00   2      2765.32      2765.44
   725    725  167.92    2.00   2      2874.80      2894.54
   726    726  167.92    0.00   2      2996.27      2996.41
   727    727  169.92    0.00   2      2825.90      2825.90
   728    728  169.92    2.00   2      2705.47      2705.74
   729    729  169.92    4.00   2      2573.67      2577.15
   730    730  169.92    6.00   2      2450.44      2450.35
   731    731  169.92    8.00   2      2323.32      2330.20
   732    732  169.92   10.00   2      2218.32      2218.24
   733    733  169.92   12.00   2      2083.72      2114.82
   734    734  169.92   14.00   2      2019.65      2019.67
   735    735  169.92   16.00   2      1932.06      1931.92
   736    736  169.92   18.00   2      1850.72      1850.71
   737    737  169.92   20.00   2      1775.93      1775.87
   738    738  169.92   22.00   2      1705.15      1705.42
   739    739  169.92   24.00   2      1640.78      1640.69
   740    740  169.92   26.00   2      1577.97      1579.73
   741    741  169.92   28.00   2      1522.07      1522.06
   742    742  169.92   30.00   2      1463.66      1467.53
   743    743  169.92   32.00   2      1415.38      1415.38
   744    744  169.92   34.00   2      1353.75      1365.84
   745    745  169.92   36.00   2      1318.29      1318.32
   746    746  169.92   38.00   2      1272.87      1272.79
   747    747  169.92   40.00   2      1228.14      1228.18
   748    748  169.92   42.00   2      1184.21      1184.12
   749    749  169.92   44.00   2      1138.71      1140.00
   750    750  169.92   46.00   2      1095.37      1095.32
   751    751  169.92   48.00   2      1050.22      1050.07
   752    752  169.92   50.00   2      1002.31      1001.99
   753    753  169.92   52.00   2       950.21       950.00
   754    754  169.92   54.00   2       891.78       890.37
   755    755  169.92   56.00   2       821.11       819.90
   756    756  169.92   58.00   2       729.56       728.24
   757    757  169.92   60.00   2       633.02       630.36
   758    758  169.92   62.00   2       540.79       539.44
   759    759  171.92   60.00   2       427.46       426.03
   760    760  171.92   58.00   2       494.86       495.04
   761    761  171.92   56.00   2       576.46       578.04
   762    762  171.92   54.00   2       670.53       671.65
   763    763  171.92   52.00   2       771.59       772.85
   764    764  171.92   50.00   2       861.64       861.88
   765    765  171.92   48.00   2       930.21       930.24
   766    766  171.92   46.00   2       987.47       987.60
   767    767  171.92   44.00   2      1038.39      1038.55
   768    768  171.92   42.00   2      1086.29      1086.40
   769    769  171.92   40.00   2      1129.04      1132.54
   770    770  171.92   38.00   2      1177.84      1177.82
   771    771  171.92   36.00   2      1209.99      1223.24
   772    772  171.92   34.00   2      1269.28      1269.31
   773    773  171.92   32.00   2      1286.99      1317.16
   774    774  171.92   30.00   2      1366.34      1366.43
   775    775  171.92   28.00   2      1418.22      1418.14
   776    776  171.92   26.00   2      1471.80      1471.81
   777    777  171.92   24.00   2      1528.33      1528.27
   778    778  171.92   22.00   2      1587.88      1587.93
   779    779  171.92   20.00   2      1651.55      1651.55
   780    780  171.92   18.00   2      1692.79      1719.41
   781    781  171.92   16.00   2      1791.56      1791.62
   782    782  171.92   14.00   2      1870.13      1870.08
   783    783  171.92   12.00   2      1954.20      1954.24
   784    784  171.92   10.00   2      2045.68      2045.61
   785    785  171.92    8.00   2      2143.95      2143.98
   786    786  171.92    6.00   2      2249.84      2249.89
   787    787  171.92    4.00   2      2363.28      2363.27
   788    788  171.92    2.00   2      2483.07      2483.11
   789    789  171.92    0.00   2      2602.51      2602.26
   790    790  173.92    0.00   2      2302.25      2339.37
   791    791  173.92    2.00   2      2260.41      2229.48
   792    792  173.92    4.00   2      2080.32      2125.40
   793    793  173.92    6.00   2      2027.24      2027.25
   794    794  173.92    8.00   2      1936.02      1935.99
   795    795  173.92   10.00   2      1843.42      1851.66
   796    796  173.92   12.00   2      1773.20      1773.17
   797    797  173.92   14.00   2      1684.37      1700.28
   798    798  173.92   16.00   2      1632.04      1632.05
   799    799  173.92   18.00   2      1540.98      1568.44
   800    800  173.92   20.00   2      1507.86      1507.86
   801    801  173.92   22.00   2      1451.43      1451.28
   802    802  173.92   24.00   2      1395.71      1397.20
   803    803  173.92   26.00   2      1345.86      1345.84
   804    804  173.92   28.00   2      1289.84      1296.58
   805    805  173.92   30.00   2      1248.46      1248.48
   806    806  173.92   32.00   2      1187.14      1201.49
   807    807  173.92   34.00   2      1155.14      1155.09
   808    808  173.92   36.00   2      1094.85      1109.09
   809    809  173.92   38.00   2      1062.52      1062.49
   810    810  173.92   40.00   2      1000.35      1013.94
   811    811  173.92   42.00   2       961.80       961.75
   812    812  173.92   44.00   2       902.50       902.43
   813    813  173.92   46.00   2       830.58       830.38
   814    814  173.92   48.00   2       735.69       734.45
   815    815  173.92   50.00   2       630.32       630.11
   816    816  173.92   52.00   2       530.60       529.27
   817    817  173.92   54.00   2       436.53       438.65
   818    818  173.92   56.00   2       361.55       360.02
   819    819  173.92   58.00   2       292.38       291.11
   821    821  175.92   56.00   2       171.49       171.35
   822    822  175.92   54.00   2       209.65       209.59
   823    823  175.92   52.00   2       261.71       261.69
   824    824  175.92   50.00   2       326.78       326.78
   825    825  175.92   48.00   2       402.68       402.66
   826    826  175.92   46.00   2       487.77       488.08
   827    827  175.92   44.00   2       581.80       581.96
   828    828  175.92   42.00   2       684.10       685.43
   829    829  175.92   40.00   2       786.38       789.00
   830    830  175.92   38.00   2       874.35       874.56
   831    831  175.92   36.00   2       951.98       941.75
   832    832  175.92   34.00   2       999.08       999.17
   833    833  175.92   32.00   2      1042.80      1052.27
   834    834  175.92   30.00   2      1102.27      1102.33
   835    835  175.92   28.00   2      1144.32      1150.72
   836    836  175.92   26.00   2      1197.39      1198.54
   837    837  175.92   24.00   2      1243.06      1247.31
   838    838  175.92   22.00   2      1294.98      1297.18
   839    839  175.92   20.00   2      1362.59      1348.40
   840    840  175.92   18.00   2      1397.32      1401.19
   841    841  175.92   16.00   2      1475.86      1456.72
   842    842  175.92   14.00   2      1512.13      1515.48
   843    843  175.92   12.00   2      1577.23      1577.20
   844    844  175.92   10.00   2      1635.69      1643.05
   845    845  175.92    8.00   2      1712.81      1712.84
   846    846  175.92    6.00   2      1778.83      1787.93
   847    847  175.92    4.00   2      1867.66      1867.75
   848    848  175.92    2.00   2      1947.47      1953.24
   849    849  175.92    0.00   2      2042.77      2042.82
   850    850  177.92    0.00   2      1723.40      1725.35
   851    851  177.92    2.00   2      1656.56      1656.50
   852    852  177.92    4.00   2      1593.05      1591.48
   853    853  177.92    6.00   2      1529.37      1529.35
   854    854  177.92    8.00   2      1506.70      1470.85
   855    855  177.92   10.00   2      1414.66      1414.62
   856    856  177.92   12.00   2      1361.29      1361.24
   857    857  177.92   14.00   2      1307.80      1309.92
   858    858  177.92   16.00   2      1259.98      1260.00
   859    859  177.92   18.00   2      1209.81      1211.29
   860    860  177.92   20.00   2      1163.28      1163.29
   861    861  177.92   22.00   2      1126.72      1115.33
   862    862  177.92   24.00   2      1066.15      1066.10
   863    863  177.92   26.00   2      1032.91      1014.70
   864    864  177.92   28.00   2       959.52       959.48
   865    865  177.92   30.00   2       918.02       896.29
   866    866  177.92   32.00   2       819.38       819.13
   867    867  177.92   34.00   2       718.43       718.05
   868    868  177.92   36.00   2       614.70       614.58
   869    869  177.92   38.00   2       517.05       516.78
   870    870  177.92   40.00   2       431.52       428.32
   871    871  177.92   42.00   2       348.53       348.29
   872    872  177.92   44.00   2       279.07       278.73
   873    873  177.92   46.00   2       220.16       220.00
   874    874  177.92   48.00   2       174.18       173.97
   875    875  177.92   50.00   2       142.38       142.35
   876    876  177.92   52.00   2       124.85       124.73
   888    888  179.92   48.00   2       115.17       115.18
   889    889  179.92   46.00   2       115.25       115.28
   890    890  179.92   44.00   2       117.20       117.13
   891    891  179.92   42.00   2       125.11       125.06
   892    892  179.92   40.00   2       140.81       140.83
   893    893  179.92   38.00   2       167.66       167.60
   894    894  179.92   36.00   2       206.85       206.77
   895    895  179.92   34.00   2       259.18       259.16
   896    896  179.92   32.00   2       323.40       323.49
   897    897  179.92   30.00   2       400.04       400.23
   898    898  179.92   28.00   2       487.11       487.30
   899    899  179.92   26.00   2       583.67       584.78
   900    900  179.92   24.00   2       688.76       688.89
   901    901  179.92   22.00   2       797.33       797.63
   902    902  179.92   20.00   2       884.14       884.27
   903    903  179.92   18.00   2       951.55       951.66
   904    904  179.92   16.00   2      1013.01      1009.46
   905    905  179.92   14.00   2      1060.78      1060.82
   906    906  179.92   12.00   2      1128.99      1109.70
   907    907  179.92   10.00   2      1156.46      1156.52
   908    908  179.92    8.00   2      1202.79      1202.76
   909    909  179.92    6.00   2      1249.13      1249.30
   910    910  179.92    4.00   2      1295.58      1295.64
   911    911  179.92    2.00   2      1344.31      1342.45
   912    912  179.92    0.00   2      1388.85      1388.87
   913    913  181.92    0.00   2      1010.25      1010.07
   914    914  181.92    2.00   2       968.78       968.68
   915    915  181.92    4.00   2       922.32       922.25
   916    916  181.92    6.00   2       867.65       867.56
   917    917  181.92    8.00   2       799.08       798.78
   918    918  181.92   10.00   2       708.78       708.67
   919    919  181.92   12.00   2       622.43       617.99
   920    920  181.92   14.00   2       529.67       528.42
   921    921  181.92   16.00   2       446.31       444.98
   922    922  181.92   18.00   2       369.49       369.30
   923    923  181.92   20.00   2       300.81       300.54
   924    924  181.92   22.00   2       241.49       241.37
   925    925  181.92   24.00   2       192.63       192.40
   926    926  181.92   26.00   2       156.34       156.29
   927    927  181.92   28.00   2       133.16       133.08
   928    928  181.92   30.00   2       120.99       120.88
   929    929  181.92   32.00   2       115.65       115.61
   930    930  181.92   34.00   2       115.40       115.33
   931    931  181.92   36.00   2       115.16       115.15
   932    932  181.92   38.00   2       115.22       115.15
   933    933  181.92   40.00   2       115.07       115.06
   934    934  181.92   42.00   2       115.11       115.06
   935    935  181.92   44.00   2       115.03       115.02
   960    960  183.92   38.00   2       114.84       114.86
   961    961  183.92   36.00   2       114.82       114.85
   962    962  183.92   34.00   2       115.04       114.97
   963    963  183.92   32.00   2       114.92       114.92
   964    964  183.92   30.00   2       115.03       114.97
   965    965  183.92   28.00   2       116.03       114.92
   966    966  183.92   26.00   2       115.00       114.97
   967    967  183.92   24.00   2       115.07       115.00
   968    968  183.92   22.00   2       114.98       114.97
   969    969  183.92   20.00   2       115.09       115.03
   970    970  183.92   18.00   2       115.04       115.04
   971    971  183.92   16.00   2       115.21       115.15
   972    972  183.92   14.00   2       115.14       115.15
   973    973  183.92   12.00   2       115.43       115.36
   974    974  183.92   10.00   2       115.55       115.52
   975    975  183.92    8.00   2       118.29       118.24
   976    976  183.92    6.00   2       122.72       122.72
   977    977  183.92    4.00   2       128.94       128.94
   978    978  183.92    2.00   2       136.27       136.25
   979    979  183.92    0.00   2       143.92       143.92
   980    980  185.92    0.00   2       114.98       114.97
   981    981  185.92    2.00   2       115.05       115.02
   982    982  185.92    4.00   2       115.02       115.01
   983    983  185.92    6.00   2       114.96       114.94
   984    984  185.92    8.00   2       116.93       115.03
   985    985  185.92   10.00   2       114.96       114.93
   986    986  185.92   12.00   2       114.99       114.93
   987    987  185.92   14.00   2       114.88       114.87
   988    988  185.92   16.00   2       114.97       114.92
   989    989  185.92   18.00   2       114.86       114.86
   990    990  185.92   20.00   2       114.96       114.91
   991    991  185.92   22.00   2       114.82       114.82
   992    992  185.92   24.00   2       114.93       114.88
   993    993  185.92   26.00   2       114.89       114.86
   994    994  185.92   28.00   2       114.93       114.88
   995    995  185.92   30.00   2       115.06       114.97
   996    996  185.92   32.00   2       114.76       114.77
  1037   1037  187.92   22.00   2       114.79       114.79
  1038   1038  187.92   20.00   2       114.88       114.84
  1039   1039  187.92   18.00   2       114.83       114.82
  1040   1040  187.92   16.00   2       114.92       114.86
  1041   1041  187.92   14.00   2       114.81       114.81
  1042   1042  187.92   12.00   2       114.96       114.90
  1043   1043  187.92   10.00   2       114.85       114.84
  1044   1044  187.92    8.00   2       114.93       114.88
  1045   1045  187.92    6.00   2       114.88       114.86
  1046   1046  187.92    4.00   2       114.92       114.90
  1047   1047  187.92    2.00   2       114.97       114.95
  1048   1048  187.92    0.00   2       114.92       114.91
  1049   1049  189.92    0.00   2       114.90       114.90
  1050   1050  189.92    2.00   2       114.86       114.85
  1051   1051  189.92    4.00   2       114.94       114.90
# END: scan time was  10588.8120761  seconds
