# Sensor scan measurement of Sensor IR782
# Iin=    34.77 mA ,  Vin= 12142.40 mV, T=    18.05 C 
# scanRangeX 151.50 mm; scanRangeY  70.00 mm; stepSize   2.00 mm; initialOffset   4.00 mm; sensorX 236.50 mm; start position at (x|y)=(119.92|  0.00) mm
# iStep, iStep, Pos x, Pos y, nMeas, Meas1 ... MeasN
  1353   1353  201.92    0.00   2       115.19       115.16
  1354   1354  201.92    2.00   2       115.15       115.16
  1355   1355  201.92    4.00   2       115.04       115.08
  1356   1356  201.92    6.00   2       115.27       115.21
  1357   1357  201.92    8.00   2       115.05       115.09
  1358   1358  201.92   10.00   2       115.20       115.17
  1359   1359  201.92   12.00   2       115.09       115.12
  1410   1410  203.92   28.00   2       115.22       115.16
  1411   1411  203.92   26.00   2       115.11       115.11
  1412   1412  203.92   24.00   2       115.08       115.10
  1413   1413  203.92   22.00   2       115.05       115.07
  1414   1414  203.92   20.00   2       115.11       115.13
  1415   1415  203.92   18.00   2       115.06       115.09
  1416   1416  203.92   16.00   2       115.25       115.20
  1417   1417  203.92   14.00   2       115.07       115.10
  1418   1418  203.92   12.00   2       115.21       115.19
  1419   1419  203.92   10.00   2       115.11       115.13
  1420   1420  203.92    8.00   2       115.16       115.17
  1421   1421  203.92    6.00   2       115.12       115.15
  1422   1422  203.92    4.00   2       115.18       115.19
  1423   1423  203.92    2.00   2       115.17       115.19
  1424   1424  203.92    0.00   2       115.13       115.14
  1425   1425  205.92    0.00   2       117.00       115.38
  1426   1426  205.92    2.00   2       115.30       115.30
  1427   1427  205.92    4.00   2       115.23       115.25
  1428   1428  205.92    6.00   2       115.26       115.25
  1429   1429  205.92    8.00   2       115.21       115.24
  1430   1430  205.92   10.00   2       115.18       115.21
  1431   1431  205.92   12.00   2       115.23       115.24
  1432   1432  205.92   14.00   2       115.15       115.18
  1433   1433  205.92   16.00   2       115.17       115.19
  1434   1434  205.92   18.00   2       115.11       115.15
  1435   1435  205.92   20.00   2       115.18       115.19
  1436   1436  205.92   22.00   2       115.09       115.11
  1437   1437  205.92   24.00   2       115.28       115.23
  1438   1438  205.92   26.00   2       115.05       115.10
  1439   1439  205.92   28.00   2       115.22       115.18
  1440   1440  205.92   30.00   2       115.05       115.08
  1441   1441  205.92   32.00   2       115.09       115.09
  1442   1442  205.92   34.00   2       115.07       115.09
  1443   1443  205.92   36.00   2       115.09       115.10
  1444   1444  205.92   38.00   2       115.06       115.09
  1473   1473  207.92   46.00   2       115.11       115.11
  1474   1474  207.92   44.00   2       115.08       115.09
  1475   1475  207.92   42.00   2       115.10       115.10
  1476   1476  207.92   40.00   2       115.09       115.10
  1477   1477  207.92   38.00   2       115.08       115.09
  1478   1478  207.92   36.00   2       115.12       115.14
  1479   1479  207.92   34.00   2       115.07       115.10
  1480   1480  207.92   32.00   2       115.24       115.20
  1481   1481  207.92   30.00   2       115.08       115.13
  1482   1482  207.92   28.00   2       115.22       115.20
  1483   1483  207.92   26.00   2       115.14       115.17
  1484   1484  207.92   24.00   2       115.19       115.19
  1485   1485  207.92   22.00   2       115.20       115.22
  1486   1486  207.92   20.00   2       115.22       115.23
  1487   1487  207.92   18.00   2       115.30       115.30
  1488   1488  207.92   16.00   2       115.26       115.31
  1489   1489  207.92   14.00   2       115.70       115.63
  1490   1490  207.92   12.00   2       119.37       119.40
  1491   1491  207.92   10.00   2       130.97       130.97
  1492   1492  207.92    8.00   2       157.00       157.10
  1493   1493  207.92    6.00   2       208.35       208.43
  1494   1494  207.92    4.00   2       285.67       286.79
  1495   1495  207.92    2.00   2       381.86       383.06
  1496   1496  207.92    0.00   2       487.86       489.06
  1497   1497  209.92    0.00   2      1307.20      1308.45
  1498   1498  209.92    2.00   2      1258.44      1258.70
  1499   1499  209.92    4.00   2      1198.57      1198.55
  1500   1500  209.92    6.00   2      1130.42      1130.41
  1501   1501  209.92    8.00   2      1054.18      1054.06
  1502   1502  209.92   10.00   2       965.62       965.30
  1503   1503  209.92   12.00   2       846.22       844.94
  1504   1504  209.92   14.00   2       671.62       668.55
  1505   1505  209.92   16.00   2       491.19       488.52
  1506   1506  209.92   18.00   2       333.46       332.00
  1507   1507  209.92   20.00   2       218.83       217.53
  1508   1508  209.92   22.00   2       150.49       150.25
  1509   1509  209.92   24.00   2       122.64       122.58
  1510   1510  209.92   26.00   2       115.59       115.63
  1511   1511  209.92   28.00   2       115.56       115.50
  1512   1512  209.92   30.00   2       115.30       115.33
  1513   1513  209.92   32.00   2       115.34       115.34
  1514   1514  209.92   34.00   2       115.21       115.26
  1515   1515  209.92   36.00   2       115.24       115.25
  1516   1516  209.92   38.00   2       115.22       115.24
  1517   1517  209.92   40.00   2       115.18       115.20
  1518   1518  209.92   42.00   2       115.22       115.23
  1519   1519  209.92   44.00   2       115.12       115.14
  1520   1520  209.92   46.00   2       115.31       115.26
  1521   1521  209.92   48.00   2       115.11       115.14
  1522   1522  209.92   50.00   2       115.18       115.17
  1523   1523  209.92   52.00   2       115.10       115.12
  1540   1540  211.92   56.00   2       115.06       115.08
  1541   1541  211.92   54.00   2       115.10       115.11
  1542   1542  211.92   52.00   2       115.08       115.10
  1543   1543  211.92   50.00   2       115.10       115.11
  1544   1544  211.92   48.00   2       115.12       115.15
  1545   1545  211.92   46.00   2       115.07       115.10
  1546   1546  211.92   44.00   2       115.28       115.23
  1547   1547  211.92   42.00   2       115.11       115.15
  1548   1548  211.92   40.00   2       115.31       115.27
  1549   1549  211.92   38.00   2       115.19       115.22
  1550   1550  211.92   36.00   2       115.36       115.36
  1551   1551  211.92   34.00   2       115.53       115.55
  1552   1552  211.92   32.00   2       123.35       123.35
  1553   1553  211.92   30.00   2       149.84       149.93
  1554   1554  211.92   28.00   2       212.26       212.56
  1555   1555  211.92   26.00   2       318.23       319.50
  1556   1556  211.92   24.00   2       464.79       467.31
  1557   1557  211.92   22.00   2       643.09       646.08
  1558   1558  211.92   20.00   2       842.29       844.86
  1559   1559  211.92   18.00   2       985.96       987.41
  1560   1560  211.92   16.00   2      1087.59      1087.93
  1561   1561  211.92   14.00   2      1173.54      1173.72
  1562   1562  211.92   12.00   2      1249.66      1249.82
  1563   1563  211.92   10.00   2      1321.44      1321.54
  1564   1564  211.92    8.00   2      1392.40      1392.45
  1565   1565  211.92    6.00   2      1463.31      1463.38
  1566   1566  211.92    4.00   2      1534.82      1534.89
  1567   1567  211.92    2.00   2      1605.31      1605.34
  1568   1568  211.92    0.00   2      1674.54      1674.49
  1569   1569  213.92    0.00   2      1961.80      1961.86
  1570   1570  213.92    2.00   2      1885.35      1885.37
  1571   1571  213.92    4.00   2      1805.40      1805.38
  1572   1572  213.92    6.00   2      1724.28      1724.24
  1573   1573  213.92    8.00   2      1644.25      1644.20
  1574   1574  213.92   10.00   2      1566.62      1566.50
  1575   1575  213.92   12.00   2      1490.87      1490.80
  1576   1576  213.92   14.00   2      1416.37      1416.32
  1577   1577  213.92   16.00   2      1343.03      1342.94
  1578   1578  213.92   18.00   2      1270.18      1270.08
  1579   1579  213.92   20.00   2      1196.53      1196.41
  1580   1580  213.92   22.00   2      1119.29      1119.07
  1581   1581  213.92   24.00   2      1033.83      1033.50
  1582   1582  213.92   26.00   2       930.10       929.75
  1583   1583  213.92   28.00   2       778.57       775.97
  1584   1584  213.92   30.00   2       591.99       588.97
  1585   1585  213.92   32.00   2       423.95       420.16
  1586   1586  213.92   34.00   2       285.97       284.59
  1587   1587  213.92   36.00   2       189.39       188.22
  1588   1588  213.92   38.00   2       138.09       137.95
  1589   1589  213.92   40.00   2       119.07       119.08
  1590   1590  213.92   42.00   2       115.69       115.71
  1591   1591  213.92   44.00   2       115.42       115.46
  1592   1592  213.92   46.00   2       115.56       115.49
  1593   1593  213.92   48.00   2       115.29       115.32
  1594   1594  213.92   50.00   2       115.40       115.36
  1595   1595  213.92   52.00   2       115.22       115.26
  1596   1596  213.92   54.00   2       115.26       115.26
  1597   1597  213.92   56.00   2       115.21       115.23
  1598   1598  213.92   58.00   2       115.23       115.23
  1599   1599  213.92   60.00   2       116.80       115.23
  1604   1604  215.92   64.00   2       114.13       115.17
  1605   1605  215.92   62.00   2       115.22       115.23
  1606   1606  215.92   60.00   2       115.29       115.27
  1607   1607  215.92   58.00   2       112.35       115.19
  1608   1608  215.92   56.00   2       115.25       115.24
  1609   1609  215.92   54.00   2       114.43       114.75
  1610   1610  215.92   52.00   2       115.17       115.19
  1611   1611  215.92   50.00   2       115.32       115.32
  1612   1612  215.92   48.00   2       115.33       115.36
  1613   1613  215.92   46.00   2       116.74       116.70
  1614   1614  215.92   44.00   2       127.30       127.35
  1615   1615  215.92   42.00   2       157.08       157.19
  1616   1616  215.92   40.00   2       220.09       221.41
  1617   1617  215.92   38.00   2       322.12       323.49
  1618   1618  215.92   36.00   2       456.64       459.34
  1619   1619  215.92   34.00   2       623.54       626.50
  1620   1620  215.92   32.00   2       812.04       815.10
  1621   1621  215.92   30.00   2       963.28       964.72
  1622   1622  215.92   28.00   2      1065.77      1066.98
  1623   1623  215.92   26.00   2      1150.53      1150.78
  1624   1624  215.92   24.00   2      1252.44      1227.50
  1625   1625  215.92   22.00   2      1313.98      1301.60
  1626   1626  215.92   20.00   2      1374.89      1374.87
  1627   1627  215.92   18.00   2      1448.43      1448.49
  1628   1628  215.92   16.00   2      1523.50      1523.68
  1629   1629  215.92   14.00   2      1599.60      1601.85
  1630   1630  215.92   12.00   2      1681.57      1683.09
  1631   1631  215.92   10.00   2      1766.81      1766.87
  1632   1632  215.92    8.00   2      1867.28      1853.72
  1633   1633  215.92    6.00   2      1964.12      1943.00
  1634   1634  215.92    4.00   2      2041.94      2033.27
  1635   1635  215.92    2.00   2      2122.07      2122.06
  1636   1636  215.92    0.00   2      2205.00      2205.02
  1637   1637  217.92    0.00   2      2397.19      2397.26
  1638   1638  217.92    2.00   2      2320.64      2320.65
  1639   1639  217.92    4.00   2      2230.55      2230.45
  1640   1640  217.92    6.00   2      2134.64      2134.58
  1641   1641  217.92    8.00   2      2038.13      2038.05
  1642   1642  217.92   10.00   2      1943.30      1943.29
  1643   1643  217.92   12.00   2      1852.00      1851.93
  1644   1644  217.92   14.00   2      1764.55      1764.47
  1645   1645  217.92   16.00   2      1681.19      1681.15
  1646   1646  217.92   18.00   2      1601.78      1601.64
  1647   1647  217.92   20.00   2      1525.05      1524.97
  1648   1648  217.92   22.00   2      1451.19      1451.13
  1649   1649  217.92   24.00   2      1380.21      1380.15
  1650   1650  217.92   26.00   2      1310.02      1309.97
  1651   1651  217.92   28.00   2      1240.57      1240.41
  1652   1652  217.92   30.00   2      1169.27      1169.14
  1653   1653  217.92   32.00   2      1094.58      1094.39
  1654   1654  217.92   34.00   2      1012.19      1011.87
  1655   1655  217.92   36.00   2       909.18       907.93
  1656   1656  217.92   38.00   2       760.43       757.89
  1657   1657  217.92   40.00   2       585.72       582.93
  1658   1658  217.92   42.00   2       428.97       425.70
  1659   1659  217.92   44.00   2       298.52       296.06
  1660   1660  217.92   46.00   2       203.25       201.96
  1661   1661  217.92   48.00   2       147.10       146.93
  1662   1662  217.92   50.00   2       123.16       123.10
  1663   1663  217.92   52.00   2       115.80       115.81
  1664   1664  217.92   54.00   2       115.58       115.58
  1665   1665  217.92   56.00   2       115.46       115.47
  1666   1666  217.92   58.00   2       115.48       115.45
  1667   1667  217.92   60.00   2       115.34       115.36
  1668   1668  217.92   62.00   2       115.33       115.34
  1669   1669  217.92   64.00   2       115.34       115.32
  1670   1670  217.92   66.00   2       115.33       115.32
  1671   1671  219.92   70.00   2       115.33       115.32
  1672   1672  219.92   68.00   2       115.32       115.31
  1673   1673  219.92   66.00   2       115.33       115.32
  1674   1674  219.92   64.00   2       115.33       115.33
  1675   1675  219.92   62.00   2       115.35       115.36
  1676   1676  219.92   60.00   2       115.38       115.37
  1677   1677  219.92   58.00   2       115.44       115.45
  1678   1678  219.92   56.00   2       115.56       115.60
  1679   1679  219.92   54.00   2       122.14       122.14
  1680   1680  219.92   52.00   2       140.86       140.90
  1681   1681  219.92   50.00   2       183.39       183.51
  1682   1682  219.92   48.00   2       257.19       258.49
  1683   1683  219.92   46.00   2       365.19       366.60
  1684   1684  219.92   44.00   2       501.74       504.13
  1685   1685  219.92   42.00   2       663.43       666.39
  1686   1686  219.92   40.00   2       842.55       844.07
  1687   1687  219.92   38.00   2       973.31       973.55
  1688   1688  219.92   36.00   2      1067.14      1067.46
  1689   1689  219.92   34.00   2      1147.17      1147.32
  1690   1690  219.92   32.00   2      1218.78      1218.97
  1691   1691  219.92   30.00   2      1288.76      1288.85
  1692   1692  219.92   28.00   2      1357.48      1357.70
  1693   1693  219.92   26.00   2      1427.75      1427.79
  1694   1694  219.92   24.00   2      1498.63      1498.75
  1695   1695  219.92   22.00   2      1572.50      1572.55
  1696   1696  219.92   20.00   2      1649.52      1649.62
  1697   1697  219.92   18.00   2      1730.24      1730.34
  1698   1698  219.92   16.00   2      1814.92      1815.03
  1699   1699  219.92   14.00   2      1903.77      1903.88
  1700   1700  219.92   12.00   2      1997.27      1997.39
  1701   1701  219.92   10.00   2      2094.67      2094.79
  1702   1702  219.92    8.00   2      2195.48      2195.47
  1703   1703  219.92    6.00   2      2295.87      2295.94
  1704   1704  219.92    4.00   2      2392.75      2392.85
  1705   1705  219.92    2.00   2      2478.34      2478.45
  1706   1706  219.92    0.00   2      2539.53      2539.57
  1707   1707  221.92    0.00   2      2639.53      2639.53
  1708   1708  221.92    2.00   2      2610.01      2609.89
  1709   1709  221.92    4.00   2      2536.13      2536.09
  1710   1710  221.92    6.00   2      2441.73      2441.64
  1711   1711  221.92    8.00   2      2338.46      2338.39
  1712   1712  221.92   10.00   2      2233.05      2232.89
  1713   1713  221.92   12.00   2      2129.46      2129.38
  1714   1714  221.92   14.00   2      2029.66      2029.68
  1715   1715  221.92   16.00   2      1935.44      1935.33
  1716   1716  221.92   18.00   2      1845.31      1845.23
  1717   1717  221.92   20.00   2      1760.68      1760.48
  1718   1718  221.92   22.00   2      1679.95      1679.91
  1719   1719  221.92   24.00   2      1603.68      1603.58
  1720   1720  221.92   26.00   2      1530.56      1530.50
  1721   1721  221.92   28.00   2      1460.57      1460.47
  1722   1722  221.92   30.00   2      1393.08      1393.07
  1723   1723  221.92   32.00   2      1326.98      1326.93
  1724   1724  221.92   34.00   2      1261.54      1261.50
  1725   1725  221.92   36.00   2      1195.62      1195.49
  1726   1726  221.92   38.00   2      1106.00      1127.01
  1727   1727  221.92   40.00   2      1053.68      1053.48
  1728   1728  221.92   42.00   2       968.48       968.08
  1729   1729  221.92   44.00   2       858.19       856.75
  1730   1730  221.92   46.00   2       702.84       700.18
  1731   1731  221.92   48.00   2       542.11       539.37
  1732   1732  221.92   50.00   2       398.62       395.87
  1733   1733  221.92   52.00   2       281.20       279.54
  1734   1734  221.92   54.00   2       196.39       194.86
  1735   1735  221.92   56.00   2       147.26       147.07
  1736   1736  221.92   58.00   2       124.55       124.47
  1737   1737  221.92   60.00   2       116.29       116.24
  1738   1738  221.92   62.00   2       115.87       115.77
  1739   1739  221.92   64.00   2       115.61       115.59
  1740   1740  221.92   66.00   2       115.52       115.48
  1741   1741  221.92   68.00   2       115.46       115.46
  1742   1742  221.92   70.00   2       115.43       115.43
  1743   1743  223.92   70.00   2       115.42       115.43
  1744   1744  223.92   68.00   2       115.46       115.44
  1745   1745  223.92   66.00   2       115.48       115.50
  1746   1746  223.92   64.00   2       115.61       115.63
  1747   1747  223.92   62.00   2       118.65       118.78
  1748   1748  223.92   60.00   2       130.49       130.65
  1749   1749  223.92   58.00   2       158.16       158.29
  1750   1750  223.92   56.00   2       209.90       210.10
  1751   1751  223.92   54.00   2       290.56       291.92
  1752   1752  223.92   52.00   2       398.53       399.84
  1753   1753  223.92   50.00   2       530.12       533.49
  1754   1754  223.92   48.00   2       682.78       688.08
  1755   1755  223.92   46.00   2       848.54       851.49
  1756   1756  223.92   44.00   2       976.28       977.55
  1757   1757  223.92   42.00   2      1065.46      1065.67
  1758   1758  223.92   40.00   2      1141.26      1141.48
  1759   1759  223.92   38.00   2      1210.44      1210.59
  1760   1760  223.92   36.00   2      1276.51      1276.56
  1761   1761  223.92   34.00   2      1342.00      1342.12
  1762   1762  223.92   32.00   2      1408.11      1408.16
  1763   1763  223.92   30.00   2      1475.51      1475.65
  1764   1764  223.92   28.00   2      1545.30      1545.36
  1765   1765  223.92   26.00   2      1617.75      1617.80
  1766   1766  223.92   24.00   2      1693.85      1693.84
  1767   1767  223.92   22.00   2      1737.97      1773.88
  1768   1768  223.92   20.00   2      1858.16      1858.29
  1769   1769  223.92   18.00   2      1947.51      1947.56
  1770   1770  223.92   16.00   2      2041.72      2041.84
  1771   1771  223.92   14.00   2      2141.82      2141.84
  1772   1772  223.92   12.00   2      2246.22      2246.33
  1773   1773  223.92   10.00   2      2354.35      2354.45
  1774   1774  223.92    8.00   2      2462.05      2462.17
  1775   1775  223.92    6.00   2      2564.74      2564.88
  1776   1776  223.92    4.00   2      2653.59      2653.68
  1777   1777  223.92    2.00   2      2711.57      2711.66
  1778   1778  223.92    0.00   2      2703.77      2703.70
  1779   1779  225.92    0.00   2      2729.38      2729.45
  1780   1780  225.92    2.00   2      2789.31      2789.37
  1781   1781  225.92    4.00   2      2756.89      2756.81
  1782   1782  225.92    6.00   2      2676.91      2676.74
  1783   1783  225.92    8.00   2      2575.01      2574.93
  1784   1784  225.92   10.00   2      2464.26      2464.06
  1785   1785  225.92   12.00   2      2351.90      2351.81
  1786   1786  225.92   14.00   2      2241.84      2241.76
  1787   1787  225.92   16.00   2      2136.40      2136.37
  1788   1788  225.92   18.00   2      2036.85      2036.75
  1789   1789  225.92   20.00   2      1902.80      1942.78
  1790   1790  225.92   22.00   2      1854.01      1854.01
  1791   1791  225.92   24.00   2      1770.93      1770.75
  1792   1792  225.92   26.00   2      1692.28      1692.22
  1793   1793  225.92   28.00   2      1617.72      1617.62
  1794   1794  225.92   30.00   2      1547.06      1547.03
  1795   1795  225.92   32.00   2      1479.01      1478.92
  1796   1796  225.92   34.00   2      1413.75      1413.69
  1797   1797  225.92   36.00   2      1349.37      1349.26
  1798   1798  225.92   38.00   2      1287.01      1286.84
  1799   1799  225.92   40.00   2      1224.00      1223.92
  1800   1800  225.92   42.00   2      1161.18      1160.96
  1801   1801  225.92   44.00   2      1095.12      1094.66
  1802   1802  225.92   46.00   2      1021.84      1021.62
  1803   1803  225.92   48.00   2       936.47       934.97
  1804   1804  225.92   50.00   2       821.90       820.06
  1805   1805  225.92   52.00   2       671.34       666.29
  1806   1806  225.92   54.00   2       521.36       518.95
  1807   1807  225.92   56.00   2       392.22       388.58
  1808   1808  225.92   58.00   2       284.52       281.27
  1809   1809  225.92   60.00   2       202.67       201.16
  1810   1810  225.92   62.00   2       152.83       152.43
  1811   1811  225.92   64.00   2       127.92       127.72
  1812   1812  225.92   66.00   2       117.69       117.61
  1813   1813  225.92   68.00   2       116.03       115.94
  1814   1814  225.92   70.00   2       115.70       115.65
  1815   1815  227.92   70.00   2       115.70       115.74
  1816   1816  227.92   68.00   2       117.32       117.56
  1817   1817  227.92   66.00   2       126.80       126.85
  1818   1818  227.92   64.00   2       146.75       146.78
  1819   1819  227.92   62.00   2       185.01       185.36
  1820   1820  227.92   60.00   2       247.59       248.88
  1821   1821  227.92   58.00   2       335.98       338.35
  1822   1822  227.92   56.00   2       447.17       448.95
  1823   1823  227.92   54.00   2       578.66       584.19
  1824   1824  227.92   52.00   2       732.84       735.74
  1825   1825  227.92   50.00   2       882.31       886.56
  1826   1826  227.92   48.00   2       990.32       991.53
  1827   1827  227.92   46.00   2      1072.90      1074.09
  1828   1828  227.92   44.00   2      1144.14      1145.51
  1829   1829  227.92   42.00   2      1210.70      1210.91
  1830   1830  227.92   40.00   2      1274.81      1275.07
  1831   1831  227.92   38.00   2      1338.08      1338.20
  1832   1832  227.92   36.00   2      1402.00      1402.08
  1833   1833  227.92   34.00   2      1467.23      1467.30
  1834   1834  227.92   32.00   2      1534.08      1534.19
  1835   1835  227.92   30.00   2      1603.40      1603.68
  1836   1836  227.92   28.00   2      1677.61      1677.67
  1837   1837  227.92   26.00   2      1754.72      1754.77
  1838   1838  227.92   24.00   2      1836.87      1836.90
  1839   1839  227.92   22.00   2      1923.27      1923.38
  1840   1840  227.92   20.00   2      2015.33      2015.36
  1841   1841  227.92   18.00   2      2113.09      2113.18
  1842   1842  227.92   16.00   2      2217.11      2217.22
  1843   1843  227.92   14.00   2      2281.42      2327.12
  1844   1844  227.92   12.00   2      2441.08      2441.18
  1845   1845  227.92   10.00   2      2557.46      2557.54
  1846   1846  227.92    8.00   2      2669.80      2669.94
  1847   1847  227.92    6.00   2      2769.10      2769.23
  1848   1848  227.92    4.00   2      2838.96      2839.07
  1849   1849  227.92    2.00   2      2846.50      2846.51
  1850   1850  227.92    0.00   2      2731.27      2731.16
  1851   1851  229.92    0.00   2      2706.24      2706.23
  1852   1852  229.92    2.00   2      2877.75      2877.93
  1853   1853  229.92    4.00   2      2901.61      2901.66
  1854   1854  229.92    6.00   2      2844.35      2844.35
  1855   1855  229.92    8.00   2      2748.36      2748.24
  1856   1856  229.92   10.00   2      2633.63      2633.53
  1857   1857  229.92   12.00   2      2514.50      2514.40
  1858   1858  229.92   14.00   2      2396.00      2395.83
  1859   1859  229.92   16.00   2      2281.67      2281.59
  1860   1860  229.92   18.00   2      2174.06      2173.84
  1861   1861  229.92   20.00   2      2073.56      2072.32
  1862   1862  229.92   22.00   2      1977.55      1977.44
  1863   1863  229.92   24.00   2      1888.89      1888.57
  1864   1864  229.92   26.00   2      1804.80      1804.75
  1865   1865  229.92   28.00   2      1726.49      1726.29
  1866   1866  229.92   30.00   2      1651.97      1651.88
  1867   1867  229.92   32.00   2      1581.61      1581.49
  1868   1868  229.92   34.00   2      1514.51      1514.16
  1869   1869  229.92   36.00   2      1449.55      1449.48
  1870   1870  229.92   38.00   2      1387.44      1387.16
  1871   1871  229.92   40.00   2      1326.09      1325.95
  1872   1872  229.92   42.00   2      1265.66      1265.43
  1873   1873  229.92   44.00   2      1205.11      1204.92
  1874   1874  229.92   46.00   2      1143.31      1143.02
  1875   1875  229.92   48.00   2      1077.56      1077.38
  1876   1876  229.92   50.00   2      1005.91      1004.59
  1877   1877  229.92   52.00   2       920.80       919.48
  1878   1878  229.92   54.00   2       806.14       803.16
  1879   1879  229.92   56.00   2       657.98       654.09
  1880   1880  229.92   58.00   2       516.25       512.87
  1881   1881  229.92   60.00   2       393.41       388.61
  1882   1882  229.92   62.00   2       288.00       285.59
  1883   1883  229.92   64.00   2       210.34       208.96
  1884   1884  229.92   66.00   2       158.86       157.60
  1885   1885  229.92   68.00   2       131.33       131.09
  1886   1886  229.92   70.00   2       119.64       119.42
  1887   1887  231.92   70.00   2       125.59       125.56
  1888   1888  231.92   68.00   2       142.19       142.21
  1889   1889  231.92   66.00   2       174.46       174.60
  1890   1890  231.92   64.00   2       227.68       228.07
  1891   1891  231.92   62.00   2       303.42       304.73
  1892   1892  231.92   60.00   2       401.79       404.38
  1893   1893  231.92   58.00   2       520.53       523.26
  1894   1894  231.92   56.00   2       659.31       662.50
  1895   1895  231.92   54.00   2       810.66       813.53
  1896   1896  231.92   52.00   2       935.71       938.15
  1897   1897  231.92   50.00   2      1026.06      1026.30
  1898   1898  231.92   48.00   2      1100.28      1101.52
  1899   1899  231.92   46.00   2      1167.13      1167.45
  1900   1900  231.92   44.00   2      1230.65      1230.80
  1901   1901  231.92   42.00   2      1291.79      1291.96
  1902   1902  231.92   40.00   2      1353.60      1353.66
  1903   1903  231.92   38.00   2      1415.25      1415.34
  1904   1904  231.92   36.00   2      1478.90      1479.22
  1905   1905  231.92   34.00   2      1545.41      1545.49
  1906   1906  231.92   32.00   2      1613.74      1613.92
  1907   1907  231.92   30.00   2      1685.94      1686.03
  1908   1908  231.92   28.00   2      1761.70      1761.83
  1909   1909  231.92   26.00   2      1842.31      1842.41
  1910   1910  231.92   24.00   2      1927.61      1927.74
  1911   1911  231.92   22.00   2      2017.90      2018.99
  1912   1912  231.92   20.00   2      2115.96      2116.04
  1913   1913  231.92   18.00   2      2219.01      2219.37
  1914   1914  231.92   16.00   2      2330.08      2330.21
  1915   1915  231.92   14.00   2      2446.03      2446.24
  1916   1916  231.92   12.00   2      2566.73      2566.89
  1917   1917  231.92   10.00   2      2687.62      2687.81
  1918   1918  231.92    8.00   2      2801.48      2801.60
  1919   1919  231.92    6.00   2      2894.78      2894.99
  1920   1920  231.92    4.00   2      2942.29      2942.44
  1921   1921  231.92    2.00   2      2894.24      2894.21
  1922   1922  231.92    0.00   2      2672.71      2672.49
  1923   1923  233.92    0.00   2      2631.73      2631.60
  1924   1924  233.92    2.00   2      2892.08      2892.22
  1925   1925  233.92    4.00   2      2966.26      2966.50
  1926   1926  233.92    6.00   2      2933.72      2933.61
  1927   1927  233.92    8.00   2      2845.61      2845.57
  1928   1928  233.92   10.00   2      2733.34      2732.97
  1929   1929  233.92   12.00   2      2610.91      2610.73
  1930   1930  233.92   14.00   2      2488.18      2487.93
  1931   1931  233.92   16.00   2      2368.79      2368.65
  1932   1932  233.92   18.00   2      2255.80      2255.59
  1933   1933  233.92   20.00   2      2149.65      2149.34
  1934   1934  233.92   22.00   2      2049.62      2049.54
  1935   1935  233.92   24.00   2      1957.18      1956.90
  1936   1936  233.92   26.00   2      1870.10      1870.05
  1937   1937  233.92   28.00   2      1788.66      1788.51
  1938   1938  233.92   30.00   2      1711.66      1711.64
  1939   1939  233.92   32.00   2      1639.58      1639.45
  1940   1940  233.92   34.00   2      1570.82      1570.57
  1941   1941  233.92   36.00   2      1504.92      1504.82
  1942   1942  233.92   38.00   2      1441.91      1441.70
  1943   1943  233.92   40.00   2      1380.93      1380.82
  1944   1944  233.92   42.00   2      1321.13      1321.05
  1945   1945  233.92   44.00   2      1262.33      1261.99
  1946   1946  233.92   46.00   2      1202.63      1202.55
  1947   1947  233.92   48.00   2      1142.55      1142.16
  1948   1948  233.92   50.00   2      1078.56      1078.38
  1949   1949  233.92   52.00   2      1008.39      1006.73
  1950   1950  233.92   54.00   2       925.98       924.78
  1951   1951  233.92   56.00   2       817.09       814.01
  1952   1952  233.92   58.00   2       672.77       669.20
  1953   1953  233.92   60.00   2       535.81       532.52
  1954   1954  233.92   62.00   2       413.44       409.25
  1955   1955  233.92   64.00   2       306.56       303.82
  1956   1956  233.92   66.00   2       225.40       223.90
  1957   1957  233.92   68.00   2       169.62       168.38
  1958   1958  233.92   70.00   2       137.91       136.71
  1959   1959  235.92   70.00   2       141.86       141.88
  1960   1960  235.92   68.00   2       171.84       171.88
  1961   1961  235.92   66.00   2       221.13       221.32
  1962   1962  235.92   64.00   2       291.28       292.69
  1963   1963  235.92   62.00   2       384.35       386.07
  1964   1964  235.92   60.00   2       494.41       496.53
  1965   1965  235.92   58.00   2       624.23       627.86
  1966   1966  235.92   56.00   2       769.91       773.80
  1967   1967  235.92   54.00   2       903.00       905.78
  1968   1968  235.92   52.00   2       998.97      1001.09
  1969   1969  235.92   50.00   2      1076.05      1077.28
  1970   1970  235.92   48.00   2      1143.79      1144.02
  1971   1971  235.92   46.00   2      1207.07      1207.26
  1972   1972  235.92   44.00   2      1267.31      1267.61
  1973   1973  235.92   42.00   2      1328.12      1328.31
  1974   1974  235.92   40.00   2      1388.51      1388.76
  1975   1975  235.92   38.00   2      1450.61      1450.67
  1976   1976  235.92   36.00   2      1513.75      1513.92
  1977   1977  235.92   34.00   2      1580.26      1580.36
  1978   1978  235.92   32.00   2      1649.14      1649.26
  1979   1979  235.92   30.00   2      1722.11      1722.19
  1980   1980  235.92   28.00   2      1799.22      1799.33
  1981   1981  235.92   26.00   2      1880.27      1880.62
  1982   1982  235.92   24.00   2      1967.96      1968.04
  1983   1983  235.92   22.00   2      2060.87      2061.18
  1984   1984  235.92   20.00   2      2161.23      2161.33
  1985   1985  235.92   18.00   2      2267.87      2268.04
  1986   1986  235.92   16.00   2      2381.81      2382.01
  1987   1987  235.92   14.00   2      2501.93      2502.13
  1988   1988  235.92   12.00   2      2626.40      2626.59
  1989   1989  235.92   10.00   2      2750.14      2750.35
  1990   1990  235.92    8.00   2      2863.82      2864.24
  1991   1991  235.92    6.00   2      2952.57      2952.72
  1992   1992  235.92    4.00   2      2984.11      2983.89
  1993   1993  235.92    2.00   2      2898.45      2898.35
  1994   1994  235.92    0.00   2      2610.82      2609.61
  1995   1995  237.92    0.00   2      2597.60      2597.45
  1996   1996  237.92    2.00   2      2888.81      2889.02
  1997   1997  237.92    4.00   2      2978.56      2979.54
  1998   1998  237.92    6.00   2      2952.07      2951.98
  1999   1999  237.92    8.00   2      2866.14      2866.04
  2000   2000  237.92   10.00   2      2752.87      2752.66
  2001   2001  237.92   12.00   2      2629.07      2628.90
  2002   2002  237.92   14.00   2      2504.64      2504.48
  2003   2003  237.92   16.00   2      2384.38      2384.03
  2004   2004  237.92   18.00   2      2269.81      2269.66
  2005   2005  237.92   20.00   2      2163.04      2162.80
  2006   2006  237.92   22.00   2      2062.97      2062.82
  2007   2007  237.92   24.00   2      1970.00      1969.82
  2008   2008  237.92   26.00   2      1883.42      1883.01
  2009   2009  237.92   28.00   2      1801.03      1800.91
  2010   2010  237.92   30.00   2      1724.88      1724.63
  2011   2011  237.92   32.00   2      1652.20      1652.11
  2012   2012  237.92   34.00   2      1583.58      1583.41
  2013   2013  237.92   36.00   2      1518.06      1518.00
  2014   2014  237.92   38.00   2      1455.43      1455.30
  2015   2015  237.92   40.00   2      1395.38      1395.05
  2016   2016  237.92   42.00   2      1335.45      1335.33
  2017   2017  237.92   44.00   2      1277.64      1277.34
  2018   2018  237.92   46.00   2      1219.05      1218.91
  2019   2019  237.92   48.00   2      1159.51      1159.22
  2020   2020  237.92   50.00   2      1097.43      1097.34
  2021   2021  237.92   52.00   2      1031.02      1029.63
  2022   2022  237.92   54.00   2       954.54       953.11
  2023   2023  237.92   56.00   2       857.90       856.63
  2024   2024  237.92   58.00   2       726.60       722.96
  2025   2025  237.92   60.00   2       586.96       583.08
  2026   2026  237.92   62.00   2       459.69       454.86
  2027   2027  237.92   64.00   2       347.17       345.37
  2028   2028  237.92   66.00   2       256.41       253.93
  2029   2029  237.92   68.00   2       189.74       188.33
  2030   2030  237.92   70.00   2       148.13       147.88
  2031   2031  239.92   70.00   2       143.46       143.19
  2032   2032  239.92   68.00   2       172.88       172.86
  2033   2033  239.92   66.00   2       222.57       222.70
  2034   2034  239.92   64.00   2       292.83       294.33
  2035   2035  239.92   62.00   2       384.16       386.54
  2036   2036  239.92   60.00   2       495.22       498.32
  2037   2037  239.92   58.00   2       624.88       627.98
  2038   2038  239.92   56.00   2       768.78       771.69
  2039   2039  239.92   54.00   2       901.84       903.75
  2040   2040  239.92   52.00   2       996.65       997.91
  2041   2041  239.92   50.00   2      1072.96      1074.18
  2042   2042  239.92   48.00   2      1140.03      1140.39
  2043   2043  239.92   46.00   2      1202.96      1203.17
  2044   2044  239.92   44.00   2      1263.18      1263.45
  2045   2045  239.92   42.00   2      1323.25      1323.38
  2046   2046  239.92   40.00   2      1383.32      1383.52
  2047   2047  239.92   38.00   2      1444.90      1445.01
  2048   2048  239.92   36.00   2      1507.48      1507.61
  2049   2049  239.92   34.00   2      1572.64      1572.87
  2050   2050  239.92   32.00   2      1641.82      1641.96
  2051   2051  239.92   30.00   2      1713.33      1713.59
  2052   2052  239.92   28.00   2      1789.91      1789.98
  2053   2053  239.92   26.00   2      1870.49      1870.61
  2054   2054  239.92   24.00   2      1956.57      1956.67
  2055   2055  239.92   22.00   2      2048.51      2048.66
  2056   2056  239.92   20.00   2      2147.38      2147.50
  2057   2057  239.92   18.00   2      2252.81      2253.00
  2058   2058  239.92   16.00   2      2365.28      2365.62
  2059   2059  239.92   14.00   2      2484.88      2485.03
  2060   2060  239.92   12.00   2      2609.08      2609.41
  2061   2061  239.92   10.00   2      2733.43      2733.60
  2062   2062  239.92    8.00   2      2848.53      2848.75
  2063   2063  239.92    6.00   2      2938.72      2938.85
  2064   2064  239.92    4.00   2      2973.00      2972.88
  2065   2065  239.92    2.00   2      2892.30      2892.25
  2066   2066  239.92    0.00   2      2610.37      2610.08
  2067   2067  241.92    0.00   2      2637.65      2637.70
  2068   2068  241.92    2.00   2      2891.21      2891.57
  2069   2069  241.92    4.00   2      2956.41      2956.42
  2070   2070  241.92    6.00   2      2916.31      2916.21
  2071   2071  241.92    8.00   2      2824.89      2824.44
  2072   2072  241.92   10.00   2      2708.08      2707.97
  2073   2073  241.92   12.00   2      2584.08      2583.70
  2074   2074  241.92   14.00   2      2459.99      2459.87
  2075   2075  241.92   16.00   2      2341.69      2341.42
  2076   2076  241.92   18.00   2      2229.68      2229.48
  2077   2077  241.92   20.00   2      2125.22      2124.99
  2078   2078  241.92   22.00   2      2028.17      2027.85
  2079   2079  241.92   24.00   2      1936.72      1936.55
  2080   2080  241.92   26.00   2      1852.18      1851.87
  2081   2081  241.92   28.00   2      1771.85      1771.74
  2082   2082  241.92   30.00   2      1697.07      1696.86
  2083   2083  241.92   32.00   2      1625.96      1625.87
  2084   2084  241.92   34.00   2      1558.52      1558.34
  2085   2085  241.92   36.00   2      1494.71      1494.38
  2086   2086  241.92   38.00   2      1432.34      1432.16
  2087   2087  241.92   40.00   2      1372.77      1372.47
  2088   2088  241.92   42.00   2      1313.54      1313.40
  2089   2089  241.92   44.00   2      1255.62      1255.37
  2090   2090  241.92   46.00   2      1197.19      1197.00
  2091   2091  241.92   48.00   2      1136.94      1136.67
  2092   2092  241.92   50.00   2      1073.34      1073.22
  2093   2093  241.92   52.00   2      1004.46      1003.10
  2094   2094  241.92   54.00   2       922.12       920.75
  2095   2095  241.92   56.00   2       813.83       812.49
  2096   2096  241.92   58.00   2       674.58       670.01
  2097   2097  241.92   60.00   2       538.46       534.24
  2098   2098  241.92   62.00   2       415.24       411.16
  2099   2099  241.92   64.00   2       311.67       310.00
  2100   2100  241.92   66.00   2       227.77       226.31
  2101   2101  241.92   68.00   2       171.29       169.86
  2102   2102  241.92   70.00   2       138.18       137.85
  2103   2103  243.92   70.00   2       127.73       127.46
  2104   2104  243.92   68.00   2       144.89       144.83
  2105   2105  243.92   66.00   2       178.31       178.52
  2106   2106  243.92   64.00   2       233.43       233.80
  2107   2107  243.92   62.00   2       310.25       311.47
  2108   2108  243.92   60.00   2       409.08       410.45
  2109   2109  243.92   58.00   2       525.37       529.09
  2110   2110  243.92   56.00   2       659.85       662.99
  2111   2111  243.92   54.00   2       806.73       811.33
  2112   2112  243.92   52.00   2       931.05       932.55
  2113   2113  243.92   50.00   2      1019.53      1020.75
  2114   2114  243.92   48.00   2      1093.40      1093.60
  2115   2115  243.92   46.00   2      1159.03      1159.24
  2116   2116  243.92   44.00   2      1221.12      1221.35
  2117   2117  243.92   42.00   2      1281.65      1281.82
  2118   2118  243.92   40.00   2      1342.14      1342.21
  2119   2119  243.92   38.00   2      1401.71      1402.78
  2120   2120  243.92   36.00   2      1464.60      1464.81
  2121   2121  243.92   34.00   2      1528.80      1529.01
  2122   2122  243.92   32.00   2      1596.07      1596.18
  2123   2123  243.92   30.00   2      1665.90      1666.05
  2124   2124  243.92   28.00   2      1740.19      1740.24
  2125   2125  243.92   26.00   2      1818.28      1818.47
  2126   2126  243.92   24.00   2      1901.50      1901.62
  2127   2127  243.92   22.00   2      1990.57      1990.75
  2128   2128  243.92   20.00   2      2085.31      2085.64
  2129   2129  243.92   18.00   2      2187.89      2187.98
  2130   2130  243.92   16.00   2      2296.70      2297.07
  2131   2131  243.92   14.00   2      2413.19      2413.36
  2132   2132  243.92   12.00   2      2534.54      2534.80
  2133   2133  243.92   10.00   2      2658.20      2658.31
  2134   2134  243.92    8.00   2      2776.01      2776.22
  2135   2135  243.92    6.00   2      2875.51      2875.95
  2136   2136  243.92    4.00   2      2930.84      2931.06
  2137   2137  243.92    2.00   2      2894.38      2894.13
  2138   2138  243.92    0.00   2      2682.85      2682.61
  2139   2139  245.92    0.00   2      2722.08      2722.13
  2140   2140  245.92    2.00   2      2877.28      2877.43
  2141   2141  245.92    4.00   2      2889.43      2889.31
  2142   2142  245.92    6.00   2      2822.17      2822.10
  2143   2143  245.92    8.00   2      2718.34      2717.96
  2144   2144  245.92   10.00   2      2598.98      2598.83
  2145   2145  245.92   12.00   2      2477.09      2476.79
  2146   2146  245.92   14.00   2      2358.13      2357.98
  2147   2147  245.92   16.00   2      2245.14      2244.90
  2148   2148  245.92   18.00   2      2138.68      2138.57
  2149   2149  245.92   20.00   2      2039.11      2039.04
  2150   2150  245.92   22.00   2      1946.57      1946.28
  2151   2151  245.92   24.00   2      1859.31      1859.20
  2152   2152  245.92   26.00   2      1778.28      1778.03
  2153   2153  245.92   28.00   2      1701.77      1701.65
  2154   2154  245.92   30.00   2      1629.90      1629.67
  2155   2155  245.92   32.00   2      1561.97      1561.66
  2156   2156  245.92   34.00   2      1496.03      1495.93
  2157   2157  245.92   36.00   2      1433.70      1433.38
  2158   2158  245.92   38.00   2      1372.48      1372.38
  2159   2159  245.92   40.00   2      1312.85      1312.61
  2160   2160  245.92   42.00   2      1253.69      1253.61
  2161   2161  245.92   44.00   2      1194.92      1194.69
  2162   2162  245.92   46.00   2      1133.77      1133.66
  2163   2163  245.92   48.00   2      1069.60      1069.22
  2164   2164  245.92   50.00   2       998.04       997.80
  2165   2165  245.92   52.00   2       913.75       912.31
  2166   2166  245.92   54.00   2       798.86       795.26
  2167   2167  245.92   56.00   2       654.83       651.96
  2168   2168  245.92   58.00   2       519.54       514.44
  2169   2169  245.92   60.00   2       395.49       392.34
  2170   2170  245.92   62.00   2       292.24       289.72
  2171   2171  245.92   64.00   2       213.83       212.48
  2172   2172  245.92   66.00   2       160.34       158.91
  2173   2173  245.92   68.00   2       131.71       131.50
  2174   2174  245.92   70.00   2       119.25       119.21
  2175   2175  247.92   70.00   2       115.97       115.93
  2176   2176  247.92   68.00   2       117.80       118.04
  2177   2177  247.92   66.00   2       128.27       128.27
  2178   2178  247.92   64.00   2       149.98       150.02
  2179   2179  247.92   62.00   2       190.40       190.60
  2180   2180  247.92   60.00   2       254.46       255.65
  2181   2181  247.92   58.00   2       342.57       343.91
  2182   2182  247.92   56.00   2       452.38       453.76
  2183   2183  247.92   54.00   2       580.82       585.01
  2184   2184  247.92   52.00   2       727.99       730.65
  2185   2185  247.92   50.00   2       873.31       876.69
  2186   2186  247.92   48.00   2       980.15       981.63
  2187   2187  247.92   46.00   2      1061.56      1062.81
  2188   2188  247.92   44.00   2      1132.13      1132.40
  2189   2189  247.92   42.00   2      1197.48      1197.57
  2190   2190  247.92   40.00   2      1259.75      1259.91
  2191   2191  247.92   38.00   2      1320.61      1320.97
  2192   2192  247.92   36.00   2      1382.93      1383.01
  2193   2193  247.92   34.00   2      1445.52      1445.70
  2194   2194  247.92   32.00   2      1510.75      1510.78
  2195   2195  247.92   30.00   2      1578.09      1578.17
  2196   2196  247.92   28.00   2      1648.76      1648.83
  2197   2197  247.92   26.00   2      1722.97      1723.01
  2198   2198  247.92   24.00   2      1800.89      1801.13
  2199   2199  247.92   22.00   2      1885.16      1885.27
  2200   2200  247.92   20.00   2      1974.19      1974.45
  2201   2201  247.92   18.00   2      2070.28      2070.39
  2202   2202  247.92   16.00   2      2172.14      2172.31
  2203   2203  247.92   14.00   2      2281.28      2281.34
  2204   2204  247.92   12.00   2      2395.94      2396.08
  2205   2205  247.92   10.00   2      2515.03      2515.18
  2206   2206  247.92    8.00   2      2634.27      2634.46
  2207   2207  247.92    6.00   2      2743.70      2744.07
  2208   2208  247.92    4.00   2      2827.10      2827.20
  2209   2209  247.92    2.00   2      2851.66      2851.44
  2210   2210  247.92    0.00   2      2754.71      2754.61
  2211   2211  249.92    0.00   2      2761.35      2761.26
  2212   2212  249.92    2.00   2      2799.50      2799.42
  2213   2213  249.92    4.00   2      2748.19      2747.96
  2214   2214  249.92    6.00   2      2652.96      2652.89
  2215   2215  249.92    8.00   2      2539.62      2539.32
  2216   2216  249.92   10.00   2      2421.14      2420.96
  2217   2217  249.92   12.00   2      2305.95      2305.69
  2218   2218  249.92   14.00   2      2195.14      2195.04
  2219   2219  249.92   16.00   2      2090.80      2090.64
  2220   2220  249.92   18.00   2      1993.45      1993.10
  2221   2221  249.92   20.00   2      1901.58      1901.40
  2222   2222  249.92   22.00   2      1815.98      1815.72
  2223   2223  249.92   24.00   2      1735.38      1735.30
  2224   2224  249.92   26.00   2      1659.89      1659.67
  2225   2225  249.92   28.00   2      1588.43      1588.09
  2226   2226  249.92   30.00   2      1519.76      1519.64
  2227   2227  249.92   32.00   2      1454.81      1454.52
  2228   2228  249.92   34.00   2      1391.23      1391.13
  2229   2229  249.92   36.00   2      1329.83      1329.66
  2230   2230  249.92   38.00   2      1268.80      1268.67
  2231   2231  249.92   40.00   2      1208.56      1208.32
  2232   2232  249.92   42.00   2      1146.98      1146.59
  2233   2233  249.92   44.00   2      1080.94      1080.69
  2234   2234  249.92   46.00   2      1008.47      1008.14
  2235   2235  249.92   48.00   2       923.44       922.12
  2236   2236  249.92   50.00   2       809.27       804.43
  2237   2237  249.92   52.00   2       658.49       654.84
  2238   2238  249.92   54.00   2       517.51       513.62
  2239   2239  249.92   56.00   2       390.23       387.07
  2240   2240  249.92   58.00   2       284.68       281.89
  2241   2241  249.92   60.00   2       204.97       203.59
  2242   2242  249.92   62.00   2       153.81       153.56
  2243   2243  249.92   64.00   2       128.03       127.90
  2244   2244  249.92   66.00   2       118.12       117.91
  2245   2245  249.92   68.00   2       115.95       115.86
  2246   2246  249.92   70.00   2       115.70       115.67
  2247   2247  251.92   70.00   2       115.54       115.53
  2248   2248  251.92   68.00   2       115.52       115.53
  2249   2249  251.92   66.00   2       115.57       115.57
  2250   2250  251.92   64.00   2       115.67       115.70
  2251   2251  251.92   62.00   2       119.24       119.32
  2252   2252  251.92   60.00   2       131.71       131.80
  2253   2253  251.92   58.00   2       159.95       160.04
  2254   2254  251.92   56.00   2       211.47       211.53
  2255   2255  251.92   54.00   2       288.34       289.79
  2256   2256  251.92   52.00   2       390.71       393.39
  2257   2257  251.92   50.00   2       517.16       519.87
  2258   2258  251.92   48.00   2       661.36       666.09
  2259   2259  251.92   46.00   2       821.30       823.98
  2260   2260  251.92   44.00   2       948.75       950.38
  2261   2261  251.92   42.00   2      1039.99      1041.12
  2262   2262  251.92   40.00   2      1115.58      1115.83
  2263   2263  251.92   38.00   2      1183.90      1184.25
  2264   2264  251.92   36.00   2      1249.50      1249.63
  2265   2265  251.92   34.00   2      1313.26      1313.45
  2266   2266  251.92   32.00   2      1377.43      1377.53
  2267   2267  251.92   30.00   2      1442.52      1442.62
  2268   2268  251.92   28.00   2      1508.93      1509.24
  2269   2269  251.92   26.00   2      1579.15      1579.25
  2270   2270  251.92   24.00   2      1652.00      1652.20
  2271   2271  251.92   22.00   2      1729.28      1729.38
  2272   2272  251.92   20.00   2      1810.55      1810.69
  2273   2273  251.92   18.00   2      1897.22      1897.28
  2274   2274  251.92   16.00   2      1989.46      1989.60
  2275   2275  251.92   14.00   2      2088.18      2088.23
  2276   2276  251.92   12.00   2      2192.56      2192.78
  2277   2277  251.92   10.00   2      2302.87      2303.24
  2278   2278  251.92    8.00   2      2418.32      2418.46
  2279   2279  251.92    6.00   2      2533.14      2533.45
  2280   2280  251.92    4.00   2      2639.07      2639.26
  2281   2281  251.92    2.00   2      2716.80      2716.97
  2282   2282  251.92    0.00   2      2733.37      2733.36
  2283   2283  253.92    0.00   2      2661.51      2661.27
  2284   2284  253.92    2.00   2      2603.73      2603.62
  2285   2285  253.92    4.00   2      2508.47      2508.20
  2286   2286  253.92    6.00   2      2397.45      2397.24
  2287   2287  253.92    8.00   2      2284.63      2284.40
  2288   2288  253.92   10.00   2      2174.21      2174.04
  2289   2289  253.92   12.00   2      2069.39      2069.26
  2290   2290  253.92   14.00   2      1971.28      1970.86
  2291   2291  253.92   16.00   2      1878.16      1877.99
  2292   2292  253.92   18.00   2      1791.71      1791.45
  2293   2293  253.92   20.00   2      1709.58      1709.49
  2294   2294  253.92   22.00   2      1632.63      1632.38
  2295   2295  253.92   24.00   2      1559.33      1559.26
  2296   2296  253.92   26.00   2      1489.77      1489.62
  2297   2297  253.92   28.00   2      1423.29      1422.98
  2298   2298  253.92   30.00   2      1358.02      1357.95
  2299   2299  253.92   32.00   2      1294.89      1294.61
  2300   2300  253.92   34.00   2      1231.39      1231.24
  2301   2301  253.92   36.00   2      1167.45      1167.19
  2302   2302  253.92   38.00   2      1100.18      1100.01
  2303   2303  253.92   40.00   2      1027.11      1026.81
  2304   2304  253.92   42.00   2       942.41       940.83
  2305   2305  253.92   44.00   2       827.94       826.29
  2306   2306  253.92   46.00   2       676.46       672.45
  2307   2307  253.92   48.00   2       524.46       521.27
  2308   2308  253.92   50.00   2       391.72       388.52
  2309   2309  253.92   52.00   2       281.04       279.41
  2310   2310  253.92   54.00   2       199.58       198.04
  2311   2311  253.92   56.00   2       148.99       148.56
  2312   2312  253.92   58.00   2       125.44       125.20
  2313   2313  253.92   60.00   2       117.07       116.73
  2314   2314  253.92   62.00   2       115.91       115.84
  2315   2315  253.92   64.00   2       115.63       115.60
  2316   2316  253.92   66.00   2       115.53       115.52
  2317   2317  253.92   68.00   2       115.49       115.46
  2318   2318  255.92   66.00   2       115.45       115.45
  2319   2319  255.92   64.00   2       115.41       115.41
  2320   2320  255.92   62.00   2       115.42       115.42
  2321   2321  255.92   60.00   2       115.45       115.47
  2322   2322  255.92   58.00   2       115.50       115.50
  2323   2323  255.92   56.00   2       115.63       115.68
  2324   2324  255.92   54.00   2       120.96       121.05
  2325   2325  255.92   52.00   2       137.37       137.44
  2326   2326  255.92   50.00   2       174.28       174.50
  2327   2327  255.92   48.00   2       238.73       239.03
  2328   2328  255.92   46.00   2       331.89       333.07
  2329   2329  255.92   44.00   2       450.39       454.70
  2330   2330  255.92   42.00   2       595.30       598.25
  2331   2331  255.92   40.00   2       757.77       762.56
  2332   2332  255.92   38.00   2       911.18       912.78
  2333   2333  255.92   36.00   2      1015.34      1016.67
  2334   2334  255.92   34.00   2      1098.04      1099.24
  2335   2335  255.92   32.00   2      1172.36      1172.60
  2336   2336  255.92   30.00   2      1240.68      1240.99
  2337   2337  255.92   28.00   2      1307.95      1308.00
  2338   2338  255.92   26.00   2      1374.89      1375.01
  2339   2339  255.92   24.00   2      1442.48      1443.53
  2340   2340  255.92   22.00   2      1513.49      1513.64
  2341   2341  255.92   20.00   2      1586.19      1586.46
  2342   2342  255.92   18.00   2      1663.31      1663.41
  2343   2343  255.92   16.00   2      1744.05      1744.27
  2344   2344  255.92   14.00   2      1830.47      1830.56
  2345   2345  255.92   12.00   2      1921.24      1921.47
  2346   2346  255.92   10.00   2      2018.46      2018.58
  2347   2347  255.92    8.00   2      2121.21      2121.31
  2348   2348  255.92    6.00   2      2228.31      2229.66
  2349   2349  255.92    4.00   2      2338.87      2338.98
  2350   2350  255.92    2.00   2      2443.45      2443.74
  2351   2351  255.92    0.00   2      2529.98      2530.04
  2352   2352  257.92    0.00   2      2347.51      2347.37
  2353   2353  257.92    2.00   2      2249.27      2249.08
  2354   2354  257.92    4.00   2      2145.15      2144.77
  2355   2355  257.92    6.00   2      2040.74      2040.59
  2356   2356  257.92    8.00   2      1941.39      1941.17
  2357   2357  257.92   10.00   2      1847.29      1847.14
  2358   2358  257.92   12.00   2      1759.27      1759.02
  2359   2359  257.92   14.00   2      1675.53      1675.40
  2360   2360  257.92   16.00   2      1596.96      1596.78
  2361   2361  257.92   18.00   2      1522.58      1522.30
  2362   2362  257.92   20.00   2      1450.63      1450.48
  2363   2363  257.92   22.00   2      1381.98      1381.71
  2364   2364  257.92   24.00   2      1314.20      1314.04
  2365   2365  257.92   26.00   2      1247.70      1247.42
  2366   2366  257.92   28.00   2      1180.35      1180.22
  2367   2367  257.92   30.00   2      1111.03      1110.66
  2368   2368  257.92   32.00   2      1035.64      1034.40
  2369   2369  257.92   34.00   2       946.76       945.25
  2370   2370  257.92   36.00   2       829.51       825.37
  2371   2371  257.92   38.00   2       668.43       664.19
  2372   2372  257.92   40.00   2       512.37       508.22
  2373   2373  257.92   42.00   2       374.34       371.36
  2374   2374  257.92   44.00   2       262.79       259.99
  2375   2375  257.92   46.00   2       184.00       182.72
  2376   2376  257.92   48.00   2       140.05       138.79
  2377   2377  257.92   50.00   2       121.39       121.07
  2378   2378  257.92   52.00   2       115.90       115.87
  2379   2379  257.92   54.00   2       115.70       115.63
  2380   2380  257.92   56.00   2       115.54       115.53
  2381   2381  257.92   58.00   2       115.46       115.44
  2382   2382  257.92   60.00   2       115.42       115.42
  2383   2383  257.92   62.00   2       115.40       115.39
  2384   2384  259.92   58.00   2       115.37       115.36
  2385   2385  259.92   56.00   2       115.36       115.34
  2386   2386  259.92   54.00   2       115.36       115.37
  2387   2387  259.92   52.00   2       115.37       115.37
  2388   2388  259.92   50.00   2       115.39       115.39
  2389   2389  259.92   48.00   2       115.44       115.45
  2390   2390  259.92   46.00   2       115.56       115.60
  2391   2391  259.92   44.00   2       119.98       120.20
  2392   2392  259.92   42.00   2       137.32       137.32
  2393   2393  259.92   40.00   2       175.39       175.70
  2394   2394  259.92   38.00   2       244.59       245.96
  2395   2395  259.92   36.00   2       344.88       347.46
  2396   2396  259.92   34.00   2       473.79       476.80
  2397   2397  259.92   32.00   2       627.71       631.39
  2398   2398  259.92   30.00   2       801.35       805.71
  2399   2399  259.92   28.00   2       946.63       949.26
  2400   2400  259.92   26.00   2      1046.85      1048.21
  2401   2401  259.92   24.00   2      1129.23      1130.39
  2402   2402  259.92   22.00   2      1204.33      1204.64
  2403   2403  259.92   20.00   2      1275.45      1275.66
  2404   2404  259.92   18.00   2      1346.48      1346.57
  2405   2405  259.92   16.00   2      1417.73      1417.88
  2406   2406  259.92   14.00   2      1490.76      1490.90
  2407   2407  259.92   12.00   2      1566.22      1566.52
  2408   2408  259.92   10.00   2      1646.22      1646.32
  2409   2409  259.92    8.00   2      1729.66      1729.88
  2410   2410  259.92    6.00   2      1818.25      1818.34
  2411   2411  259.92    4.00   2      1910.75      1910.89
  2412   2412  259.92    2.00   2      2006.76      2006.88
  2413   2413  259.92    0.00   2      2103.45      2103.60
  2414   2414  261.92    0.00   2      1820.86      1820.64
  2415   2415  261.92    2.00   2      1735.75      1735.45
  2416   2416  261.92    4.00   2      1652.87      1652.72
  2417   2417  261.92    6.00   2      1573.88      1573.66
  2418   2418  261.92    8.00   2      1497.43      1497.33
  2419   2419  261.92   10.00   2      1424.13      1423.95
  2420   2420  261.92   12.00   2      1353.04      1352.71
  2421   2421  261.92   14.00   2      1282.68      1282.54
  2422   2422  261.92   16.00   2      1212.97      1212.66
  2423   2423  261.92   18.00   2      1140.65      1140.45
  2424   2424  261.92   20.00   2      1064.21      1063.80
  2425   2425  261.92   22.00   2       976.04       974.87
  2426   2426  261.92   24.00   2       864.19       861.43
  2427   2427  261.92   26.00   2       703.65       699.20
  2428   2428  261.92   28.00   2       539.65       535.68
  2429   2429  261.92   30.00   2       394.24       390.35
  2430   2430  261.92   32.00   2       273.74       271.29
  2431   2431  261.92   34.00   2       188.31       186.86
  2432   2432  261.92   36.00   2       141.05       140.67
  2433   2433  261.92   38.00   2       121.36       121.06
  2434   2434  261.92   40.00   2       115.85       115.82
  2435   2435  261.92   42.00   2       115.64       115.59
  2436   2436  261.92   44.00   2       115.49       115.45
  2437   2437  261.92   46.00   2       115.41       115.41
  2438   2438  261.92   48.00   2       115.37       115.36
  2439   2439  261.92   50.00   2       115.36       115.35
  2440   2440  261.92   52.00   2       115.33       115.32
  2441   2441  261.92   54.00   2       115.30       115.29
  2442   2442  263.92   48.00   2       115.29       115.28
  2443   2443  263.92   46.00   2       115.28       115.27
  2444   2444  263.92   44.00   2       115.28       115.26
  2445   2445  263.92   42.00   2       115.29       115.29
  2446   2446  263.92   40.00   2       115.29       115.30
  2447   2447  263.92   38.00   2       115.28       115.28
  2448   2448  263.92   36.00   2       115.31       115.32
  2449   2449  263.92   34.00   2       115.36       115.35
  2450   2450  263.92   32.00   2       115.46       115.48
  2451   2451  263.92   30.00   2       118.72       118.68
  2452   2452  263.92   28.00   2       132.31       132.36
  2453   2453  263.92   26.00   2       166.40       166.54
  2454   2454  263.92   24.00   2       230.78       232.18
  2455   2455  263.92   22.00   2       329.73       331.00
  2456   2456  263.92   20.00   2       456.87       460.94
  2457   2457  263.92   18.00   2       613.81       616.90
  2458   2458  263.92   16.00   2       789.77       794.70
  2459   2459  263.92   14.00   2       942.23       943.66
  2460   2460  263.92   12.00   2      1045.92      1047.35
  2461   2461  263.92   10.00   2      1130.20      1131.54
  2462   2462  263.92    8.00   2      1206.48      1206.69
  2463   2463  263.92    6.00   2      1278.09      1278.31
  2464   2464  263.92    4.00   2      1348.55      1348.69
  2465   2465  263.92    2.00   2      1418.47      1418.61
  2466   2466  263.92    0.00   2      1487.84      1488.13
  2467   2467  265.92    0.00   2      1090.29      1088.86
  2468   2468  265.92    2.00   2      1014.55      1013.30
  2469   2469  265.92    4.00   2       924.42       921.64
  2470   2470  265.92    6.00   2       798.21       795.09
  2471   2471  265.92    8.00   2       639.15       634.25
  2472   2472  265.92   10.00   2       489.04       485.49
  2473   2473  265.92   12.00   2       356.20       353.29
  2474   2474  265.92   14.00   2       250.44       247.32
  2475   2475  265.92   16.00   2       175.94       174.60
  2476   2476  265.92   18.00   2       135.62       135.34
  2477   2477  265.92   20.00   2       119.38       119.35
  2478   2478  265.92   22.00   2       115.92       115.77
  2479   2479  265.92   24.00   2       115.52       115.48
  2480   2480  265.92   26.00   2       115.39       115.37
  2481   2481  265.92   28.00   2       115.32       115.31
  2482   2482  265.92   30.00   2       115.29       115.29
  2483   2483  265.92   32.00   2       115.28       115.26
  2484   2484  265.92   34.00   2       115.24       115.24
  2485   2485  265.92   36.00   2       115.23       115.21
  2486   2486  265.92   38.00   2       115.20       115.20
  2487   2487  265.92   40.00   2       115.19       115.18
  2488   2488  265.92   42.00   2       115.19       115.18
  2489   2489  267.92   34.00   2       115.18       115.16
  2490   2490  267.92   32.00   2       115.16       115.17
  2491   2491  267.92   30.00   2       115.16       115.14
  2492   2492  267.92   28.00   2       115.16       115.15
  2493   2493  267.92   26.00   2       115.15       115.15
  2494   2494  267.92   24.00   2       115.18       115.18
  2495   2495  267.92   22.00   2       115.18       115.17
  2496   2496  267.92   20.00   2       115.18       115.16
  2497   2497  267.92   18.00   2       115.18       115.18
  2498   2498  267.92   16.00   2       115.18       115.16
  2499   2499  267.92   14.00   2       115.20       115.20
  2500   2500  267.92   12.00   2       115.21       115.20
  2501   2501  267.92   10.00   2       115.24       115.24
  2502   2502  267.92    8.00   2       115.29       115.30
  2503   2503  267.92    6.00   2       115.39       115.41
  2504   2504  267.92    4.00   2       116.97       117.06
  2505   2505  267.92    2.00   2       123.47       123.57
  2506   2506  267.92    0.00   2       135.74       135.80
  2507   2507  269.92    0.00   2       115.22       115.18
  2508   2508  269.92    2.00   2       115.12       115.13
  2509   2509  269.92    4.00   2       115.12       115.11
  2510   2510  269.92    6.00   2       115.10       115.11
  2511   2511  269.92    8.00   2       115.09       115.07
  2512   2512  269.92   10.00   2       115.10       115.10
  2513   2513  269.92   12.00   2       115.09       115.08
  2514   2514  269.92   14.00   2       115.09       115.08
  2515   2515  269.92   16.00   2       115.09       115.09
  2516   2516  269.92   18.00   2       115.08       115.07
  2517   2517  269.92   20.00   2       115.07       115.07
  2518   2518  269.92   22.00   2       115.07       115.05
# END: scan time was  11518.8874631  seconds
