# Sensor scan measurement of Sensor IR775
# Iin=    34.80 mA ,  Vin= 12136.90 mV, T=    19.37 C 
# scanRangeX 151.50 mm; scanRangeY  70.00 mm; stepSize   2.00 mm; initialOffset   4.00 mm; sensorX 236.50 mm; start position at (x|y)=(119.92|  0.00) mm
# iStep, iStep, Pos x, Pos y, nMeas, Meas1 ... MeasN
  1259   1259  201.92    0.00   2       114.92       115.01
  1260   1260  201.92    2.00   2       115.17       115.16
  1261   1261  201.92    4.00   2       115.19       115.20
  1262   1262  201.92    6.00   2       115.21       115.20
  1263   1263  201.92    8.00   2       115.15       115.16
  1264   1264  201.92   10.00   2       115.19       115.17
  1294   1294  203.92    0.00   2       114.64       114.84
  1295   1295  203.92    2.00   2       115.25       115.23
  1296   1296  203.92    4.00   2       115.22       115.22
  1297   1297  203.92    6.00   2       115.22       115.22
  1298   1298  203.92    8.00   2       115.21       115.21
  1299   1299  203.92   10.00   2       115.21       115.21
  1300   1300  203.92   12.00   2       115.19       115.19
  1301   1301  203.92   14.00   2       115.22       115.21
  1302   1302  203.92   16.00   2       115.18       115.18
  1303   1303  203.92   18.00   2       115.18       115.18
  1304   1304  203.92   20.00   2       115.15       115.16
  1305   1305  203.92   22.00   2       115.15       115.14
  1306   1306  203.92   24.00   2       115.15       115.15
  1328   1328  205.92    0.00   2       115.36       115.36
  1329   1329  205.92    2.00   2       115.32       115.33
  1330   1330  205.92    4.00   2       115.31       115.31
  1331   1331  205.92    6.00   2       115.28       115.30
  1332   1332  205.92    8.00   2       115.30       115.29
  1333   1333  205.92   10.00   2       115.23       115.24
  1334   1334  205.92   12.00   2       115.30       115.28
  1335   1335  205.92   14.00   2       115.19       115.22
  1336   1336  205.92   16.00   2       115.25       115.24
  1337   1337  205.92   18.00   2       115.19       115.21
  1338   1338  205.92   20.00   2       115.24       115.23
  1339   1339  205.92   22.00   2       115.14       115.16
  1340   1340  205.92   24.00   2       115.18       115.19
  1341   1341  205.92   26.00   2       115.13       115.15
  1342   1342  205.92   28.00   2       115.15       115.14
  1343   1343  205.92   30.00   2       115.14       115.16
  1344   1344  205.92   32.00   2       115.22       115.19
  1345   1345  205.92   34.00   2       115.10       115.12
  1362   1362  207.92    0.00   2       867.48       870.45
  1363   1363  207.92    2.00   2       752.11       752.04
  1364   1364  207.92    4.00   2       591.64       590.35
  1365   1365  207.92    6.00   2       435.14       433.39
  1366   1366  207.92    8.00   2       295.52       294.20
  1367   1367  207.92   10.00   2       194.94       193.74
  1368   1368  207.92   12.00   2       136.38       138.54
  1369   1369  207.92   14.00   2       117.93       117.94
  1370   1370  207.92   16.00   2       115.52       115.52
  1371   1371  207.92   18.00   2       115.39       115.38
  1372   1372  207.92   20.00   2       115.34       115.33
  1373   1373  207.92   22.00   2       115.32       115.31
  1374   1374  207.92   24.00   2       115.27       115.27
  1375   1375  207.92   26.00   2       115.27       115.26
  1376   1376  207.92   28.00   2       115.24       115.24
  1377   1377  207.92   30.00   2       115.27       115.25
  1378   1378  207.92   32.00   2       115.18       115.19
  1379   1379  207.92   34.00   2       115.21       115.20
  1380   1380  207.92   36.00   2       115.18       115.18
  1381   1381  207.92   38.00   2       115.19       115.20
  1382   1382  207.92   40.00   2       115.13       115.13
  1395   1395  209.92    0.00   2      1428.64      1429.70
  1396   1396  209.92    2.00   2      1358.30      1358.41
  1397   1397  209.92    4.00   2      1283.20      1283.12
  1398   1398  209.92    6.00   2      1205.51      1205.43
  1399   1399  209.92    8.00   2      1124.77      1124.65
  1400   1400  209.92   10.00   2      1037.99      1037.73
  1401   1401  209.92   12.00   2       937.15       936.79
  1402   1402  209.92   14.00   2       795.77       794.26
  1403   1403  209.92   16.00   2       600.14       597.31
  1404   1404  209.92   18.00   2       424.28       420.87
  1405   1405  209.92   20.00   2       278.73       277.18
  1406   1406  209.92   22.00   2       178.50       177.17
  1407   1407  209.92   24.00   2       129.64       129.55
  1408   1408  209.92   26.00   2       115.85       115.83
  1409   1409  209.92   28.00   2       115.47       115.48
  1410   1410  209.92   30.00   2       115.40       115.40
  1411   1411  209.92   32.00   2       115.34       115.35
  1412   1412  209.92   34.00   2       115.36       115.35
  1413   1413  209.92   36.00   2       115.29       115.31
  1414   1414  209.92   38.00   2       115.34       115.31
  1415   1415  209.92   40.00   2       115.23       115.25
  1416   1416  209.92   42.00   2       115.27       115.27
  1417   1417  209.92   44.00   2       115.20       115.22
  1427   1427  211.92    0.00   2      1806.11      1807.50
  1428   1428  211.92    2.00   2      1717.40      1717.40
  1429   1429  211.92    4.00   2      1626.40      1626.41
  1430   1430  211.92    6.00   2      1537.66      1537.58
  1431   1431  211.92    8.00   2      1452.07      1452.02
  1432   1432  211.92   10.00   2      1369.76      1369.64
  1433   1433  211.92   12.00   2      1288.82      1288.74
  1434   1434  211.92   14.00   2      1209.00      1208.84
  1435   1435  211.92   16.00   2      1127.68      1127.53
  1436   1436  211.92   18.00   2      1041.35      1041.08
  1437   1437  211.92   20.00   2       941.20       939.78
  1438   1438  211.92   22.00   2       805.62       803.38
  1439   1439  211.92   24.00   2       617.65       615.16
  1440   1440  211.92   26.00   2       439.34       437.66
  1441   1441  211.92   28.00   2       295.81       294.41
  1442   1442  211.92   30.00   2       191.37       190.19
  1443   1443  211.92   32.00   2       136.38       136.23
  1444   1444  211.92   34.00   2       114.70       117.48
  1445   1445  211.92   36.00   2       115.58       115.59
  1446   1446  211.92   38.00   2       115.46       115.47
  1447   1447  211.92   40.00   2       115.41       115.41
  1448   1448  211.92   42.00   2       115.36       115.36
  1449   1449  211.92   44.00   2       115.31       115.32
  1450   1450  211.92   46.00   2       115.31       115.30
  1451   1451  211.92   48.00   2       115.26       115.27
  1458   1458  213.92    0.00   2      2143.67      2144.97
  1459   1459  213.92    2.00   2      2036.43      2036.47
  1460   1460  213.92    4.00   2      1926.40      1926.37
  1461   1461  213.92    6.00   2      1820.09      1819.94
  1462   1462  213.92    8.00   2      1718.99      1718.93
  1463   1463  213.92   10.00   2      1623.81      1623.63
  1464   1464  213.92   12.00   2      1533.93      1533.88
  1465   1465  213.92   14.00   2      1448.34      1448.16
  1466   1466  213.92   16.00   2      1366.95      1366.91
  1467   1467  213.92   18.00   2      1288.30      1288.15
  1468   1468  213.92   20.00   2      1210.55      1210.48
  1469   1469  213.92   22.00   2      1132.08      1131.95
  1470   1470  213.92   24.00   2      1049.77      1049.58
  1471   1471  213.92   26.00   2       955.99       955.68
  1472   1472  213.92   28.00   2       835.78       834.38
  1473   1473  213.92   30.00   2       660.63       658.28
  1474   1474  213.92   32.00   2       488.40       485.75
  1475   1475  213.92   34.00   2       340.08       338.57
  1476   1476  213.92   36.00   2       224.98       224.71
  1477   1477  213.92   38.00   2       154.53       154.34
  1478   1478  213.92   40.00   2       121.24       123.58
  1479   1479  213.92   42.00   2       115.72       115.74
  1480   1480  213.92   44.00   2       115.55       115.54
  1481   1481  213.92   46.00   2       115.38       115.40
  1482   1482  213.92   48.00   2       115.40       115.39
  1483   1483  213.92   50.00   2       115.32       115.33
  1484   1484  213.92   52.00   2       115.33       115.32
  1488   1488  215.92    0.00   2      2440.77      2447.27
  1489   1489  215.92    2.00   2      2326.34      2326.36
  1490   1490  215.92    4.00   2      2166.05      2199.64
  1491   1491  215.92    6.00   2      2075.55      2075.48
  1492   1492  215.92    8.00   2      1958.37      1958.22
  1493   1493  215.92   10.00   2      1848.52      1848.48
  1494   1494  215.92   12.00   2      1746.32      1746.12
  1495   1495  215.92   14.00   2      1650.66      1650.59
  1496   1496  215.92   16.00   2      1561.66      1561.50
  1497   1497  215.92   18.00   2      1477.42      1477.36
  1498   1498  215.92   20.00   2      1397.45      1397.29
  1499   1499  215.92   22.00   2      1320.37      1320.29
  1500   1500  215.92   24.00   2      1245.46      1245.31
  1501   1501  215.92   26.00   2      1170.98      1170.86
  1502   1502  215.92   28.00   2      1095.00      1094.90
  1503   1503  215.92   30.00   2      1013.67      1013.48
  1504   1504  215.92   32.00   2       918.64       917.41
  1505   1505  215.92   34.00   2       788.05       786.66
  1506   1506  215.92   36.00   2       617.27       614.73
  1507   1507  215.92   38.00   2       454.42       452.01
  1508   1508  215.92   40.00   2       318.83       317.37
  1509   1509  215.92   42.00   2       215.03       213.68
  1510   1510  215.92   44.00   2       150.50       150.36
  1511   1511  215.92   46.00   2       120.44       122.89
  1512   1512  215.92   48.00   2       115.73       115.76
  1513   1513  215.92   50.00   2       115.52       115.51
  1514   1514  215.92   52.00   2       115.40       115.42
  1515   1515  215.92   54.00   2       115.45       115.43
  1516   1516  215.92   56.00   2       115.31       115.33
  1517   1517  217.92    0.00   2      2702.88      2703.12
  1518   1518  217.92    2.00   2      2579.33      2579.43
  1519   1519  217.92    4.00   2      2442.66      2442.55
  1520   1520  217.92    6.00   2      2305.30      2305.25
  1521   1521  217.92    8.00   2      2174.29      2174.13
  1522   1522  217.92   10.00   2      2051.05      2050.92
  1523   1523  217.92   12.00   2      1936.45      1936.38
  1524   1524  217.92   14.00   2      1786.92      1830.40
  1525   1525  217.92   16.00   2      1732.05      1731.98
  1526   1526  217.92   18.00   2      1640.40      1640.21
  1527   1527  217.92   20.00   2      1554.62      1554.57
  1528   1528  217.92   22.00   2      1473.71      1473.61
  1529   1529  217.92   24.00   2      1396.71      1396.70
  1530   1530  217.92   26.00   2      1323.50      1323.35
  1531   1531  217.92   28.00   2      1251.52      1251.48
  1532   1532  217.92   30.00   2      1180.56      1180.46
  1533   1533  217.92   32.00   2      1108.18      1108.08
  1534   1534  217.92   34.00   2      1031.71      1031.53
  1535   1535  217.92   36.00   2       945.25       944.90
  1536   1536  217.92   38.00   2       834.24       832.86
  1537   1537  217.92   40.00   2       676.66       673.98
  1538   1538  217.92   42.00   2       515.44       512.89
  1539   1539  217.92   44.00   2       373.52       372.19
  1540   1540  217.92   46.00   2       259.61       258.35
  1541   1541  217.92   48.00   2       178.98       178.56
  1542   1542  217.92   50.00   2       135.00       134.91
  1543   1543  217.92   52.00   2       118.36       118.33
  1544   1544  217.92   54.00   2       115.65       115.67
  1545   1545  217.92   56.00   2       115.61       115.55
  1546   1546  217.92   58.00   2       115.50       115.47
  1547   1547  219.92    0.00   2      2902.99      2905.50
  1548   1548  219.92    2.00   2      2793.40      2793.43
  1549   1549  219.92    4.00   2      2605.88      2655.42
  1550   1550  219.92    6.00   2      2509.99      2509.88
  1551   1551  219.92    8.00   2      2367.83      2367.62
  1552   1552  219.92   10.00   2      2233.34      2233.18
  1553   1553  219.92   12.00   2      2108.21      2108.03
  1554   1554  219.92   14.00   2      1992.19      1992.08
  1555   1555  219.92   16.00   2      1884.84      1884.69
  1556   1556  219.92   18.00   2      1785.46      1785.38
  1557   1557  219.92   20.00   2      1693.47      1693.38
  1558   1558  219.92   22.00   2      1607.41      1607.40
  1559   1559  219.92   24.00   2      1526.77      1526.74
  1560   1560  219.92   26.00   2      1429.65      1450.78
  1561   1561  219.92   28.00   2      1377.79      1377.75
  1562   1562  219.92   30.00   2      1307.61      1307.48
  1563   1563  219.92   32.00   2      1239.33      1239.20
  1564   1564  219.92   34.00   2      1170.98      1170.81
  1565   1565  219.92   36.00   2      1101.39      1101.30
  1566   1566  219.92   38.00   2      1027.54      1027.32
  1567   1567  219.92   40.00   2       944.14       943.92
  1568   1568  219.92   42.00   2       839.19       837.90
  1569   1569  219.92   44.00   2       687.18       685.30
  1570   1570  219.92   46.00   2       530.82       527.69
  1571   1571  219.92   48.00   2       391.93       390.50
  1572   1572  219.92   50.00   2       276.47       275.17
  1573   1573  219.92   52.00   2       193.06       191.92
  1574   1574  219.92   54.00   2       144.12       143.80
  1575   1575  219.92   56.00   2       122.19       122.08
  1576   1576  219.92   58.00   2       116.14       116.00
  1577   1577  219.92   60.00   2       115.72       115.68
  1578   1578  221.92    0.00   2      3064.28      3066.87
  1579   1579  221.92    2.00   2      2975.60      2975.75
  1580   1580  221.92    4.00   2      2843.34      2843.27
  1581   1581  221.92    6.00   2      2654.33      2694.24
  1582   1582  221.92    8.00   2      2543.37      2543.21
  1583   1583  221.92   10.00   2      2398.82      2398.53
  1584   1584  221.92   12.00   2      2263.20      2263.10
  1585   1585  221.92   14.00   2      2137.85      2137.60
  1586   1586  221.92   16.00   2      2021.76      2021.66
  1587   1587  221.92   18.00   2      1914.75      1914.63
  1588   1588  221.92   20.00   2      1816.45      1816.39
  1589   1589  221.92   22.00   2      1725.10      1725.03
  1590   1590  221.92   24.00   2      1639.95      1639.96
  1591   1591  221.92   26.00   2      1560.32      1560.20
  1592   1592  221.92   28.00   2      1485.31      1485.20
  1593   1593  221.92   30.00   2      1413.41      1413.33
  1594   1594  221.92   32.00   2      1319.13      1345.03
  1595   1595  221.92   34.00   2      1278.10      1278.07
  1596   1596  221.92   36.00   2      1212.61      1212.43
  1597   1597  221.92   38.00   2      1146.44      1146.39
  1598   1598  221.92   40.00   2      1078.74      1078.51
  1599   1599  221.92   42.00   2      1005.21      1005.04
  1600   1600  221.92   44.00   2       921.03       920.68
  1601   1601  221.92   46.00   2       810.84       809.54
  1602   1602  221.92   48.00   2       665.65       662.00
  1603   1603  221.92   50.00   2       519.23       516.01
  1604   1604  221.92   52.00   2       389.63       385.87
  1605   1605  221.92   54.00   2       280.70       277.91
  1606   1606  221.92   56.00   2       198.47       196.25
  1607   1607  221.92   58.00   2       147.13       146.76
  1608   1608  221.92   60.00   2       123.58       123.46
  1609   1609  221.92   62.00   2       115.99       115.94
  1610   1610  223.92    0.00   2      3185.12      3187.70
  1611   1611  223.92    2.00   2      3130.21      3130.23
  1612   1612  223.92    4.00   2      3009.48      3009.39
  1613   1613  223.92    6.00   2      2860.78      2860.64
  1614   1614  223.92    8.00   2      2703.99      2703.72
  1615   1615  223.92   10.00   2      2549.78      2549.60
  1616   1616  223.92   12.00   2      2404.22      2404.06
  1617   1617  223.92   14.00   2      2269.66      2269.55
  1618   1618  223.92   16.00   2      2145.54      2145.38
  1619   1619  223.92   18.00   2      2031.25      2031.15
  1620   1620  223.92   20.00   2      1926.48      1926.38
  1621   1621  223.92   22.00   2      1829.82      1829.66
  1622   1622  223.92   24.00   2      1739.98      1739.87
  1623   1623  223.92   26.00   2      1656.31      1656.16
  1624   1624  223.92   28.00   2      1578.29      1578.22
  1625   1625  223.92   30.00   2      1504.70      1504.55
  1626   1626  223.92   32.00   2      1434.34      1434.27
  1627   1627  223.92   34.00   2      1367.16      1367.06
  1628   1628  223.92   36.00   2      1273.41      1302.33
  1629   1629  223.92   38.00   2      1238.36      1238.32
  1630   1630  223.92   40.00   2      1175.18      1175.00
  1631   1631  223.92   42.00   2      1110.33      1110.28
  1632   1632  223.92   44.00   2      1043.82      1043.57
  1633   1633  223.92   46.00   2       969.55       969.37
  1634   1634  223.92   48.00   2       881.94       880.71
  1635   1635  223.92   50.00   2       761.93       757.98
  1636   1636  223.92   52.00   2       613.96       610.69
  1637   1637  223.92   54.00   2       476.07       472.21
  1638   1638  223.92   56.00   2       354.16       351.46
  1639   1639  223.92   58.00   2       254.82       253.15
  1640   1640  223.92   60.00   2       182.85       181.27
  1641   1641  223.92   62.00   2       140.02       139.88
  1642   1642  223.92   64.00   2       122.02       121.65
  1643   1643  225.92    0.00   2      3269.03      3270.61
  1644   1644  225.92    2.00   2      3260.26      3260.51
  1645   1645  225.92    4.00   2      3156.38      3156.39
  1646   1646  225.92    6.00   2      2992.38      3009.87
  1647   1647  225.92    8.00   2      2847.88      2847.67
  1648   1648  225.92   10.00   2      2686.51      2686.19
  1649   1649  225.92   12.00   2      2532.21      2532.11
  1650   1650  225.92   14.00   2      2388.55      2388.27
  1651   1651  225.92   16.00   2      2256.00      2255.88
  1652   1652  225.92   18.00   2      2134.72      2134.53
  1653   1653  225.92   20.00   2      2023.55      2023.45
  1654   1654  225.92   22.00   2      1921.52      1921.41
  1655   1655  225.92   24.00   2      1826.97      1826.95
  1656   1656  225.92   26.00   2      1739.93      1739.83
  1657   1657  225.92   28.00   2      1633.18      1658.32
  1658   1658  225.92   30.00   2      1582.00      1581.96
  1659   1659  225.92   32.00   2      1510.33      1510.15
  1660   1660  225.92   34.00   2      1441.85      1441.79
  1661   1661  225.92   36.00   2      1376.30      1376.20
  1662   1662  225.92   38.00   2      1313.46      1313.34
  1663   1663  225.92   40.00   2      1252.13      1251.88
  1664   1664  225.92   42.00   2      1190.72      1190.62
  1665   1665  225.92   44.00   2      1129.08      1128.85
  1666   1666  225.92   46.00   2      1064.68      1064.58
  1667   1667  225.92   48.00   2       995.66       995.38
  1668   1668  225.92   50.00   2       915.77       914.60
  1669   1669  225.92   52.00   2       813.83       812.45
  1670   1670  225.92   54.00   2       674.96       670.85
  1671   1671  225.92   56.00   2       535.34       532.31
  1672   1672  225.92   58.00   2       409.21       406.64
  1673   1673  225.92   60.00   2       302.02       299.46
  1674   1674  225.92   62.00   2       217.99       216.65
  1675   1675  225.92   64.00   2       161.58       160.38
  1676   1676  225.92   66.00   2       131.17       130.88
  1677   1677  227.92    0.00   2      3319.80      3318.60
  1678   1678  227.92    2.00   2      3361.40      3361.60
  1679   1679  227.92    4.00   2      3279.92      3279.88
  1680   1680  227.92    6.00   2      3138.94      3138.86
  1681   1681  227.92    8.00   2      2974.32      2974.06
  1682   1682  227.92   10.00   2      2805.83      2805.65
  1683   1683  227.92   12.00   2      2643.45      2643.21
  1684   1684  227.92   14.00   2      2491.82      2491.68
  1685   1685  227.92   16.00   2      2351.94      2351.75
  1686   1686  227.92   18.00   2      2224.08      2223.94
  1687   1687  227.92   20.00   2      2106.87      2106.79
  1688   1688  227.92   22.00   2      1999.90      1999.78
  1689   1689  227.92   24.00   2      1901.42      1901.33
  1690   1690  227.92   26.00   2      1810.68      1810.54
  1691   1691  227.92   28.00   2      1726.23      1726.20
  1692   1692  227.92   30.00   2      1648.16      1648.00
  1693   1693  227.92   32.00   2      1574.87      1574.61
  1694   1694  227.92   34.00   2      1504.47      1504.33
  1695   1695  227.92   36.00   2      1438.53      1438.26
  1696   1696  227.92   38.00   2      1374.48      1374.39
  1697   1697  227.92   40.00   2      1312.90      1312.73
  1698   1698  227.92   42.00   2      1252.88      1252.79
  1699   1699  227.92   44.00   2      1193.48      1193.34
  1700   1700  227.92   46.00   2      1133.88      1133.58
  1701   1701  227.92   48.00   2      1071.71      1071.45
  1702   1702  227.92   50.00   2      1005.56      1005.13
  1703   1703  227.92   52.00   2       930.03       928.80
  1704   1704  227.92   54.00   2       836.47       834.93
  1705   1705  227.92   56.00   2       706.32       702.67
  1706   1706  227.92   58.00   2       568.50       564.03
  1707   1707  227.92   60.00   2       441.83       438.29
  1708   1708  227.92   62.00   2       331.58       328.88
  1709   1709  227.92   64.00   2       243.31       240.92
  1710   1710  227.92   66.00   2       178.39       177.07
  1711   1711  229.92    0.00   2      3335.20      3332.80
  1712   1712  229.92    2.00   2      3438.20      3436.60
  1713   1713  229.92    4.00   2      3375.40      3375.30
  1714   1714  229.92    6.00   2      3241.38      3241.22
  1715   1715  229.92    8.00   2      3075.11      3074.82
  1716   1716  229.92   10.00   2      2901.28      2901.07
  1717   1717  229.92   12.00   2      2732.86      2732.55
  1718   1718  229.92   14.00   2      2574.83      2574.65
  1719   1719  229.92   16.00   2      2430.45      2430.15
  1720   1720  229.92   18.00   2      2297.85      2297.66
  1721   1721  229.92   20.00   2      2176.57      2176.42
  1722   1722  229.92   22.00   2      2066.03      2065.64
  1723   1723  229.92   24.00   2      1963.86      1963.73
  1724   1724  229.92   26.00   2      1870.15      1869.91
  1725   1725  229.92   28.00   2      1783.18      1783.03
  1726   1726  229.92   30.00   2      1702.48      1702.26
  1727   1727  229.92   32.00   2      1627.21      1626.89
  1728   1728  229.92   34.00   2      1555.25      1555.10
  1729   1729  229.92   36.00   2      1488.36      1488.08
  1730   1730  229.92   38.00   2      1423.72      1423.63
  1731   1731  229.92   40.00   2      1362.15      1361.97
  1732   1732  229.92   42.00   2      1302.20      1302.11
  1733   1733  229.92   44.00   2      1243.63      1243.46
  1734   1734  229.92   46.00   2      1186.09      1185.77
  1735   1735  229.92   48.00   2      1126.87      1126.67
  1736   1736  229.92   50.00   2      1066.69      1066.26
  1737   1737  229.92   52.00   2      1001.29      1000.99
  1738   1738  229.92   54.00   2       927.97       926.56
  1739   1739  229.92   56.00   2       834.82       833.62
  1740   1740  229.92   58.00   2       708.95       705.56
  1741   1741  229.92   60.00   2       573.23       569.11
  1742   1742  229.92   62.00   2       448.92       446.31
  1743   1743  229.92   64.00   2       340.82       339.44
  1744   1744  229.92   66.00   2       251.96       250.68
  1745   1745  229.92   68.00   2       186.93       185.55
  1746   1746  231.92    0.00   2      3318.60      3317.60
  1747   1747  231.92    2.00   2      3471.50      3471.80
  1748   1748  231.92    4.00   2      3436.80      3436.80
  1749   1749  231.92    6.00   2      3320.80      3317.50
  1750   1750  231.92    8.00   2      3152.60      3151.30
  1751   1751  231.92   10.00   2      2982.20      2979.00
  1752   1752  231.92   12.00   2      2805.70      2804.80
  1753   1753  231.92   14.00   2      2642.39      2642.15
  1754   1754  231.92   16.00   2      2493.10      2492.85
  1755   1755  231.92   18.00   2      2356.44      2356.23
  1756   1756  231.92   20.00   2      2231.86      2231.46
  1757   1757  231.92   22.00   2      2117.55      2117.38
  1758   1758  231.92   24.00   2      2013.01      2012.76
  1759   1759  231.92   26.00   2      1916.76      1916.61
  1760   1760  231.92   28.00   2      1828.02      1827.85
  1761   1761  231.92   30.00   2      1745.86      1745.57
  1762   1762  231.92   32.00   2      1668.53      1668.42
  1763   1763  231.92   34.00   2      1596.32      1596.11
  1764   1764  231.92   36.00   2      1527.84      1527.71
  1765   1765  231.92   38.00   2      1463.11      1462.94
  1766   1766  231.92   40.00   2      1401.69      1401.36
  1767   1767  231.92   42.00   2      1341.19      1341.02
  1768   1768  231.92   44.00   2      1283.27      1283.03
  1769   1769  231.92   46.00   2      1225.50      1225.41
  1770   1770  231.92   48.00   2      1168.61      1168.38
  1771   1771  231.92   50.00   2      1110.03      1109.84
  1772   1772  231.92   52.00   2      1049.43      1049.12
  1773   1773  231.92   54.00   2       982.85       982.70
  1774   1774  231.92   56.00   2       907.59       906.36
  1775   1775  231.92   58.00   2       811.06       808.38
  1776   1776  231.92   60.00   2       680.53       676.46
  1777   1777  231.92   62.00   2       549.64       545.51
  1778   1778  231.92   64.00   2       430.68       428.00
  1779   1779  231.92   66.00   2       329.08       325.53
  1780   1780  231.92   68.00   2       244.47       243.01
  1781   1781  233.92    0.00   2      3290.60      3290.60
  1782   1782  233.92    2.00   2      3485.60      3488.20
  1783   1783  233.92    4.00   2      3479.30      3479.20
  1784   1784  233.92    6.00   2      3365.30      3364.60
  1785   1785  233.92    8.00   2      3208.20      3205.70
  1786   1786  233.92   10.00   2      3028.70      3027.70
  1787   1787  233.92   12.00   2      2857.40      2855.70
  1788   1788  233.92   14.00   2      2688.72      2688.51
  1789   1789  233.92   16.00   2      2537.52      2537.06
  1790   1790  233.92   18.00   2      2397.76      2397.57
  1791   1791  233.92   20.00   2      2270.79      2270.48
  1792   1792  233.92   22.00   2      2154.69      2154.58
  1793   1793  233.92   24.00   2      2048.72      2048.48
  1794   1794  233.92   26.00   2      1951.65      1951.23
  1795   1795  233.92   28.00   2      1860.93      1860.82
  1796   1796  233.92   30.00   2      1777.57      1777.30
  1797   1797  233.92   32.00   2      1699.16      1699.06
  1798   1798  233.92   34.00   2      1626.25      1626.05
  1799   1799  233.92   36.00   2      1557.88      1557.55
  1800   1800  233.92   38.00   2      1491.96      1491.86
  1801   1801  233.92   40.00   2      1430.24      1429.91
  1802   1802  233.92   42.00   2      1369.83      1369.73
  1803   1803  233.92   44.00   2      1311.93      1311.64
  1804   1804  233.92   46.00   2      1254.83      1254.69
  1805   1805  233.92   48.00   2      1198.54      1198.28
  1806   1806  233.92   50.00   2      1142.10      1141.77
  1807   1807  233.92   52.00   2      1083.09      1082.82
  1808   1808  233.92   54.00   2      1021.93      1020.67
  1809   1809  233.92   56.00   2       953.19       952.91
  1810   1810  233.92   58.00   2       872.05       870.70
  1811   1811  233.92   60.00   2       763.33       760.62
  1812   1812  233.92   62.00   2       631.31       627.78
  1813   1813  233.92   64.00   2       506.42       503.57
  1814   1814  233.92   66.00   2       395.34       392.74
  1815   1815  233.92   68.00   2       299.44       297.84
  1816   1816  235.92    0.00   2      3287.60      3284.60
  1817   1817  235.92    2.00   2      3500.10      3502.80
  1818   1818  235.92    4.00   2      3505.20      3504.30
  1819   1819  235.92    6.00   2      3391.70      3391.20
  1820   1820  235.92    8.00   2      3234.30      3232.50
  1821   1821  235.92   10.00   2      3054.40      3053.70
  1822   1822  235.92   12.00   2      2881.80      2880.50
  1823   1823  235.92   14.00   2      2720.00      2717.00
  1824   1824  235.92   16.00   2      2560.70      2560.48
  1825   1825  235.92   18.00   2      2420.61      2420.25
  1826   1826  235.92   20.00   2      2292.32      2292.12
  1827   1827  235.92   22.00   2      2175.39      2175.23
  1828   1828  235.92   24.00   2      2069.01      2068.65
  1829   1829  235.92   26.00   2      1970.29      1970.13
  1830   1830  235.92   28.00   2      1879.87      1879.63
  1831   1831  235.92   30.00   2      1795.72      1795.57
  1832   1832  235.92   32.00   2      1717.66      1717.53
  1833   1833  235.92   34.00   2      1644.90      1644.62
  1834   1834  235.92   36.00   2      1575.53      1575.40
  1835   1835  235.92   38.00   2      1510.33      1510.12
  1836   1836  235.92   40.00   2      1447.86      1447.75
  1837   1837  235.92   42.00   2      1388.10      1387.92
  1838   1838  235.92   44.00   2      1331.01      1330.68
  1839   1839  235.92   46.00   2      1273.98      1273.80
  1840   1840  235.92   48.00   2      1218.71      1218.41
  1841   1841  235.92   50.00   2      1162.63      1162.49
  1842   1842  235.92   52.00   2      1106.22      1105.93
  1843   1843  235.92   54.00   2      1046.69      1046.46
  1844   1844  235.92   56.00   2       982.61       982.19
  1845   1845  235.92   58.00   2       908.92       908.55
  1846   1846  235.92   60.00   2       816.12       814.45
  1847   1847  235.92   62.00   2       692.97       688.08
  1848   1848  235.92   64.00   2       564.40       561.71
  1849   1849  235.92   66.00   2       449.59       445.11
  1850   1850  235.92   68.00   2       346.24       344.59
  1851   1851  237.92    0.00   2      3267.30      3267.30
  1852   1852  237.92    2.00   2      3495.50      3496.60
  1853   1853  237.92    4.00   2      3500.00      3498.50
  1854   1854  237.92    6.00   2      3388.90      3388.00
  1855   1855  237.92    8.00   2      3227.90      3227.40
  1856   1856  237.92   10.00   2      3054.50      3053.50
  1857   1857  237.92   12.00   2      2884.90      2882.00
  1858   1858  237.92   14.00   2      2716.00      2715.00
  1859   1859  237.92   16.00   2      2562.66      2562.45
  1860   1860  237.92   18.00   2      2423.85      2423.39
  1861   1861  237.92   20.00   2      2296.11      2295.90
  1862   1862  237.92   22.00   2      2179.91      2179.64
  1863   1863  237.92   24.00   2      2073.37      2073.27
  1864   1864  237.92   26.00   2      1975.99      1975.77
  1865   1865  237.92   28.00   2      1886.48      1886.11
  1866   1866  237.92   30.00   2      1802.31      1802.18
  1867   1867  237.92   32.00   2      1724.53      1724.26
  1868   1868  237.92   34.00   2      1651.43      1651.34
  1869   1869  237.92   36.00   2      1582.78      1582.66
  1870   1870  237.92   38.00   2      1518.34      1518.07
  1871   1871  237.92   40.00   2      1455.98      1455.86
  1872   1872  237.92   42.00   2      1397.01      1396.71
  1873   1873  237.92   44.00   2      1339.42      1339.33
  1874   1874  237.92   46.00   2      1283.55      1283.35
  1875   1875  237.92   48.00   2      1229.12      1228.76
  1876   1876  237.92   50.00   2      1173.29      1173.07
  1877   1877  237.92   52.00   2      1118.05      1117.68
  1878   1878  237.92   54.00   2      1059.90      1059.71
  1879   1879  237.92   56.00   2       998.38       997.93
  1880   1880  237.92   58.00   2       928.19       927.87
  1881   1881  237.92   60.00   2       843.54       841.70
  1882   1882  237.92   62.00   2       726.90       724.72
  1883   1883  237.92   64.00   2       600.39       596.79
  1884   1884  237.92   66.00   2       483.26       478.82
  1885   1885  237.92   68.00   2       376.15       373.59
  1886   1886  239.92    0.00   2      3272.50      3272.40
  1887   1887  239.92    2.00   2      3484.90      3486.10
  1888   1888  239.92    4.00   2      3484.30      3482.80
  1889   1889  239.92    6.00   2      3370.80      3369.70
  1890   1890  239.92    8.00   2      3208.20      3207.70
  1891   1891  239.92   10.00   2      3035.70      3034.50
  1892   1892  239.92   12.00   2      2867.20      2864.30
  1893   1893  239.92   14.00   2      2697.74      2697.45
  1894   1894  239.92   16.00   2      2547.82      2547.60
  1895   1895  239.92   18.00   2      2410.43      2410.21
  1896   1896  239.92   20.00   2      2285.07      2284.73
  1897   1897  239.92   22.00   2      2170.21      2170.06
  1898   1898  239.92   24.00   2      2065.21      2064.94
  1899   1899  239.92   26.00   2      1968.62      1968.48
  1900   1900  239.92   28.00   2      1879.85      1879.65
  1901   1901  239.92   30.00   2      1797.79      1797.43
  1902   1902  239.92   32.00   2      1720.40      1720.28
  1903   1903  239.92   34.00   2      1648.70      1648.43
  1904   1904  239.92   36.00   2      1580.46      1580.31
  1905   1905  239.92   38.00   2      1516.00      1515.82
  1906   1906  239.92   40.00   2      1454.64      1454.57
  1907   1907  239.92   42.00   2      1396.04      1395.88
  1908   1908  239.92   44.00   2      1339.70      1339.44
  1909   1909  239.92   46.00   2      1284.02      1283.88
  1910   1910  239.92   48.00   2      1229.89      1229.56
  1911   1911  239.92   50.00   2      1175.30      1175.14
  1912   1912  239.92   52.00   2      1120.24      1120.00
  1913   1913  239.92   54.00   2      1062.69      1062.58
  1914   1914  239.92   56.00   2      1002.21      1001.76
  1915   1915  239.92   58.00   2       934.27       932.76
  1916   1916  239.92   60.00   2       850.91       849.54
  1917   1917  239.92   62.00   2       738.33       735.79
  1918   1918  239.92   64.00   2       613.29       610.52
  1919   1919  239.92   66.00   2       495.24       491.56
  1920   1920  239.92   68.00   2       388.14       385.47
  1921   1921  241.92    0.00   2      3291.50      3291.50
  1922   1922  241.92    2.00   2      3464.70      3467.00
  1923   1923  241.92    4.00   2      3451.90      3450.50
  1924   1924  241.92    6.00   2      3330.50      3329.80
  1925   1925  241.92    8.00   2      3173.40      3170.70
  1926   1926  241.92   10.00   2      2996.20      2995.40
  1927   1927  241.92   12.00   2      2829.90      2828.00
  1928   1928  241.92   14.00   2      2665.28      2665.05
  1929   1929  241.92   16.00   2      2518.82      2517.68
  1930   1930  241.92   18.00   2      2383.61      2383.40
  1931   1931  241.92   20.00   2      2260.56      2260.24
  1932   1932  241.92   22.00   2      2147.90      2147.78
  1933   1933  241.92   24.00   2      2045.41      2045.18
  1934   1934  241.92   26.00   2      1951.03      1950.67
  1935   1935  241.92   28.00   2      1863.22      1863.12
  1936   1936  241.92   30.00   2      1782.53      1782.30
  1937   1937  241.92   32.00   2      1706.79      1706.67
  1938   1938  241.92   34.00   2      1636.04      1635.86
  1939   1939  241.92   36.00   2      1569.56      1569.27
  1940   1940  241.92   38.00   2      1505.67      1505.56
  1941   1941  241.92   40.00   2      1445.61      1445.37
  1942   1942  241.92   42.00   2      1387.27      1387.15
  1943   1943  241.92   44.00   2      1331.32      1331.07
  1944   1944  241.92   46.00   2      1276.27      1276.14
  1945   1945  241.92   48.00   2      1222.06      1221.85
  1946   1946  241.92   50.00   2      1168.63      1168.33
  1947   1947  241.92   52.00   2      1113.28      1113.08
  1948   1948  241.92   54.00   2      1056.49      1056.06
  1949   1949  241.92   56.00   2       994.91       994.69
  1950   1950  241.92   58.00   2       926.56       925.34
  1951   1951  241.92   60.00   2       842.82       841.32
  1952   1952  241.92   62.00   2       728.94       725.96
  1953   1953  241.92   64.00   2       603.71       601.12
  1954   1954  241.92   66.00   2       487.84       484.00
  1955   1955  241.92   68.00   2       384.41       381.12
  1956   1956  243.92    0.00   2      3316.10      3314.90
  1957   1957  243.92    2.00   2      3434.60      3437.40
  1958   1958  243.92    4.00   2      3398.30      3397.50
  1959   1959  243.92    6.00   2      3267.90      3267.30
  1960   1960  243.92    8.00   2      3108.00      3106.60
  1961   1961  243.92   10.00   2      2934.70      2934.20
  1962   1962  243.92   12.00   2      2772.00      2770.80
  1963   1963  243.92   14.00   2      2615.20      2614.81
  1964   1964  243.92   16.00   2      2472.51      2472.25
  1965   1965  243.92   18.00   2      2342.16      2341.95
  1966   1966  243.92   20.00   2      2223.51      2223.07
  1967   1967  243.92   22.00   2      2113.99      2113.80
  1968   1968  243.92   24.00   2      2014.18      2013.93
  1969   1969  243.92   26.00   2      1922.06      1921.91
  1970   1970  243.92   28.00   2      1836.97      1836.78
  1971   1971  243.92   30.00   2      1758.19      1757.91
  1972   1972  243.92   32.00   2      1683.89      1683.78
  1973   1973  243.92   34.00   2      1614.53      1614.32
  1974   1974  243.92   36.00   2      1548.84      1548.76
  1975   1975  243.92   38.00   2      1486.69      1486.54
  1976   1976  243.92   40.00   2      1427.59      1427.27
  1977   1977  243.92   42.00   2      1369.63      1369.49
  1978   1978  243.92   44.00   2      1314.40      1314.13
  1979   1979  243.92   46.00   2      1259.81      1259.73
  1980   1980  243.92   48.00   2      1206.42      1206.15
  1981   1981  243.92   50.00   2      1152.25      1152.05
  1982   1982  243.92   52.00   2      1097.13      1096.89
  1983   1983  243.92   54.00   2      1039.20      1039.10
  1984   1984  243.92   56.00   2       976.83       976.58
  1985   1985  243.92   58.00   2       905.28       904.94
  1986   1986  243.92   60.00   2       816.35       813.49
  1987   1987  243.92   62.00   2       695.78       693.11
  1988   1988  243.92   64.00   2       573.51       570.61
  1989   1989  243.92   66.00   2       460.52       456.65
  1990   1990  243.92   68.00   2       359.31       357.81
  1991   1991  245.92    0.00   2      3325.10      3323.90
  1992   1992  245.92    2.00   2      3389.90      3391.10
  1993   1993  245.92    4.00   2      3326.40      3324.40
  1994   1994  245.92    6.00   2      3185.50      3184.70
  1995   1995  245.92    8.00   2      3026.20      3023.80
  1996   1996  245.92   10.00   2      2856.20      2855.20
  1997   1997  245.92   12.00   2      2695.38      2695.11
  1998   1998  245.92   14.00   2      2547.35      2547.14
  1999   1999  245.92   16.00   2      2411.31      2410.94
  2000   2000  245.92   18.00   2      2286.23      2286.00
  2001   2001  245.92   20.00   2      2172.11      2171.93
  2002   2002  245.92   22.00   2      2067.40      2067.27
  2003   2003  245.92   24.00   2      1971.41      1971.26
  2004   2004  245.92   26.00   2      1882.98      1882.72
  2005   2005  245.92   28.00   2      1800.35      1800.21
  2006   2006  245.92   30.00   2      1723.58      1723.36
  2007   2007  245.92   32.00   2      1651.49      1651.43
  2008   2008  245.92   34.00   2      1583.76      1583.57
  2009   2009  245.92   36.00   2      1520.16      1519.91
  2010   2010  245.92   38.00   2      1458.68      1458.60
  2011   2011  245.92   40.00   2      1400.41      1400.22
  2012   2012  245.92   42.00   2      1343.65      1343.62
  2013   2013  245.92   44.00   2      1288.98      1288.81
  2014   2014  245.92   46.00   2      1235.60      1235.26
  2015   2015  245.92   48.00   2      1181.20      1181.00
  2016   2016  245.92   50.00   2      1127.27      1126.95
  2017   2017  245.92   52.00   2      1070.86      1070.76
  2018   2018  245.92   54.00   2      1011.92      1011.52
  2019   2019  245.92   56.00   2       945.82       945.50
  2020   2020  245.92   58.00   2       867.83       866.62
  2021   2021  245.92   60.00   2       763.05       760.36
  2022   2022  245.92   62.00   2       639.30       634.65
  2023   2023  245.92   64.00   2       520.72       516.00
  2024   2024  245.92   66.00   2       411.91       409.54
  2025   2025  247.92    0.00   2      3309.50      3308.90
  2026   2026  247.92    2.00   2      3326.70      3324.50
  2027   2027  247.92    4.00   2      3226.60      3224.60
  2028   2028  247.92    6.00   2      3077.60      3076.70
  2029   2029  247.92    8.00   2      2919.70      2918.00
  2030   2030  247.92   10.00   2      2756.20      2755.60
  2031   2031  247.92   12.00   2      2604.16      2603.93
  2032   2032  247.92   14.00   2      2463.53      2463.17
  2033   2033  247.92   16.00   2      2334.24      2334.04
  2034   2034  247.92   18.00   2      2215.97      2215.76
  2035   2035  247.92   20.00   2      2107.47      2107.41
  2036   2036  247.92   22.00   2      2008.17      2008.04
  2037   2037  247.92   24.00   2      1916.57      1916.34
  2038   2038  247.92   26.00   2      1831.38      1831.28
  2039   2039  247.92   28.00   2      1752.39      1752.24
  2040   2040  247.92   30.00   2      1678.40      1678.30
  2041   2041  247.92   32.00   2      1609.20      1609.03
  2042   2042  247.92   34.00   2      1543.87      1543.58
  2043   2043  247.92   36.00   2      1481.15      1481.09
  2044   2044  247.92   38.00   2      1421.74      1421.58
  2045   2045  247.92   40.00   2      1364.20      1364.12
  2046   2046  247.92   42.00   2      1308.74      1308.58
  2047   2047  247.92   44.00   2      1254.90      1254.61
  2048   2048  247.92   46.00   2      1200.73      1200.60
  2049   2049  247.92   48.00   2      1147.07      1146.80
  2050   2050  247.92   50.00   2      1091.46      1091.30
  2051   2051  247.92   52.00   2      1033.61      1033.25
  2052   2052  247.92   54.00   2       970.05       969.79
  2053   2053  247.92   56.00   2       896.93       895.38
  2054   2054  247.92   58.00   2       803.40       800.97
  2055   2055  247.92   60.00   2       680.31       677.78
  2056   2056  247.92   62.00   2       559.24       554.51
  2057   2057  247.92   64.00   2       445.32       442.95
  2058   2058  247.92   66.00   2       347.20       344.46
  2059   2059  249.92    0.00   2      3257.70      3258.92
  2060   2060  249.92    2.00   2      3216.96      3217.12
  2061   2061  249.92    4.00   2      3097.39      3097.36
  2062   2062  249.92    6.00   2      2947.17      2947.01
  2063   2063  249.92    8.00   2      2790.58      2790.34
  2064   2064  249.92   10.00   2      2638.66      2638.48
  2065   2065  249.92   12.00   2      2496.45      2496.03
  2066   2066  249.92   14.00   2      2364.28      2364.08
  2067   2067  249.92   16.00   2      2243.30      2243.06
  2068   2068  249.92   18.00   2      2132.49      2132.33
  2069   2069  249.92   20.00   2      2030.65      2030.47
  2070   2070  249.92   22.00   2      1937.23      1936.81
  2071   2071  249.92   24.00   2      1849.75      1849.66
  2072   2072  249.92   26.00   2      1769.34      1769.17
  2073   2073  249.92   28.00   2      1693.92      1693.84
  2074   2074  249.92   30.00   2      1623.42      1623.25
  2075   2075  249.92   32.00   2      1557.49      1557.17
  2076   2076  249.92   34.00   2      1493.45      1493.28
  2077   2077  249.92   36.00   2      1433.48      1433.20
  2078   2078  249.92   38.00   2      1374.85      1374.76
  2079   2079  249.92   40.00   2      1319.03      1318.84
  2080   2080  249.92   42.00   2      1263.99      1263.86
  2081   2081  249.92   44.00   2      1209.81      1209.68
  2082   2082  249.92   46.00   2      1156.11      1155.78
  2083   2083  249.92   48.00   2      1099.81      1099.59
  2084   2084  249.92   50.00   2      1042.33      1041.96
  2085   2085  249.92   52.00   2       978.92       978.64
  2086   2086  249.92   54.00   2       907.13       905.62
  2087   2087  249.92   56.00   2       815.17       813.52
  2088   2088  249.92   58.00   2       694.41       691.16
  2089   2089  249.92   60.00   2       570.36       567.53
  2090   2090  249.92   62.00   2       457.00       452.88
  2091   2091  249.92   64.00   2       354.57       353.12
  2092   2092  251.92    0.00   2      3164.10      3166.60
  2093   2093  251.92    2.00   2      3080.46      3080.58
  2094   2094  251.92    4.00   2      2947.15      2946.79
  2095   2095  251.92    6.00   2      2796.80      2796.60
  2096   2096  251.92    8.00   2      2647.55      2647.17
  2097   2097  251.92   10.00   2      2505.06      2504.86
  2098   2098  251.92   12.00   2      2373.04      2372.74
  2099   2099  251.92   14.00   2      2250.92      2250.77
  2100   2100  251.92   16.00   2      2138.88      2138.63
  2101   2101  251.92   18.00   2      2036.48      2036.08
  2102   2102  251.92   20.00   2      1940.95      1940.85
  2103   2103  251.92   22.00   2      1853.50      1853.27
  2104   2104  251.92   24.00   2      1771.66      1771.54
  2105   2105  251.92   26.00   2      1695.91      1695.72
  2106   2106  251.92   28.00   2      1625.00      1624.70
  2107   2107  251.92   30.00   2      1557.20      1557.14
  2108   2108  251.92   32.00   2      1494.18      1493.87
  2109   2109  251.92   34.00   2      1433.05      1432.87
  2110   2110  251.92   36.00   2      1374.15      1373.97
  2111   2111  251.92   38.00   2      1317.33      1317.22
  2112   2112  251.92   40.00   2      1261.90      1261.70
  2113   2113  251.92   42.00   2      1207.52      1207.24
  2114   2114  251.92   44.00   2      1152.12      1151.92
  2115   2115  251.92   46.00   2      1096.53      1096.14
  2116   2116  251.92   48.00   2      1037.31      1037.07
  2117   2117  251.92   50.00   2       973.43       972.07
  2118   2118  251.92   52.00   2       899.40       897.98
  2119   2119  251.92   54.00   2       804.51       801.98
  2120   2120  251.92   56.00   2       680.20       676.39
  2121   2121  251.92   58.00   2       555.74       551.76
  2122   2122  251.92   60.00   2       442.31       438.90
  2123   2123  251.92   62.00   2       340.70       339.11
  2124   2124  253.92    0.00   2      3019.57      3022.08
  2125   2125  253.92    2.00   2      2908.54      2908.28
  2126   2126  253.92    4.00   2      2768.45      2768.36
  2127   2127  253.92    6.00   2      2625.54      2625.14
  2128   2128  253.92    8.00   2      2486.11      2485.98
  2129   2129  253.92   10.00   2      2355.85      2355.55
  2130   2130  253.92   12.00   2      2234.54      2234.38
  2131   2131  253.92   14.00   2      2123.21      2122.99
  2132   2132  253.92   16.00   2      2021.44      2020.98
  2133   2133  253.92   18.00   2      1926.21      1926.07
  2134   2134  253.92   20.00   2      1839.24      1838.99
  2135   2135  253.92   22.00   2      1757.63      1757.51
  2136   2136  253.92   24.00   2      1681.62      1681.35
  2137   2137  253.92   26.00   2      1610.23      1610.08
  2138   2138  253.92   28.00   2      1543.05      1542.89
  2139   2139  253.92   30.00   2      1479.75      1479.43
  2140   2140  253.92   32.00   2      1418.47      1418.35
  2141   2141  253.92   34.00   2      1359.98      1359.73
  2142   2142  253.92   36.00   2      1302.71      1302.63
  2143   2143  253.92   38.00   2      1246.92      1246.79
  2144   2144  253.92   40.00   2      1192.24      1191.89
  2145   2145  253.92   42.00   2      1135.88      1135.66
  2146   2146  253.92   44.00   2      1078.73      1078.39
  2147   2147  253.92   46.00   2      1017.35      1017.13
  2148   2148  253.92   48.00   2       950.28       949.02
  2149   2149  253.92   50.00   2       870.11       868.85
  2150   2150  253.92   52.00   2       762.64       758.35
  2151   2151  253.92   54.00   2       633.33       629.59
  2152   2152  253.92   56.00   2       510.08       507.18
  2153   2153  253.92   58.00   2       399.32       396.90
  2154   2154  253.92   60.00   2       304.16       302.66
  2155   2155  255.92    0.00   2      2819.40      2820.85
  2156   2156  255.92    2.00   2      2698.00      2698.04
  2157   2157  255.92    4.00   2      2563.77      2563.70
  2158   2158  255.92    6.00   2      2431.96      2431.76
  2159   2159  255.92    8.00   2      2306.32      2306.21
  2160   2160  255.92   10.00   2      2189.00      2188.82
  2161   2161  255.92   12.00   2      2080.91      2080.57
  2162   2162  255.92   14.00   2      1980.41      1980.30
  2163   2163  255.92   16.00   2      1888.15      1887.91
  2164   2164  255.92   18.00   2      1802.24      1802.13
  2165   2165  255.92   20.00   2      1722.36      1722.16
  2166   2166  255.92   22.00   2      1648.19      1647.81
  2167   2167  255.92   24.00   2      1577.41      1577.34
  2168   2168  255.92   26.00   2      1511.46      1511.19
  2169   2169  255.92   28.00   2      1448.03      1447.92
  2170   2170  255.92   30.00   2      1387.52      1387.39
  2171   2171  255.92   32.00   2      1328.82      1328.75
  2172   2172  255.92   34.00   2      1272.14      1271.92
  2173   2173  255.92   36.00   2      1216.44      1216.10
  2174   2174  255.92   38.00   2      1159.48      1159.33
  2175   2175  255.92   40.00   2      1102.84      1102.47
  2176   2176  255.92   42.00   2      1042.71      1042.55
  2177   2177  255.92   44.00   2       977.66       976.06
  2178   2178  255.92   46.00   2       902.21       901.01
  2179   2179  255.92   48.00   2       805.22       803.72
  2180   2180  255.92   50.00   2       677.17       675.07
  2181   2181  255.92   52.00   2       549.99       547.10
  2182   2182  255.92   54.00   2       435.08       430.91
  2183   2183  255.92   56.00   2       331.24       330.01
  2184   2184  255.92   58.00   2       247.49       246.20
  2185   2185  257.92    0.00   2      2573.84      2574.99
  2186   2186  257.92    2.00   2      2456.80      2456.71
  2187   2187  257.92    4.00   2      2336.19      2336.13
  2188   2188  257.92    6.00   2      2219.86      2219.63
  2189   2189  257.92    8.00   2      2109.80      2109.70
  2190   2190  257.92   10.00   2      2007.39      2007.21
  2191   2191  257.92   12.00   2      1912.73      1912.33
  2192   2192  257.92   14.00   2      1823.70      1823.58
  2193   2193  257.92   16.00   2      1741.20      1741.05
  2194   2194  257.92   18.00   2      1664.01      1663.96
  2195   2195  257.92   20.00   2      1591.98      1591.81
  2196   2196  257.92   22.00   2      1524.40      1524.08
  2197   2197  257.92   24.00   2      1458.91      1458.75
  2198   2198  257.92   26.00   2      1397.31      1396.99
  2199   2199  257.92   28.00   2      1337.20      1337.14
  2200   2200  257.92   30.00   2      1279.62      1279.42
  2201   2201  257.92   32.00   2      1222.19      1222.08
  2202   2202  257.92   34.00   2      1165.46      1165.27
  2203   2203  257.92   36.00   2      1107.93      1107.56
  2204   2204  257.92   38.00   2      1047.06      1046.78
  2205   2205  257.92   40.00   2       981.93       980.53
  2206   2206  257.92   42.00   2       906.04       904.76
  2207   2207  257.92   44.00   2       808.69       806.07
  2208   2208  257.92   46.00   2       679.05       676.18
  2209   2209  257.92   48.00   2       552.12       547.73
  2210   2210  257.92   50.00   2       433.19       430.71
  2211   2211  257.92   52.00   2       330.09       328.27
  2212   2212  257.92   54.00   2       246.46       243.94
  2213   2213  259.92    0.00   2      2296.71      2297.90
  2214   2214  259.92    2.00   2      2193.25      2193.22
  2215   2215  259.92    4.00   2      2089.72      2089.68
  2216   2216  259.92    6.00   2      1990.93      1990.82
  2217   2217  259.92    8.00   2      1898.04      1897.68
  2218   2218  259.92   10.00   2      1809.66      1809.55
  2219   2219  259.92   12.00   2      1727.95      1727.70
  2220   2220  259.92   14.00   2      1650.67      1650.55
  2221   2221  259.92   16.00   2      1578.31      1578.13
  2222   2222  259.92   18.00   2      1510.45      1510.08
  2223   2223  259.92   20.00   2      1444.50      1444.38
  2224   2224  259.92   22.00   2      1382.71      1382.40
  2225   2225  259.92   24.00   2      1322.16      1322.04
  2226   2226  259.92   26.00   2      1263.67      1263.43
  2227   2227  259.92   28.00   2      1205.64      1205.52
  2228   2228  259.92   30.00   2      1147.77      1147.54
  2229   2229  259.92   32.00   2      1089.03      1088.65
  2230   2230  259.92   34.00   2      1025.53      1025.27
  2231   2231  259.92   36.00   2       955.99       955.72
  2232   2232  259.92   38.00   2       874.28       872.67
  2233   2233  259.92   40.00   2       762.93       759.53
  2234   2234  259.92   42.00   2       629.02       626.03
  2235   2235  259.92   44.00   2       504.23       500.29
  2236   2236  259.92   46.00   2       390.96       388.32
  2237   2237  259.92   48.00   2       293.85       292.33
  2238   2238  259.92   50.00   2       217.34       216.01
  2239   2239  259.92   52.00   2       163.75       163.39
  2240   2240  261.92    0.00   2      1994.87      1995.25
  2241   2241  261.92    2.00   2      1910.58      1910.32
  2242   2242  261.92    4.00   2      1825.78      1825.74
  2243   2243  261.92    6.00   2      1744.83      1744.68
  2244   2244  261.92    8.00   2      1667.46      1667.38
  2245   2245  261.92   10.00   2      1594.28      1594.09
  2246   2246  261.92   12.00   2      1524.44      1524.34
  2247   2247  261.92   14.00   2      1458.07      1457.97
  2248   2248  261.92   16.00   2      1395.08      1394.77
  2249   2249  261.92   18.00   2      1333.45      1333.36
  2250   2250  261.92   20.00   2      1274.28      1273.98
  2251   2251  261.92   22.00   2      1215.38      1215.27
  2252   2252  261.92   24.00   2      1156.96      1156.74
  2253   2253  261.92   26.00   2      1097.06      1096.91
  2254   2254  261.92   28.00   2      1034.34      1034.03
  2255   2255  261.92   30.00   2       965.42       965.21
  2256   2256  261.92   32.00   2       885.24       884.00
  2257   2257  261.92   34.00   2       778.62       774.58
  2258   2258  261.92   36.00   2       645.49       641.86
  2259   2259  261.92   38.00   2       518.37       513.91
  2260   2260  261.92   40.00   2       401.75       400.35
  2261   2261  261.92   42.00   2       303.39       300.96
  2262   2262  261.92   44.00   2       224.82       223.45
  2263   2263  261.92   46.00   2       168.37       167.01
  2264   2264  261.92   48.00   2       135.19       134.99
  2265   2265  263.92    0.00   2      1668.69      1669.98
  2266   2266  263.92    2.00   2      1604.58      1604.61
  2267   2267  263.92    4.00   2      1539.57      1539.49
  2268   2268  263.92    6.00   2      1476.22      1476.02
  2269   2269  263.92    8.00   2      1413.82      1413.73
  2270   2270  263.92   10.00   2      1354.16      1353.90
  2271   2271  263.92   12.00   2      1294.86      1294.78
  2272   2272  263.92   14.00   2      1237.03      1236.86
  2273   2273  263.92   16.00   2      1178.99      1178.92
  2274   2274  263.92   18.00   2      1120.66      1120.49
  2275   2275  263.92   20.00   2      1060.41      1060.06
  2276   2276  263.92   22.00   2       993.98       993.64
  2277   2277  263.92   24.00   2       919.61       918.23
  2278   2278  263.92   26.00   2       826.00       823.45
  2279   2279  263.92   28.00   2       699.57       696.32
  2280   2280  263.92   30.00   2       568.75       564.71
  2281   2281  263.92   32.00   2       448.72       446.03
  2282   2282  263.92   34.00   2       343.47       342.22
  2283   2283  263.92   36.00   2       257.61       254.99
  2284   2284  263.92   38.00   2       190.30       189.09
  2285   2285  263.92   40.00   2       147.14       147.08
  2286   2286  263.92   42.00   2       126.22       125.83
  2287   2287  265.92    0.00   2      1312.99      1314.21
  2288   2288  265.92    2.00   2      1269.53      1269.36
  2289   2289  265.92    4.00   2      1220.97      1220.91
  2290   2290  265.92    6.00   2      1171.09      1170.90
  2291   2291  265.92    8.00   2      1118.35      1118.26
  2292   2292  265.92   10.00   2      1063.53      1063.18
  2293   2293  265.92   12.00   2      1002.60      1002.43
  2294   2294  265.92   14.00   2       934.85       933.60
  2295   2295  265.92   16.00   2       851.24       849.73
  2296   2296  265.92   18.00   2       736.97       734.47
  2297   2297  265.92   20.00   2       610.53       607.99
  2298   2298  265.92   22.00   2       492.33       489.76
  2299   2299  265.92   24.00   2       386.11       383.46
  2300   2300  265.92   26.00   2       293.10       291.79
  2301   2301  265.92   28.00   2       220.48       218.90
  2302   2302  265.92   30.00   2       166.78       166.52
  2303   2303  265.92   32.00   2       135.55       135.33
  2304   2304  265.92   34.00   2       121.40       121.13
  2305   2305  265.92   36.00   2       116.09       115.94
  2306   2306  267.92    0.00   2       764.18       768.03
  2307   2307  267.92    2.00   2       711.51       711.79
  2308   2308  267.92    4.00   2       639.45       639.07
  2309   2309  267.92    6.00   2       559.38       558.07
  2310   2310  267.92    8.00   2       475.39       474.02
  2311   2311  267.92   10.00   2       394.20       392.87
  2312   2312  267.92   12.00   2       318.89       316.23
  2313   2313  267.92   14.00   2       251.26       250.03
  2314   2314  267.92   16.00   2       196.21       195.79
  2315   2315  267.92   18.00   2       156.86       156.49
  2316   2316  267.92   20.00   2       133.09       132.86
  2317   2317  267.92   22.00   2       120.86       120.64
  2318   2318  267.92   24.00   2       115.80       115.77
  2319   2319  267.92   26.00   2       115.59       115.53
  2320   2320  267.92   28.00   2       115.43       115.42
  2321   2321  267.92   30.00   2       115.36       115.34
  2322   2322  269.92    0.00   2       115.43       115.42
  2323   2323  269.92    2.00   2       115.42       115.41
  2324   2324  269.92    4.00   2       115.40       115.40
  2325   2325  269.92    6.00   2       115.36       115.35
  2326   2326  269.92    8.00   2       115.33       115.34
  2327   2327  269.92   10.00   2       115.30       115.27
  2328   2328  269.92   12.00   2       115.28       115.28
  2329   2329  269.92   14.00   2       115.26       115.24
  2330   2330  269.92   16.00   2       115.24       115.23
  2331   2331  269.92   18.00   2       115.23       115.23
  2332   2332  269.92   20.00   2       115.23       115.20
# END: scan time was  12308.45979  seconds
