# Sensor scan measurement of Sensor IR751
# Iin=    34.78 mA ,  Vin= 12138.20 mV, T=    18.68 C 
# scanRangeX 151.50 mm; scanRangeY  70.00 mm; stepSize   2.00 mm; initialOffset   4.00 mm; sensorX 195.50 mm; start position at (x|y)=(119.92|  0.00) mm
# iStep, iStep, Pos x, Pos y, nMeas, Meas1 ... MeasN
   591    591  161.92    0.00   2       112.25       112.24
   592    592  161.92    2.00   2       112.15       112.18
   593    593  161.92    4.00   2       112.31       112.26
   594    594  161.92    6.00   2       112.10       112.14
   595    595  161.92    8.00   2       112.19       112.18
   596    596  161.92   10.00   2       112.11       112.13
   597    597  161.92   12.00   2       112.15       112.15
   598    598  161.92   14.00   2       112.11       112.13
   599    599  161.92   16.00   2       112.08       112.09
   600    600  161.92   18.00   2       112.11       112.12
   644    644  163.92   30.00   2       112.16       112.14
   645    645  163.92   28.00   2       112.22       112.17
   646    646  163.92   26.00   2       112.04       112.08
   647    647  163.92   24.00   2       112.16       112.16
   648    648  163.92   22.00   2       112.17       112.18
   649    649  163.92   20.00   2       112.27       112.28
   650    650  163.92   18.00   2       114.48       114.48
   651    651  163.92   16.00   2       127.22       127.28
   652    652  163.92   14.00   2       163.52       163.58
   653    653  163.92   12.00   2       220.88       221.24
   654    654  163.92   10.00   2       286.97       288.27
   655    655  163.92    8.00   2       373.07       373.21
   656    656  163.92    6.00   2       479.23       480.49
   657    657  163.92    4.00   2       601.73       602.98
   658    658  163.92    2.00   2       734.22       736.58
   659    659  163.92    0.00   2       848.02       848.24
   660    660  165.92    0.00   2      1370.62      1370.92
   661    661  165.92    2.00   2      1311.15      1311.24
   662    662  165.92    4.00   2      1249.09      1249.04
   663    663  165.92    6.00   2      1186.36      1186.35
   664    664  165.92    8.00   2      1124.16      1124.15
   665    665  165.92   10.00   2      1061.73      1061.68
   666    666  165.92   12.00   2       997.00       996.86
   667    667  165.92   14.00   2       919.90       919.70
   668    668  165.92   16.00   2       821.25       820.95
   669    669  165.92   18.00   2       687.77       686.13
   670    670  165.92   20.00   2       545.14       543.88
   671    671  165.92   22.00   2       416.74       415.42
   672    672  165.92   24.00   2       304.89       303.50
   673    673  165.92   26.00   2       215.68       214.55
   674    674  165.92   28.00   2       153.93       153.80
   675    675  165.92   30.00   2       123.28       123.18
   676    676  165.92   32.00   2       113.04       113.05
   677    677  165.92   34.00   2       112.44       112.41
   678    678  165.92   36.00   2       112.21       112.25
   705    705  167.92   42.00   2       112.99       113.03
   706    706  167.92   40.00   2       121.67       121.63
   707    707  167.92   38.00   2       145.39       145.43
   708    708  167.92   36.00   2       192.90       193.08
   709    709  167.92   34.00   2       265.04       265.36
   710    710  167.92   32.00   2       358.75       359.95
   711    711  167.92   30.00   2       471.74       473.23
   712    712  167.92   28.00   2       602.48       603.89
   713    713  167.92   26.00   2       746.52       749.38
   714    714  167.92   24.00   2       871.07       872.37
   715    715  167.92   22.00   2       961.23       961.46
   716    716  167.92   20.00   2      1035.48      1035.60
   717    717  167.92   18.00   2      1102.11      1102.14
   718    718  167.92   16.00   2      1165.46      1165.55
   719    719  167.92   14.00   2      1229.41      1229.41
   720    720  167.92   12.00   2      1294.81      1294.87
   721    721  167.92   10.00   2      1361.45      1361.41
   722    722  167.92    8.00   2      1430.62      1430.66
   723    723  167.92    6.00   2      1504.88      1504.89
   724    724  167.92    4.00   2      1583.33      1583.39
   725    725  167.92    2.00   2      1665.53      1665.57
   726    726  167.92    0.00   2      1751.15      1751.23
   727    727  169.92    0.00   2      2100.20      2100.25
   728    728  169.92    2.00   2      1991.43      1991.40
   729    729  169.92    4.00   2      1886.95      1886.89
   730    730  169.92    6.00   2      1788.17      1788.15
   731    731  169.92    8.00   2      1696.29      1696.24
   732    732  169.92   10.00   2      1611.21      1611.19
   733    733  169.92   12.00   2      1531.62      1531.61
   734    734  169.92   14.00   2      1457.16      1457.13
   735    735  169.92   16.00   2      1387.61      1387.61
   736    736  169.92   18.00   2      1345.91      1322.35
   737    737  169.92   20.00   2      1259.13      1259.11
   738    738  169.92   22.00   2      1198.35      1198.23
   739    739  169.92   24.00   2      1138.25      1138.22
   740    740  169.92   26.00   2      1078.32      1078.25
   741    741  169.92   28.00   2      1016.62      1016.50
   742    742  169.92   30.00   2       949.78       949.60
   743    743  169.92   32.00   2       872.77       872.45
   744    744  169.92   34.00   2       769.62       769.37
   745    745  169.92   36.00   2       639.49       637.90
   746    746  169.92   38.00   2       513.06       511.74
   747    747  169.92   40.00   2       399.64       397.85
   748    748  169.92   42.00   2       303.29       301.87
   749    749  169.92   44.00   2       223.90       222.57
   750    750  169.92   46.00   2       165.30       165.12
   764    764  171.92   50.00   2       240.18       240.18
   765    765  171.92   48.00   2       315.62       315.95
   766    766  171.92   46.00   2       406.46       406.64
   767    767  171.92   44.00   2       510.32       511.82
   768    768  171.92   42.00   2       629.15       630.74
   769    769  171.92   40.00   2       758.28       759.45
   770    770  171.92   38.00   2       865.77       866.83
   771    771  171.92   36.00   2       946.47       946.71
   772    772  171.92   34.00   2      1013.61      1013.75
   773    773  171.92   32.00   2      1074.31      1074.44
   774    774  171.92   30.00   2      1131.91      1131.99
   775    775  171.92   28.00   2      1189.32      1189.40
   776    776  171.92   26.00   2      1244.30      1247.23
   777    777  171.92   24.00   2      1306.46      1306.53
   778    778  171.92   22.00   2      1383.66      1368.60
   779    779  171.92   20.00   2      1434.14      1434.16
   780    780  171.92   18.00   2      1503.63      1503.67
   781    781  171.92   16.00   2      1577.58      1577.59
   782    782  171.92   14.00   2      1657.06      1657.13
   783    783  171.92   12.00   2      1720.13      1743.45
   784    784  171.92   10.00   2      1837.26      1837.28
   785    785  171.92    8.00   2      1917.18      1938.81
   786    786  171.92    6.00   2      2049.14      2049.21
   787    787  171.92    4.00   2      2147.45      2168.15
   788    788  171.92    2.00   2      2294.43      2294.50
   789    789  171.92    0.00   2      2380.44      2424.41
   790    790  173.92    0.00   2      2702.80      2703.96
   791    791  173.92    2.00   2      2554.01      2554.38
   792    792  173.92    4.00   2      2410.12      2413.54
   793    793  173.92    6.00   2      2276.35      2276.27
   794    794  173.92    8.00   2      2148.75      2148.67
   795    795  173.92   10.00   2      2032.00      2031.93
   796    796  173.92   12.00   2      1924.90      1924.86
   797    797  173.92   14.00   2      1828.05      1828.09
   798    798  173.92   16.00   2      1738.50      1739.84
   799    799  173.92   18.00   2      1656.59      1656.60
   800    800  173.92   20.00   2      1580.29      1580.28
   801    801  173.92   22.00   2      1509.43      1509.46
   802    802  173.92   24.00   2      1443.53      1443.46
   803    803  173.92   26.00   2      1380.89      1380.89
   804    804  173.92   28.00   2      1321.76      1321.72
   805    805  173.92   30.00   2      1265.58      1265.52
   806    806  173.92   32.00   2      1211.24      1211.20
   807    807  173.92   34.00   2      1147.61      1158.74
   808    808  173.92   36.00   2      1106.33      1106.31
   809    809  173.92   38.00   2      1053.60      1053.37
   810    810  173.92   40.00   2       997.65       997.53
   811    811  173.92   42.00   2       958.43       937.10
   812    812  173.92   44.00   2       856.62       868.47
   813    813  173.92   46.00   2       781.44       780.16
   814    814  173.92   48.00   2       667.35       664.97
   815    815  173.92   50.00   2       554.43       552.26
   816    816  173.92   52.00   2       448.35       446.80
   817    817  173.92   54.00   2       354.26       352.93
   820    820  175.92   58.00   2       390.87       392.29
   821    821  175.92   56.00   2       478.60       480.27
   822    822  175.92   54.00   2       582.55       582.72
   823    823  175.92   52.00   2       692.91       694.13
   824    824  175.92   50.00   2       802.12       803.31
   825    825  175.92   48.00   2       885.92       886.17
   826    826  175.92   46.00   2       952.17       952.31
   827    827  175.92   44.00   2      1010.68      1010.83
   828    828  175.92   42.00   2      1064.17      1064.24
   829    829  175.92   40.00   2      1115.76      1115.81
   830    830  175.92   38.00   2      1166.67      1166.71
   831    831  175.92   36.00   2      1217.80      1217.92
   832    832  175.92   34.00   2      1273.11      1273.14
   833    833  175.92   32.00   2      1327.47      1327.55
   834    834  175.92   30.00   2      1383.87      1383.89
   835    835  175.92   28.00   2      1443.22      1443.26
   836    836  175.92   26.00   2      1506.48      1506.49
   837    837  175.92   24.00   2      1573.69      1573.69
   838    838  175.92   22.00   2      1645.04      1645.00
   839    839  175.92   20.00   2      1721.87      1721.81
   840    840  175.92   18.00   2      1805.56      1805.57
   841    841  175.92   16.00   2      1896.82      1896.69
   842    842  175.92   14.00   2      1996.83      1996.79
   843    843  175.92   12.00   2      2104.29      2104.35
   844    844  175.92   10.00   2      2224.06      2224.07
   845    845  175.92    8.00   2      2353.03      2352.92
   846    846  175.92    6.00   2      2489.73      2489.55
   847    847  175.92    4.00   2      2634.22      2634.37
   848    848  175.92    2.00   2      2797.33      2795.16
   849    849  175.92    0.00   2      2958.95      2952.55
   850    850  177.92    0.00   2      3154.75      3153.68
   851    851  177.92    2.00   2      3017.63      3022.55
   852    852  177.92    4.00   2      2876.23      2876.05
   853    853  177.92    6.00   2      2712.33      2712.21
   854    854  177.92    8.00   2      2555.27      2555.01
   855    855  177.92   10.00   2      2409.68      2409.54
   856    856  177.92   12.00   2      2275.04      2274.96
   857    857  177.92   14.00   2      2152.56      2152.52
   858    858  177.92   16.00   2      2041.32      2041.25
   859    859  177.92   18.00   2      1939.90      1939.90
   860    860  177.92   20.00   2      1847.66      1847.60
   861    861  177.92   22.00   2      1763.06      1763.02
   862    862  177.92   24.00   2      1685.11      1685.07
   863    863  177.92   26.00   2      1612.77      1612.79
   864    864  177.92   28.00   2      1545.84      1545.80
   865    865  177.92   30.00   2      1483.16      1483.15
   866    866  177.92   32.00   2      1424.31      1424.27
   867    867  177.92   34.00   2      1368.74      1368.75
   868    868  177.92   36.00   2      1316.12      1316.07
   869    869  177.92   38.00   2      1265.15      1265.20
   870    870  177.92   40.00   2      1216.09      1216.06
   871    871  177.92   42.00   2      1167.92      1167.89
   872    872  177.92   44.00   2      1120.15      1120.11
   873    873  177.92   46.00   2      1072.33      1072.18
   874    874  177.92   48.00   2      1022.78      1022.73
   875    875  177.92   50.00   2       970.70       970.53
   876    876  177.92   52.00   2       913.02       912.84
   877    877  177.92   54.00   2       845.07       844.74
   878    878  177.92   56.00   2       760.16       758.80
   879    879  177.92   58.00   2       656.59       653.98
   880    880  177.92   60.00   2       553.63       552.42
   881    881  179.92   62.00   2       643.87       643.71
   882    882  179.92   60.00   2       735.91       738.07
   883    883  179.92   58.00   2       824.88       826.15
   884    884  179.92   56.00   2       895.54       896.85
   885    885  179.92   54.00   2       955.51       955.67
   886    886  179.92   52.00   2      1008.31      1008.50
   887    887  179.92   50.00   2      1057.71      1057.77
   888    888  179.92   48.00   2      1105.14      1105.22
   889    889  179.92   46.00   2      1152.03      1152.08
   890    890  179.92   44.00   2      1198.52      1198.57
   891    891  179.92   42.00   2      1245.98      1246.01
   892    892  179.92   40.00   2      1277.82      1294.67
   893    893  179.92   38.00   2      1344.49      1344.51
   894    894  179.92   36.00   2      1396.91      1396.91
   895    895  179.92   34.00   2      1451.86      1451.91
   896    896  179.92   32.00   2      1510.18      1510.21
   897    897  179.92   30.00   2      1571.97      1572.00
   898    898  179.92   28.00   2      1638.81      1638.80
   899    899  179.92   26.00   2      1709.61      1709.64
   900    900  179.92   24.00   2      1786.48      1786.37
   901    901  179.92   22.00   2      1869.64      1869.72
   902    902  179.92   20.00   2      1960.15      1960.25
   903    903  179.92   18.00   2      2059.25      2059.32
   904    904  179.92   16.00   2      2168.51      2168.61
   905    905  179.92   14.00   2      2288.70      2288.72
   906    906  179.92   12.00   2      2420.78      2420.93
   907    907  179.92   10.00   2      2564.60      2564.60
   908    908  179.92    8.00   2      2720.34      2720.54
   909    909  179.92    6.00   2      2884.96      2886.40
   910    910  179.92    4.00   2      3053.84      3053.72
   911    911  179.92    2.00   2      3199.54      3199.67
   912    912  179.92    0.00   2      3288.00      3304.90
   913    913  181.92    0.00   2      3428.10      3464.10
   914    914  181.92    2.00   2      3391.30      3391.30
   915    915  181.92    4.00   2      3243.92      3243.84
   916    916  181.92    6.00   2      3069.75      3069.61
   917    917  181.92    8.00   2      2892.22      2892.07
   918    918  181.92   10.00   2      2722.03      2721.90
   919    919  181.92   12.00   2      2563.93      2563.81
   920    920  181.92   14.00   2      2419.83      2419.75
   921    921  181.92   16.00   2      2288.91      2288.90
   922    922  181.92   18.00   2      2170.97      2170.82
   923    923  181.92   20.00   2      2063.75      2063.73
   924    924  181.92   22.00   2      1966.41      1966.35
   925    925  181.92   24.00   2      1877.35      1877.37
   926    926  181.92   26.00   2      1795.97      1795.86
   927    927  181.92   28.00   2      1720.63      1720.65
   928    928  181.92   30.00   2      1651.28      1651.22
   929    929  181.92   32.00   2      1586.30      1586.34
   930    930  181.92   34.00   2      1525.85      1525.79
   931    931  181.92   36.00   2      1468.99      1468.87
   932    932  181.92   38.00   2      1415.01      1415.01
   933    933  181.92   40.00   2      1364.22      1364.13
   934    934  181.92   42.00   2      1315.04      1315.04
   935    935  181.92   44.00   2      1268.06      1268.01
   936    936  181.92   46.00   2      1222.38      1222.42
   937    937  181.92   48.00   2      1178.23      1178.15
   938    938  181.92   50.00   2      1134.52      1134.32
   939    939  181.92   52.00   2      1090.08      1090.01
   940    940  181.92   54.00   2      1045.23      1045.07
   941    941  181.92   56.00   2       998.09       998.02
   942    942  181.92   58.00   2       948.09       947.82
   943    943  181.92   60.00   2       891.97       891.80
   944    944  181.92   62.00   2       826.76       825.65
   945    945  181.92   64.00   2       742.75       741.20
   946    946  183.92   66.00   2       787.73       787.45
   947    947  183.92   64.00   2       852.69       853.01
   948    948  183.92   62.00   2       911.61       911.76
   949    949  183.92   60.00   2       963.79       963.99
   950    950  183.92   58.00   2      1011.35      1011.65
   951    951  183.92   56.00   2      1057.41      1057.46
   952    952  183.92   54.00   2      1101.15      1101.38
   953    953  183.92   52.00   2      1145.03      1145.07
   954    954  183.92   50.00   2      1188.01      1188.19
   955    955  183.92   48.00   2      1232.27      1232.32
   956    956  183.92   46.00   2      1277.01      1277.13
   957    957  183.92   44.00   2      1322.59      1322.90
   958    958  183.92   42.00   2      1371.41      1371.43
   959    959  183.92   40.00   2      1420.85      1421.06
   960    960  183.92   38.00   2      1473.90      1473.97
   961    961  183.92   36.00   2      1529.77      1529.82
   962    962  183.92   34.00   2      1588.99      1589.01
   963    963  183.92   32.00   2      1652.21      1652.22
   964    964  183.92   30.00   2      1719.64      1719.71
   965    965  183.92   28.00   2      1792.73      1792.80
   966    966  183.92   26.00   2      1871.66      1871.67
   967    967  183.92   24.00   2      1957.39      1957.45
   968    968  183.92   22.00   2      2051.49      2051.50
   969    969  183.92   20.00   2      2154.55      2154.61
   970    970  183.92   18.00   2      2268.21      2268.26
   971    971  183.92   16.00   2      2393.46      2393.55
   972    972  183.92   14.00   2      2532.32      2532.40
   973    973  183.92   12.00   2      2684.99      2685.13
   974    974  183.92   10.00   2      2852.06      2852.15
   975    975  183.92    8.00   2      3031.34      3031.54
   976    976  183.92    6.00   2      3215.92      3216.02
   977    977  183.92    4.00   2      3391.10      3391.10
   978    978  183.92    2.00   2      3528.40      3528.10
   979    979  183.92    0.00   2      3577.80      3575.50
   980    980  185.92    0.00   2      3620.80      3620.70
   981    981  185.92    2.00   2      3634.30      3633.10
   982    982  185.92    4.00   2      3513.40      3513.20
   983    983  185.92    6.00   2      3338.60      3338.20
   984    984  185.92    8.00   2      3147.83      3147.65
   985    985  185.92   10.00   2      2959.95      2959.77
   986    986  185.92   12.00   2      2782.95      2782.85
   987    987  185.92   14.00   2      2621.13      2620.89
   988    988  185.92   16.00   2      2474.38      2474.28
   989    989  185.92   18.00   2      2342.17      2342.05
   990    990  185.92   20.00   2      2222.73      2222.73
   991    991  185.92   22.00   2      2115.50      2115.38
   992    992  185.92   24.00   2      2017.43      2017.41
   993    993  185.92   26.00   2      1928.24      1928.17
   994    994  185.92   28.00   2      1846.37      1846.36
   995    995  185.92   30.00   2      1771.18      1771.18
   996    996  185.92   32.00   2      1701.84      1701.81
   997    997  185.92   34.00   2      1637.16      1637.15
   998    998  185.92   36.00   2      1576.99      1576.95
   999    999  185.92   38.00   2      1520.77      1520.63
  1000   1000  185.92   40.00   2      1467.17      1467.16
  1001   1001  185.92   42.00   2      1417.04      1416.92
  1002   1002  185.92   44.00   2      1369.53      1369.28
  1003   1003  185.92   46.00   2      1322.88      1322.78
  1004   1004  185.92   48.00   2      1278.87      1278.71
  1005   1005  185.92   50.00   2      1235.56      1235.48
  1006   1006  185.92   52.00   2      1193.63      1193.53
  1007   1007  185.92   54.00   2      1152.21      1152.15
  1008   1008  185.92   56.00   2      1111.06      1110.93
  1009   1009  185.92   58.00   2      1070.23      1069.89
  1010   1010  185.92   60.00   2      1027.17      1027.00
  1011   1011  185.92   62.00   2       983.45       983.18
  1012   1012  185.92   64.00   2       936.26       936.04
  1013   1013  185.92   66.00   2       884.75       884.41
  1014   1014  187.92   68.00   2       891.30       891.22
  1015   1015  187.92   66.00   2       937.30       937.36
  1016   1016  187.92   64.00   2       982.06       982.17
  1017   1017  187.92   62.00   2      1024.75      1024.86
  1018   1018  187.92   60.00   2      1065.84      1066.03
  1019   1019  187.92   58.00   2      1106.86      1106.88
  1020   1020  187.92   56.00   2      1147.14      1147.29
  1021   1021  187.92   54.00   2      1188.01      1188.04
  1022   1022  187.92   52.00   2      1229.25      1229.34
  1023   1023  187.92   50.00   2      1271.58      1271.62
  1024   1024  187.92   48.00   2      1314.91      1314.95
  1025   1025  187.92   46.00   2      1359.40      1359.58
  1026   1026  187.92   44.00   2      1406.57      1406.61
  1027   1027  187.92   42.00   2      1455.02      1455.22
  1028   1028  187.92   40.00   2      1506.97      1507.00
  1029   1029  187.92   38.00   2      1561.36      1561.43
  1030   1030  187.92   36.00   2      1619.53      1619.52
  1031   1031  187.92   34.00   2      1681.12      1681.21
  1032   1032  187.92   32.00   2      1746.94      1747.20
  1033   1033  187.92   30.00   2      1819.29      1819.32
  1034   1034  187.92   28.00   2      1896.52      1896.71
  1035   1035  187.92   26.00   2      1981.18      1981.25
  1036   1036  187.92   24.00   2      2072.95      2073.20
  1037   1037  187.92   22.00   2      2174.58      2174.63
  1038   1038  187.92   20.00   2      2286.22      2286.32
  1039   1039  187.92   18.00   2      2409.72      2409.78
  1040   1040  187.92   16.00   2      2546.05      2546.14
  1041   1041  187.92   14.00   2      2697.64      2697.76
  1042   1042  187.92   12.00   2      2863.96      2864.05
  1043   1043  187.92   10.00   2      3045.14      3045.28
  1044   1044  187.92    8.00   2      3237.49      3237.62
  1045   1045  187.92    6.00   2      3428.60      3428.40
  1046   1046  187.92    4.00   2      3581.10      3552.30
  1047   1047  187.92    2.00   2      3697.30      3684.90
  1048   1048  187.92    0.00   2      3612.00      3611.00
  1049   1049  189.92    0.00   2      3609.30      3608.20
  1050   1050  189.92    2.00   2      3741.30      3739.70
  1051   1051  189.92    4.00   2      3648.60      3648.50
  1052   1052  189.92    6.00   2      3487.10      3487.00
  1053   1053  189.92    8.00   2      3297.10      3295.90
  1054   1054  189.92   10.00   2      3105.90      3102.80
  1055   1055  189.92   12.00   2      2915.00      2914.30
  1056   1056  189.92   14.00   2      2748.00      2746.10
  1057   1057  189.92   16.00   2      2587.56      2587.54
  1058   1058  189.92   18.00   2      2448.42      2448.33
  1059   1059  189.92   20.00   2      2322.29      2322.15
  1060   1060  189.92   22.00   2      2208.69      2208.60
  1061   1061  189.92   24.00   2      2105.68      2105.55
  1062   1062  189.92   26.00   2      2012.49      2012.16
  1063   1063  189.92   28.00   2      1926.65      1926.60
  1064   1064  189.92   30.00   2      1848.28      1848.10
  1065   1065  189.92   32.00   2      1775.58      1775.54
  1066   1066  189.92   34.00   2      1708.27      1708.18
  1067   1067  189.92   36.00   2      1646.46      1646.17
  1068   1068  189.92   38.00   2      1587.37      1587.31
  1069   1069  189.92   40.00   2      1533.05      1532.84
  1070   1070  189.92   42.00   2      1481.07      1481.07
  1071   1071  189.92   44.00   2      1432.54      1432.43
  1072   1072  189.92   46.00   2      1385.65      1385.65
  1073   1073  189.92   48.00   2      1341.44      1341.38
  1074   1074  189.92   50.00   2      1299.00      1298.81
  1075   1075  189.92   52.00   2      1257.07      1257.00
  1076   1076  189.92   54.00   2      1217.03      1216.90
  1077   1077  189.92   56.00   2      1177.60      1177.54
  1078   1078  189.92   58.00   2      1138.87      1138.76
  1079   1079  189.92   60.00   2      1100.25      1100.19
  1080   1080  189.92   62.00   2      1061.68      1061.57
  1081   1081  189.92   64.00   2      1022.91      1022.65
  1082   1082  189.92   66.00   2       981.84       981.71
  1083   1083  189.92   68.00   2       939.94       939.60
  1084   1084  191.92   68.00   2       969.64       969.64
  1085   1085  191.92   66.00   2      1007.28      1007.57
  1086   1086  191.92   64.00   2      1046.01      1046.01
  1087   1087  191.92   62.00   2      1083.43      1083.59
  1088   1088  191.92   60.00   2      1121.18      1121.19
  1089   1089  191.92   58.00   2      1158.84      1159.01
  1090   1090  191.92   56.00   2      1197.69      1197.71
  1091   1091  191.92   54.00   2      1237.05      1237.18
  1092   1092  191.92   52.00   2      1277.50      1277.54
  1093   1093  191.92   50.00   2      1318.91      1318.94
  1094   1094  191.92   48.00   2      1361.64      1361.89
  1095   1095  191.92   46.00   2      1407.70      1407.75
  1096   1096  191.92   44.00   2      1454.76      1454.92
  1097   1097  191.92   42.00   2      1504.75      1504.80
  1098   1098  191.92   40.00   2      1556.81      1556.93
  1099   1099  191.92   38.00   2      1612.59      1612.66
  1100   1100  191.92   36.00   2      1671.70      1671.81
  1101   1101  191.92   34.00   2      1735.36      1735.40
  1102   1102  191.92   32.00   2      1803.73      1803.75
  1103   1103  191.92   30.00   2      1876.91      1877.17
  1104   1104  191.92   28.00   2      1957.54      1957.59
  1105   1105  191.92   26.00   2      2044.20      2044.41
  1106   1106  191.92   24.00   2      2139.48      2139.53
  1107   1107  191.92   22.00   2      2243.45      2243.52
  1108   1108  191.92   20.00   2      2358.52      2358.61
  1109   1109  191.92   18.00   2      2485.42      2485.60
  1110   1110  191.92   16.00   2      2626.88      2626.88
  1111   1111  191.92   14.00   2      2783.50      2783.66
  1112   1112  191.92   12.00   2      2954.38      2954.51
  1113   1113  191.92   10.00   2      3139.69      3139.82
  1114   1114  191.92    8.00   2      3333.40      3333.60
  1115   1115  191.92    6.00   2      3521.20      3521.70
  1116   1116  191.92    4.00   2      3673.50      3674.70
  1117   1117  191.92    2.00   2      3739.40      3741.00
  1118   1118  191.92    0.00   2      3589.40      3589.10
  1119   1119  193.92    0.00   2      3585.20      3583.60
  1120   1120  193.92    2.00   2      3746.10      3747.70
  1121   1121  193.92    4.00   2      3715.10      3712.80
  1122   1122  193.92    6.00   2      3562.10      3558.90
  1123   1123  193.92    8.00   2      3365.90      3364.90
  1124   1124  193.92   10.00   2      3169.80      3167.50
  1125   1125  193.92   12.00   2      2975.20      2974.30
  1126   1126  193.92   14.00   2      2802.40      2801.10
  1127   1127  193.92   16.00   2      2640.38      2640.20
  1128   1128  193.92   18.00   2      2497.64      2497.47
  1129   1129  193.92   20.00   2      2369.32      2369.43
  1130   1130  193.92   22.00   2      2253.44      2253.37
  1131   1131  193.92   24.00   2      2148.51      2148.43
  1132   1132  193.92   26.00   2      2053.54      2053.27
  1133   1133  193.92   28.00   2      1966.07      1966.03
  1134   1134  193.92   30.00   2      1886.39      1886.23
  1135   1135  193.92   32.00   2      1812.81      1812.76
  1136   1136  193.92   34.00   2      1744.90      1744.82
  1137   1137  193.92   36.00   2      1682.34      1682.11
  1138   1138  193.92   38.00   2      1622.70      1622.69
  1139   1139  193.92   40.00   2      1568.10      1567.93
  1140   1140  193.92   42.00   2      1515.94      1515.92
  1141   1141  193.92   44.00   2      1467.00      1466.93
  1142   1142  193.92   46.00   2      1421.06      1420.83
  1143   1143  193.92   48.00   2      1376.02      1375.95
  1144   1144  193.92   50.00   2      1333.64      1333.48
  1145   1145  193.92   52.00   2      1292.39      1292.31
  1146   1146  193.92   54.00   2      1253.01      1252.86
  1147   1147  193.92   56.00   2      1214.28      1214.26
  1148   1148  193.92   58.00   2      1176.85      1176.71
  1149   1149  193.92   60.00   2      1140.25      1140.00
  1150   1150  193.92   62.00   2      1103.32      1103.22
  1151   1151  193.92   64.00   2      1067.40      1067.23
  1152   1152  193.92   66.00   2      1030.44      1030.35
  1153   1153  193.92   68.00   2       993.45       993.22
  1154   1154  195.92   68.00   2      1004.96      1005.06
  1155   1155  195.92   66.00   2      1039.65      1039.83
  1156   1156  195.92   64.00   2      1075.46      1075.48
  1157   1157  195.92   62.00   2      1110.66      1110.80
  1158   1158  195.92   60.00   2      1146.85      1146.87
  1159   1159  195.92   58.00   2      1183.36      1183.44
  1160   1160  195.92   56.00   2      1221.05      1221.06
  1161   1161  195.92   54.00   2      1259.17      1259.22
  1162   1162  195.92   52.00   2      1298.17      1298.35
  1163   1163  195.92   50.00   2      1339.42      1339.47
  1164   1164  195.92   48.00   2      1381.59      1381.72
  1165   1165  195.92   46.00   2      1426.30      1426.32
  1166   1166  195.92   44.00   2      1472.73      1472.86
  1167   1167  195.92   42.00   2      1521.97      1522.01
  1168   1168  195.92   40.00   2      1573.76      1573.83
  1169   1169  195.92   38.00   2      1628.91      1628.95
  1170   1170  195.92   36.00   2      1687.39      1687.42
  1171   1171  195.92   34.00   2      1749.94      1750.14
  1172   1172  195.92   32.00   2      1818.28      1818.30
  1173   1173  195.92   30.00   2      1890.97      1891.12
  1174   1174  195.92   28.00   2      1970.42      1970.48
  1175   1175  195.92   26.00   2      2056.39      2056.52
  1176   1176  195.92   24.00   2      2150.92      2150.97
  1177   1177  195.92   22.00   2      2254.28      2254.36
  1178   1178  195.92   20.00   2      2368.59      2368.64
  1179   1179  195.92   18.00   2      2494.96      2495.09
  1180   1180  195.92   16.00   2      2635.33      2635.44
  1181   1181  195.92   14.00   2      2790.65      2790.69
  1182   1182  195.92   12.00   2      2961.04      2961.41
  1183   1183  195.92   10.00   2      3148.69      3148.80
  1184   1184  195.92    8.00   2      3343.10      3342.70
  1185   1185  195.92    6.00   2      3529.70      3530.80
  1186   1186  195.92    4.00   2      3680.00      3681.00
  1187   1187  195.92    2.00   2      3741.60      3743.70
  1188   1188  195.92    0.00   2      3579.60      3577.90
  1189   1189  197.92    0.00   2      3579.60      3581.00
  1190   1190  197.92    2.00   2      3732.40      3734.10
  1191   1191  197.92    4.00   2      3680.30      3679.90
  1192   1192  197.92    6.00   2      3521.80      3519.80
  1193   1193  197.92    8.00   2      3325.40      3324.80
  1194   1194  197.92   10.00   2      3128.80      3127.40
  1195   1195  197.92   12.00   2      2946.40      2942.90
  1196   1196  197.92   14.00   2      2770.30      2769.30
  1197   1197  197.92   16.00   2      2614.04      2612.67
  1198   1198  197.92   18.00   2      2474.48      2474.97
  1199   1199  197.92   20.00   2      2350.33      2350.23
  1200   1200  197.92   22.00   2      2235.75      2235.48
  1201   1201  197.92   24.00   2      2133.21      2133.13
  1202   1202  197.92   26.00   2      2040.88      2040.72
  1203   1203  197.92   28.00   2      1955.85      1955.78
  1204   1204  197.92   30.00   2      1878.00      1877.96
  1205   1205  197.92   32.00   2      1806.89      1806.59
  1206   1206  197.92   34.00   2      1739.88      1739.84
  1207   1207  197.92   36.00   2      1678.64      1678.44
  1208   1208  197.92   38.00   2      1620.70      1620.69
  1209   1209  197.92   40.00   2      1566.93      1566.75
  1210   1210  197.92   42.00   2      1516.41      1516.15
  1211   1211  197.92   44.00   2      1467.63      1467.60
  1212   1212  197.92   46.00   2      1422.55      1422.37
  1213   1213  197.92   48.00   2      1378.84      1378.78
  1214   1214  197.92   50.00   2      1337.57      1337.38
  1215   1215  197.92   52.00   2      1297.38      1297.35
  1216   1216  197.92   54.00   2      1259.09      1259.00
  1217   1217  197.92   56.00   2      1222.12      1221.91
  1218   1218  197.92   58.00   2      1185.36      1185.27
  1219   1219  197.92   60.00   2      1150.21      1150.05
  1220   1220  197.92   62.00   2      1114.92      1114.85
  1221   1221  197.92   64.00   2      1080.41      1080.29
  1222   1222  197.92   66.00   2      1046.54      1046.24
  1223   1223  197.92   68.00   2      1011.43      1011.25
  1224   1224  199.92   68.00   2      1009.21      1009.08
  1225   1225  199.92   66.00   2      1041.83      1041.95
  1226   1226  199.92   64.00   2      1074.65      1075.02
  1227   1227  199.92   62.00   2      1109.26      1109.38
  1228   1228  199.92   60.00   2      1143.51      1143.70
  1229   1229  199.92   58.00   2      1179.00      1179.02
  1230   1230  199.92   56.00   2      1214.88      1215.05
  1231   1231  199.92   54.00   2      1252.17      1252.20
  1232   1232  199.92   52.00   2      1289.93      1290.04
  1233   1233  199.92   50.00   2      1329.68      1329.69
  1234   1234  199.92   48.00   2      1370.43      1370.53
  1235   1235  199.92   46.00   2      1413.56      1413.59
  1236   1236  199.92   44.00   2      1458.60      1458.68
  1237   1237  199.92   42.00   2      1505.55      1505.76
  1238   1238  199.92   40.00   2      1556.31      1556.37
  1239   1239  199.92   38.00   2      1609.21      1609.38
  1240   1240  199.92   36.00   2      1666.18      1666.22
  1241   1241  199.92   34.00   2      1726.52      1726.68
  1242   1242  199.92   32.00   2      1792.18      1792.19
  1243   1243  199.92   30.00   2      1862.33      1862.42
  1244   1244  199.92   28.00   2      1938.73      1938.80
  1245   1245  199.92   26.00   2      2021.49      2021.58
  1246   1246  199.92   24.00   2      2111.89      2111.93
  1247   1247  199.92   22.00   2      2210.97      2211.03
  1248   1248  199.92   20.00   2      2319.78      2320.10
  1249   1249  199.92   18.00   2      2442.95      2443.06
  1250   1250  199.92   16.00   2      2579.93      2580.06
  1251   1251  199.92   14.00   2      2726.91      2726.94
  1252   1252  199.92   12.00   2      2891.96      2892.19
  1253   1253  199.92   10.00   2      3069.70      3069.86
  1254   1254  199.92    8.00   2      3261.79      3262.95
  1255   1255  199.92    6.00   2      3455.30      3456.00
  1256   1256  199.92    4.00   2      3621.20      3621.60
  1257   1257  199.92    2.00   2      3703.60      3702.90
  1258   1258  199.92    0.00   2      3599.00      3597.90
  1259   1259  201.92    0.00   2      3603.10      3602.70
  1260   1260  201.92    2.00   2      3656.40      3656.20
  1261   1261  201.92    4.00   2      3539.60      3539.00
  1262   1262  201.92    6.00   2      3367.20      3366.70
  1263   1263  201.92    8.00   2      3174.93      3176.15
  1264   1264  201.92   10.00   2      2990.49      2990.37
  1265   1265  201.92   12.00   2      2818.44      2818.19
  1266   1266  201.92   14.00   2      2659.31      2659.03
  1267   1267  201.92   16.00   2      2518.77      2518.56
  1268   1268  201.92   18.00   2      2389.35      2389.28
  1269   1269  201.92   20.00   2      2273.20      2273.16
  1270   1270  201.92   22.00   2      2166.50      2166.35
  1271   1271  201.92   24.00   2      2070.86      2070.81
  1272   1272  201.92   26.00   2      1983.83      1983.69
  1273   1273  201.92   28.00   2      1903.72      1903.71
  1274   1274  201.92   30.00   2      1830.35      1830.27
  1275   1275  201.92   32.00   2      1762.84      1762.62
  1276   1276  201.92   34.00   2      1699.35      1699.32
  1277   1277  201.92   36.00   2      1640.51      1640.41
  1278   1278  201.92   38.00   2      1586.09      1585.78
  1279   1279  201.92   40.00   2      1533.76      1533.67
  1280   1280  201.92   42.00   2      1485.31      1485.13
  1281   1281  201.92   44.00   2      1438.59      1438.54
  1282   1282  201.92   46.00   2      1394.92      1394.74
  1283   1283  201.92   48.00   2      1352.81      1352.76
  1284   1284  201.92   50.00   2      1312.81      1312.78
  1285   1285  201.92   52.00   2      1275.15      1274.83
  1286   1286  201.92   54.00   2      1239.65      1239.63
  1287   1287  201.92   56.00   2      1204.17      1204.02
  1288   1288  201.92   58.00   2      1168.89      1168.82
  1289   1289  201.92   60.00   2      1134.84      1134.62
  1290   1290  201.92   62.00   2      1101.13      1101.09
  1291   1291  201.92   64.00   2      1067.90      1067.75
  1292   1292  201.92   66.00   2      1034.87      1034.64
  1293   1293  201.92   68.00   2      1000.83      1000.68
  1294   1294  203.92   66.00   2      1015.95      1016.01
  1295   1295  203.92   64.00   2      1048.66      1048.67
  1296   1296  203.92   62.00   2      1081.42      1081.51
  1297   1297  203.92   60.00   2      1114.28      1114.57
  1298   1298  203.92   58.00   2      1148.73      1148.84
  1299   1299  203.92   56.00   2      1183.07      1183.27
  1300   1300  203.92   54.00   2      1219.28      1219.27
  1301   1301  203.92   52.00   2      1255.54      1255.69
  1302   1302  203.92   50.00   2      1293.83      1293.89
  1303   1303  203.92   48.00   2      1333.25      1333.35
  1304   1304  203.92   46.00   2      1374.73      1374.79
  1305   1305  203.92   44.00   2      1417.90      1418.00
  1306   1306  203.92   42.00   2      1463.65      1463.66
  1307   1307  203.92   40.00   2      1511.23      1511.27
  1308   1308  203.92   38.00   2      1561.49      1561.66
  1309   1309  203.92   36.00   2      1615.69      1615.72
  1310   1310  203.92   34.00   2      1672.73      1672.90
  1311   1311  203.92   32.00   2      1734.44      1734.45
  1312   1312  203.92   30.00   2      1799.82      1799.97
  1313   1313  203.92   28.00   2      1871.03      1871.06
  1314   1314  203.92   26.00   2      1947.87      1947.96
  1315   1315  203.92   24.00   2      2032.31      2032.31
  1316   1316  203.92   22.00   2      2104.95      2124.30
  1317   1317  203.92   20.00   2      2224.85      2224.93
  1318   1318  203.92   18.00   2      2335.90      2335.86
  1319   1319  203.92   16.00   2      2458.64      2458.68
  1320   1320  203.92   14.00   2      2593.86      2593.83
  1321   1321  203.92   12.00   2      2738.87      2740.58
  1322   1322  203.92   10.00   2      2905.21      2907.06
  1323   1323  203.92    8.00   2      3073.72      3082.38
  1324   1324  203.92    6.00   2      3270.84      3270.99
  1325   1325  203.92    4.00   2      3449.00      3449.00
  1326   1326  203.92    2.00   2      3574.80      3573.70
  1327   1327  203.92    0.00   2      3583.70      3581.20
  1328   1328  205.92    0.00   2      3534.10      3533.30
  1329   1329  205.92    2.00   2      3476.60      3476.20
  1330   1330  205.92    4.00   2      3323.40      3322.70
  1331   1331  205.92    6.00   2      3101.41      3144.54
  1332   1332  205.92    8.00   2      2958.85      2957.01
  1333   1333  205.92   10.00   2      2786.57      2788.31
  1334   1334  205.92   12.00   2      2632.46      2633.48
  1335   1335  205.92   14.00   2      2493.86      2493.59
  1336   1336  205.92   16.00   2      2369.50      2370.68
  1337   1337  205.92   18.00   2      2256.08      2256.11
  1338   1338  205.92   20.00   2      2148.67      2152.36
  1339   1339  205.92   22.00   2      2057.33      2057.31
  1340   1340  205.92   24.00   2      1959.27      1971.10
  1341   1341  205.92   26.00   2      1891.52      1891.57
  1342   1342  205.92   28.00   2      1794.41      1818.67
  1343   1343  205.92   30.00   2      1751.12      1751.15
  1344   1344  205.92   32.00   2      1688.59      1688.59
  1345   1345  205.92   34.00   2      1630.44      1630.43
  1346   1346  205.92   36.00   2      1575.88      1575.87
  1347   1347  205.92   38.00   2      1525.02      1524.84
  1348   1348  205.92   40.00   2      1476.19      1476.17
  1349   1349  205.92   42.00   2      1430.32      1430.19
  1350   1350  205.92   44.00   2      1387.04      1386.81
  1351   1351  205.92   46.00   2      1344.52      1344.49
  1352   1352  205.92   48.00   2      1304.95      1304.72
  1353   1353  205.92   50.00   2      1266.16      1266.03
  1354   1354  205.92   52.00   2      1229.29      1229.09
  1355   1355  205.92   54.00   2      1193.17      1193.10
  1356   1356  205.92   56.00   2      1158.44      1158.33
  1357   1357  205.92   58.00   2      1125.01      1124.75
  1358   1358  205.92   60.00   2      1090.97      1090.93
  1359   1359  205.92   62.00   2      1058.17      1057.97
  1360   1360  205.92   64.00   2      1024.65      1024.49
  1361   1361  205.92   66.00   2       991.19       990.97
  1362   1362  207.92   64.00   2       986.02       986.27
  1363   1363  207.92   62.00   2      1019.80      1019.88
  1364   1364  207.92   60.00   2      1052.77      1053.02
  1365   1365  207.92   58.00   2      1086.92      1086.96
  1366   1366  207.92   56.00   2      1120.73      1120.89
  1367   1367  207.92   54.00   2      1156.27      1156.27
  1368   1368  207.92   52.00   2      1191.75      1191.85
  1369   1369  207.92   50.00   2      1228.75      1228.80
  1370   1370  207.92   48.00   2      1266.59      1266.73
  1371   1371  207.92   46.00   2      1305.74      1305.99
  1372   1372  207.92   44.00   2      1347.49      1347.56
  1373   1373  207.92   42.00   2      1389.91      1390.10
  1374   1374  207.92   40.00   2      1435.47      1435.44
  1375   1375  207.92   38.00   2      1480.43      1482.52
  1376   1376  207.92   36.00   2      1532.00      1531.98
  1377   1377  207.92   34.00   2      1577.11      1584.44
  1378   1378  207.92   32.00   2      1640.38      1640.39
  1379   1379  207.92   30.00   2      1671.13      1700.37
  1380   1380  207.92   28.00   2      1764.01      1764.09
  1381   1381  207.92   26.00   2      1833.27      1833.25
  1382   1382  207.92   24.00   2      1907.30      1907.53
  1383   1383  207.92   22.00   2      1989.37      1989.30
  1384   1384  207.92   20.00   2      2076.62      2077.99
  1385   1385  207.92   18.00   2      2175.20      2175.18
  1386   1386  207.92   16.00   2      2281.89      2282.05
  1387   1387  207.92   14.00   2      2400.42      2400.49
  1388   1388  207.92   12.00   2      2526.25      2530.81
  1389   1389  207.92   10.00   2      2674.46      2674.51
  1390   1390  207.92    8.00   2      2806.96      2830.75
  1391   1391  207.92    6.00   2      2995.10      2995.11
  1392   1392  207.92    4.00   2      3172.11      3173.64
  1393   1393  207.92    2.00   2      3337.80      3337.60
  1394   1394  207.92    0.00   2      3451.80      3452.10
  1395   1395  209.92    0.00   2      3308.20      3307.20
  1396   1396  209.92    2.00   2      3160.46      3164.08
  1397   1397  209.92    4.00   2      2991.02      2995.61
  1398   1398  209.92    6.00   2      2823.18      2823.06
  1399   1399  209.92    8.00   2      2659.19      2664.42
  1400   1400  209.92   10.00   2      2521.68      2520.04
  1401   1401  209.92   12.00   2      2375.14      2390.80
  1402   1402  209.92   14.00   2      2272.24      2273.74
  1403   1403  209.92   16.00   2      2143.33      2167.04
  1404   1404  209.92   18.00   2      2069.80      2069.85
  1405   1405  209.92   20.00   2      1981.05      1981.00
  1406   1406  209.92   22.00   2      1899.35      1899.39
  1407   1407  209.92   24.00   2      1824.71      1824.64
  1408   1408  209.92   26.00   2      1753.01      1755.47
  1409   1409  209.92   28.00   2      1691.40      1691.36
  1410   1410  209.92   30.00   2      1609.54      1631.54
  1411   1411  209.92   32.00   2      1575.55      1575.56
  1412   1412  209.92   34.00   2      1523.33      1523.27
  1413   1413  209.92   36.00   2      1473.91      1473.89
  1414   1414  209.92   38.00   2      1427.40      1427.36
  1415   1415  209.92   40.00   2      1382.06      1382.34
  1416   1416  209.92   42.00   2      1340.29      1340.23
  1417   1417  209.92   44.00   2      1296.75      1299.41
  1418   1418  209.92   46.00   2      1260.07      1260.00
  1419   1419  209.92   48.00   2      1222.24      1222.10
  1420   1420  209.92   50.00   2      1184.69      1184.67
  1421   1421  209.92   52.00   2      1148.67      1148.54
  1422   1422  209.92   54.00   2      1113.81      1113.52
  1423   1423  209.92   56.00   2      1078.14      1078.03
  1424   1424  209.92   58.00   2      1043.73      1043.49
  1425   1425  209.92   60.00   2      1008.53      1008.36
  1426   1426  209.92   62.00   2       972.94       972.74
  1427   1427  211.92   60.00   2       945.88       945.72
  1428   1428  211.92   58.00   2       982.04       982.14
  1429   1429  211.92   56.00   2      1017.99      1018.26
  1430   1430  211.92   54.00   2      1055.07      1055.10
  1431   1431  211.92   52.00   2      1090.99      1091.23
  1432   1432  211.92   50.00   2      1128.57      1128.58
  1433   1433  211.92   48.00   2      1166.52      1166.50
  1434   1434  211.92   46.00   2      1204.43      1204.52
  1435   1435  211.92   44.00   2      1243.70      1243.67
  1436   1436  211.92   42.00   2      1283.08      1283.24
  1437   1437  211.92   40.00   2      1324.72      1324.69
  1438   1438  211.92   38.00   2      1364.60      1367.25
  1439   1439  211.92   36.00   2      1411.78      1411.78
  1440   1440  211.92   34.00   2      1446.64      1458.78
  1441   1441  211.92   32.00   2      1508.14      1508.18
  1442   1442  211.92   30.00   2      1560.86      1560.84
  1443   1443  211.92   28.00   2      1616.90      1616.94
  1444   1444  211.92   26.00   2      1676.74      1676.74
  1445   1445  211.92   24.00   2      1740.39      1740.52
  1446   1446  211.92   22.00   2      1810.12      1810.04
  1447   1447  211.92   20.00   2      1883.48      1884.93
  1448   1448  211.92   18.00   2      1965.96      1965.94
  1449   1449  211.92   16.00   2      2047.98      2054.41
  1450   1450  211.92   14.00   2      2150.78      2150.81
  1451   1451  211.92   12.00   2      2240.44      2257.08
  1452   1452  211.92   10.00   2      2373.82      2373.84
  1453   1453  211.92    8.00   2      2455.72      2503.02
  1454   1454  211.92    6.00   2      2644.13      2644.17
  1455   1455  211.92    4.00   2      2795.17      2795.07
  1456   1456  211.92    2.00   2      2951.12      2950.61
  1457   1457  211.92    0.00   2      3105.86      3107.42
  1458   1458  213.92    0.00   2      2871.61      2870.36
  1459   1459  213.92    2.00   2      2665.38      2720.38
  1460   1460  213.92    4.00   2      2575.67      2574.14
  1461   1461  213.92    6.00   2      2439.00      2438.63
  1462   1462  213.92    8.00   2      2305.56      2313.61
  1463   1463  213.92   10.00   2      2201.35      2201.27
  1464   1464  213.92   12.00   2      2092.74      2098.35
  1465   1465  213.92   14.00   2      2004.48      2004.43
  1466   1466  213.92   16.00   2      1903.38      1918.92
  1467   1467  213.92   18.00   2      1840.81      1840.80
  1468   1468  213.92   20.00   2      1741.04      1768.68
  1469   1469  213.92   22.00   2      1701.66      1701.71
  1470   1470  213.92   24.00   2      1639.62      1639.58
  1471   1471  213.92   26.00   2      1581.21      1581.34
  1472   1472  213.92   28.00   2      1527.20      1527.15
  1473   1473  213.92   30.00   2      1474.29      1475.99
  1474   1474  213.92   32.00   2      1427.18      1427.13
  1475   1475  213.92   34.00   2      1373.78      1381.37
  1476   1476  213.92   36.00   2      1337.22      1337.24
  1477   1477  213.92   38.00   2      1266.76      1295.76
  1478   1478  213.92   40.00   2      1255.28      1255.29
  1479   1479  213.92   42.00   2      1216.10      1216.04
  1480   1480  213.92   44.00   2      1177.10      1177.24
  1481   1481  213.92   46.00   2      1139.84      1139.76
  1482   1482  213.92   48.00   2      1100.32      1101.81
  1483   1483  213.92   50.00   2      1064.01      1063.94
  1484   1484  213.92   52.00   2      1017.14      1025.59
  1485   1485  213.92   54.00   2       986.80       986.67
  1486   1486  213.92   56.00   2       946.80       946.50
  1487   1487  213.92   58.00   2       903.50       903.38
  1488   1488  215.92   56.00   2       824.62       834.52
  1489   1489  215.92   54.00   2       883.62       883.58
  1490   1490  215.92   52.00   2       931.23       931.25
  1491   1491  215.92   50.00   2       975.11       975.14
  1492   1492  215.92   48.00   2      1017.08      1017.09
  1493   1493  215.92   46.00   2      1053.79      1057.15
  1494   1494  215.92   44.00   2      1095.97      1096.03
  1495   1495  215.92   42.00   2      1126.45      1134.65
  1496   1496  215.92   40.00   2      1173.13      1173.15
  1497   1497  215.92   38.00   2      1198.23      1212.48
  1498   1498  215.92   36.00   2      1252.26      1252.30
  1499   1499  215.92   34.00   2      1278.92      1294.03
  1500   1500  215.92   32.00   2      1337.14      1337.17
  1501   1501  215.92   30.00   2      1363.77      1382.62
  1502   1502  215.92   28.00   2      1429.86      1429.93
  1503   1503  215.92   26.00   2      1450.92      1480.10
  1504   1504  215.92   24.00   2      1532.40      1532.57
  1505   1505  215.92   22.00   2      1555.49      1589.13
  1506   1506  215.92   20.00   2      1647.73      1649.13
  1507   1507  215.92   18.00   2      1678.95      1713.45
  1508   1508  215.92   16.00   2      1779.66      1782.67
  1509   1509  215.92   14.00   2      1821.03      1857.29
  1510   1510  215.92   12.00   2      1936.16      1938.71
  1511   1511  215.92   10.00   2      1996.31      2026.75
  1512   1512  215.92    8.00   2      2121.06      2123.36
  1513   1513  215.92    6.00   2      2174.70      2228.86
  1514   1514  215.92    4.00   2      2345.30      2345.28
  1515   1515  215.92    2.00   2      2415.89      2470.94
  1516   1516  215.92    0.00   2      2592.41      2602.90
  1517   1517  217.92    0.00   2      2307.13      2307.04
  1518   1518  217.92    2.00   2      2197.54      2196.31
  1519   1519  217.92    4.00   2      2093.44      2093.41
  1520   1520  217.92    6.00   2      2001.36      1998.77
  1521   1521  217.92    8.00   2      1911.72      1911.69
  1522   1522  217.92   10.00   2      1839.17      1831.93
  1523   1523  217.92   12.00   2      1757.75      1757.76
  1524   1524  217.92   14.00   2      1707.79      1689.46
  1525   1525  217.92   16.00   2      1626.04      1625.98
  1526   1526  217.92   18.00   2      1582.74      1566.64
  1527   1527  217.92   20.00   2      1510.65      1510.66
  1528   1528  217.92   22.00   2      1487.57      1458.19
  1529   1529  217.92   24.00   2      1409.06      1409.04
  1530   1530  217.92   26.00   2      1384.58      1361.80
  1531   1531  217.92   28.00   2      1317.08      1317.05
  1532   1532  217.92   30.00   2      1290.26      1273.63
  1533   1533  217.92   32.00   2      1232.16      1232.13
  1534   1534  217.92   34.00   2      1199.49      1191.70
  1535   1535  217.92   36.00   2      1152.13      1152.14
  1536   1536  217.92   38.00   2      1125.41      1113.51
  1537   1537  217.92   40.00   2      1064.47      1075.01
  1538   1538  217.92   42.00   2      1018.86      1036.06
  1539   1539  217.92   44.00   2       994.74       994.86
  1540   1540  217.92   46.00   2       951.60       951.57
  1541   1541  217.92   48.00   2       901.66       904.26
  1542   1542  217.92   50.00   2       849.97       849.83
  1543   1543  217.92   52.00   2       765.35       784.88
  1552   1552  219.92   50.00   2       582.76       582.89
  1553   1553  219.92   48.00   2       678.11       665.44
  1554   1554  219.92   46.00   2       751.19       751.43
  1555   1555  219.92   44.00   2       826.95       827.08
  1556   1556  219.92   42.00   2       886.55       886.53
  1557   1557  219.92   40.00   2       937.48       937.52
  1558   1558  219.92   38.00   2       983.55       983.32
  1559   1559  219.92   36.00   2      1025.81      1025.87
  1560   1560  219.92   34.00   2      1071.04      1067.14
  1561   1561  219.92   32.00   2      1107.50      1107.53
  1562   1562  219.92   30.00   2      1174.30      1148.05
  1563   1563  219.92   28.00   2      1188.48      1188.53
  1564   1564  219.92   26.00   2      1230.11      1230.11
  1565   1565  219.92   24.00   2      1274.17      1272.68
  1566   1566  219.92   22.00   2      1316.67      1316.70
  1567   1567  219.92   20.00   2      1376.61      1362.58
  1568   1568  219.92   18.00   2      1410.16      1410.18
  1569   1569  219.92   16.00   2      1482.82      1460.60
  1570   1570  219.92   14.00   2      1513.40      1513.48
  1571   1571  219.92   12.00   2      1570.01      1570.01
  1572   1572  219.92   10.00   2      1630.85      1630.53
  1573   1573  219.92    8.00   2      1693.98      1693.91
  1574   1574  219.92    6.00   2      1762.55      1762.30
  1575   1575  219.92    4.00   2      1834.73      1834.73
  1576   1576  219.92    2.00   2      1916.70      1912.91
  1577   1577  219.92    0.00   2      1995.95      1995.94
  1578   1578  221.92    0.00   2      1678.87      1678.85
  1579   1579  221.92    2.00   2      1621.10      1621.00
  1580   1580  221.92    4.00   2      1566.20      1565.94
  1581   1581  221.92    6.00   2      1512.60      1512.54
  1582   1582  221.92    8.00   2      1464.32      1461.61
  1583   1583  221.92   10.00   2      1413.17      1413.12
  1584   1584  221.92   12.00   2      1371.22      1366.43
  1585   1585  221.92   14.00   2      1321.62      1321.63
  1586   1586  221.92   16.00   2      1296.15      1278.38
  1587   1587  221.92   18.00   2      1236.23      1236.24
  1588   1588  221.92   20.00   2      1195.33      1195.29
  1589   1589  221.92   22.00   2      1155.09      1155.05
  1590   1590  221.92   24.00   2      1115.07      1115.01
  1591   1591  221.92   26.00   2      1075.90      1075.60
  1592   1592  221.92   28.00   2      1034.51      1034.38
  1593   1593  221.92   30.00   2       993.24       992.08
  1594   1594  221.92   32.00   2       947.24       947.18
  1595   1595  221.92   34.00   2       907.24       898.28
  1596   1596  221.92   36.00   2       841.99       841.93
  1597   1597  221.92   38.00   2       774.21       773.95
  1598   1598  221.92   40.00   2       691.88       691.64
  1599   1599  221.92   42.00   2       608.68       607.26
  1600   1600  221.92   44.00   2       529.97       528.73
  1622   1622  223.92   40.00   2       304.27       304.43
  1623   1623  223.92   38.00   2       360.56       360.75
  1624   1624  223.92   36.00   2       423.24       423.37
  1625   1625  223.92   34.00   2       493.71       494.00
  1626   1626  223.92   32.00   2       570.38       570.50
  1627   1627  223.92   30.00   2       653.15       653.50
  1628   1628  223.92   28.00   2       740.88       740.98
  1629   1629  223.92   26.00   2       819.99       820.18
  1630   1630  223.92   24.00   2       883.41       883.23
  1631   1631  223.92   22.00   2       935.37       935.42
  1632   1632  223.92   20.00   2       986.67       981.93
  1633   1633  223.92   18.00   2      1024.16      1024.20
  1634   1634  223.92   16.00   2      1074.70      1064.50
  1635   1635  223.92   14.00   2      1103.05      1103.10
  1636   1636  223.92   12.00   2      1141.23      1141.19
  1637   1637  223.92   10.00   2      1178.48      1178.48
  1638   1638  223.92    8.00   2      1215.66      1215.62
  1639   1639  223.92    6.00   2      1252.71      1252.66
  1640   1640  223.92    4.00   2      1289.78      1289.72
  1641   1641  223.92    2.00   2      1329.48      1326.34
  1642   1642  223.92    0.00   2      1362.20      1362.20
  1643   1643  225.92    0.00   2      1012.06      1011.88
  1644   1644  225.92    2.00   2       986.86       986.73
  1645   1645  225.92    4.00   2       958.78       958.76
  1646   1646  225.92    6.00   2       927.07       926.99
  1647   1647  225.92    8.00   2       890.43       890.31
  1648   1648  225.92   10.00   2       846.77       846.57
  1649   1649  225.92   12.00   2       796.64       793.65
  1650   1650  225.92   14.00   2       727.25       727.00
  1651   1651  225.92   16.00   2       663.11       653.93
  1652   1652  225.92   18.00   2       581.09       580.84
  1653   1653  225.92   20.00   2       511.14       510.70
  1654   1654  225.92   22.00   2       445.15       445.03
  1655   1655  225.92   24.00   2       382.98       382.61
  1656   1656  225.92   26.00   2       325.75       325.53
  1657   1657  225.92   28.00   2       273.95       273.61
  1658   1658  225.92   30.00   2       228.84       228.58
  1659   1659  225.92   32.00   2       190.97       190.93
  1660   1660  225.92   34.00   2       161.04       160.93
  1697   1697  227.92   26.00   2       112.30       112.31
  1698   1698  227.92   24.00   2       112.51       112.47
  1699   1699  227.92   22.00   2       112.68       112.62
  1700   1700  227.92   20.00   2       114.25       114.24
  1701   1701  227.92   18.00   2       117.24       117.19
  1702   1702  227.92   16.00   2       121.58       121.55
  1703   1703  227.92   14.00   2       127.53       127.50
  1704   1704  227.92   12.00   2       135.84       135.52
  1705   1705  227.92   10.00   2       143.50       143.49
  1706   1706  227.92    8.00   2       152.17       152.15
  1707   1707  227.92    6.00   2       160.18       160.22
  1708   1708  227.92    4.00   2       165.89       165.84
  1709   1709  227.92    2.00   2       168.63       168.66
  1710   1710  227.92    0.00   2       166.99       166.97
  1711   1711  229.92    0.00   2       112.29       112.25
  1712   1712  229.92    2.00   2       112.31       112.28
  1713   1713  229.92    4.00   2       112.27       112.25
  1714   1714  229.92    6.00   2       112.34       112.29
  1715   1715  229.92    8.00   2       112.24       112.22
  1716   1716  229.92   10.00   2       112.35       112.28
  1717   1717  229.92   12.00   2       112.24       112.22
# END: scan time was  10588.8120761  seconds
