# Sensor scan measurement of Sensor IR791
# Iin=    34.80 mA ,  Vin= 12136.90 mV, T=    19.37 C 
# scanRangeX 151.50 mm; scanRangeY  70.00 mm; stepSize   2.00 mm; initialOffset   4.00 mm; sensorX 155.00 mm; start position at (x|y)=(119.92|  0.00) mm
# iStep, iStep, Pos x, Pos y, nMeas, Meas1 ... MeasN
     0      0  121.92    0.00   2       114.63       114.63
     1      1  121.92    2.00   2       114.63       114.62
     2      2  121.92    4.00   2       114.64       114.63
     3      3  121.92    6.00   2       114.61       114.62
     4      4  121.92    8.00   2       114.62       114.61
     5      5  121.92   10.00   2       114.61       114.62
     6      6  121.92   12.00   2       114.60       114.57
     7      7  121.92   14.00   2       114.58       114.58
     8      8  121.92   16.00   2       114.59       114.57
     9      9  121.92   18.00   2       114.62       114.61
    10     10  121.92   20.00   2       114.59       114.59
    11     11  121.92   22.00   2       114.59       114.59
    12     12  123.92    0.00   2       114.69       114.69
    13     13  123.92    2.00   2       114.68       114.66
    14     14  123.92    4.00   2       114.67       114.67
    15     15  123.92    6.00   2       114.67       114.68
    16     16  123.92    8.00   2       114.66       114.65
    17     17  123.92   10.00   2       114.65       114.66
    18     18  123.92   12.00   2       114.65       114.63
    19     19  123.92   14.00   2       114.64       114.63
    20     20  123.92   16.00   2       114.63       114.62
    21     21  123.92   18.00   2       114.62       114.60
    22     22  123.92   20.00   2       114.62       114.61
    23     23  123.92   22.00   2       114.59       114.59
    24     24  123.92   24.00   2       114.59       114.59
    25     25  123.92   26.00   2       114.59       114.57
    26     26  123.92   28.00   2       114.59       114.58
    27     27  123.92   30.00   2       114.59       114.57
    28     28  123.92   32.00   2       114.58       114.59
    29     29  125.92    0.00   2       114.72       114.72
    30     30  125.92    2.00   2       114.72       114.70
    31     31  125.92    4.00   2       114.70       114.71
    32     32  125.92    6.00   2       114.70       114.68
    33     33  125.92    8.00   2       114.69       114.69
    34     34  125.92   10.00   2       114.68       114.68
    35     35  125.92   12.00   2       114.69       114.68
    36     36  125.92   14.00   2       114.68       114.69
    37     37  125.92   16.00   2       114.66       114.64
    38     38  125.92   18.00   2       114.65       114.66
    39     39  125.92   20.00   2       114.66       114.65
    40     40  125.92   22.00   2       114.65       114.64
    41     41  125.92   24.00   2       114.64       114.65
    42     42  125.92   26.00   2       114.63       114.62
    43     43  125.92   28.00   2       114.63       114.64
    44     44  125.92   30.00   2       114.62       114.60
    45     45  125.92   32.00   2       114.61       114.61
    46     46  125.92   34.00   2       114.59       114.58
    47     47  125.92   36.00   2       114.59       114.59
    48     48  125.92   38.00   2       114.59       114.59
    49     49  127.92    0.00   2       114.75       114.75
    50     50  127.92    2.00   2       114.75       114.73
    51     51  127.92    4.00   2       114.74       114.74
    52     52  127.92    6.00   2       114.75       114.73
    53     53  127.92    8.00   2       114.73       114.72
    54     54  127.92   10.00   2       114.72       114.73
    55     55  127.92   12.00   2       114.71       114.70
    56     56  127.92   14.00   2       114.70       114.70
    57     57  127.92   16.00   2       114.70       114.68
    58     58  127.92   18.00   2       114.68       114.68
    59     59  127.92   20.00   2       114.68       114.68
    60     60  127.92   22.00   2       114.68       114.67
    61     61  127.92   24.00   2       114.67       114.68
    62     62  127.92   26.00   2       114.67       114.66
    63     63  127.92   28.00   2       114.67       114.67
    64     64  127.92   30.00   2       114.65       114.63
    65     65  127.92   32.00   2       114.66       114.65
    66     66  127.92   34.00   2       114.64       114.62
    67     67  127.92   36.00   2       114.62       114.63
    68     68  127.92   38.00   2       114.62       114.63
    69     69  127.92   40.00   2       114.62       114.61
    70     70  127.92   42.00   2       114.60       114.61
    71     71  127.92   44.00   2       114.60       114.58
    72     72  129.92    0.00   2       114.79       114.79
    73     73  129.92    2.00   2       114.77       114.77
    74     74  129.92    4.00   2       114.78       114.77
    75     75  129.92    6.00   2       114.77       114.77
    76     76  129.92    8.00   2       114.75       114.73
    77     77  129.92   10.00   2       114.74       114.74
    78     78  129.92   12.00   2       114.73       114.72
    79     79  129.92   14.00   2       114.73       114.72
    80     80  129.92   16.00   2       114.71       114.72
    81     81  129.92   18.00   2       114.72       114.71
    82     82  129.92   20.00   2       114.71       114.71
    83     83  129.92   22.00   2       114.70       114.68
    84     84  129.92   24.00   2       114.70       114.70
    85     85  129.92   26.00   2       114.68       114.67
    86     86  129.92   28.00   2       114.67       114.67
    87     87  129.92   30.00   2       114.68       114.69
    88     88  129.92   32.00   2       114.68       114.67
    89     89  129.92   34.00   2       114.68       114.68
    90     90  129.92   36.00   2       114.65       114.64
    91     91  129.92   38.00   2       114.66       114.67
    92     92  129.92   40.00   2       114.65       114.64
    93     93  129.92   42.00   2       114.64       114.63
    94     94  129.92   44.00   2       114.63       114.64
    95     95  129.92   46.00   2       114.62       114.61
    96     96  129.92   48.00   2       114.62       114.63
    97     97  131.92    0.00   2       114.82       114.80
    98     98  131.92    2.00   2       114.82       114.82
    99     99  131.92    4.00   2       114.81       114.79
   100    100  131.92    6.00   2       114.81       114.81
   101    101  131.92    8.00   2       114.78       114.78
   102    102  131.92   10.00   2       114.78       114.78
   103    103  131.92   12.00   2       114.77       114.78
   104    104  131.92   14.00   2       114.74       114.73
   105    105  131.92   16.00   2       114.74       114.75
   106    106  131.92   18.00   2       114.75       114.73
   107    107  131.92   20.00   2       114.72       114.72
   108    108  131.92   22.00   2       114.71       114.71
   109    109  131.92   24.00   2       114.71       114.71
   110    110  131.92   26.00   2       114.70       114.72
   111    111  131.92   28.00   2       114.71       114.69
   112    112  131.92   30.00   2       114.71       114.70
   113    113  131.92   32.00   2       114.69       114.67
   114    114  131.92   34.00   2       114.69       114.70
   115    115  131.92   36.00   2       114.69       114.68
   116    116  131.92   38.00   2       114.68       114.67
   117    117  131.92   40.00   2       114.68       114.68
   118    118  131.92   42.00   2       114.67       114.65
   119    119  131.92   44.00   2       114.66       114.67
   120    120  131.92   46.00   2       114.66       114.64
   121    121  131.92   48.00   2       114.65       114.65
   122    122  131.92   50.00   2       114.64       114.63
   123    123  131.92   52.00   2       114.63       114.62
   124    124  133.92    0.00   2       114.85       114.84
   125    125  133.92    2.00   2       114.84       114.84
   126    126  133.92    4.00   2       114.84       114.83
   127    127  133.92    6.00   2       114.84       114.84
   128    128  133.92    8.00   2       114.82       114.80
   129    129  133.92   10.00   2       114.81       114.81
   130    130  133.92   12.00   2       114.80       114.78
   131    131  133.92   14.00   2       114.77       114.77
   132    132  133.92   16.00   2       114.76       114.76
   133    133  133.92   18.00   2       114.76       114.75
   134    134  133.92   20.00   2       114.75       114.75
   135    135  133.92   22.00   2       114.74       114.72
   136    136  133.92   24.00   2       114.74       114.74
   137    137  133.92   26.00   2       114.72       114.71
   138    138  133.92   28.00   2       114.73       114.73
   139    139  133.92   30.00   2       114.72       114.73
   140    140  133.92   32.00   2       114.73       114.72
   141    141  133.92   34.00   2       114.71       114.72
   142    142  133.92   36.00   2       114.72       114.70
   143    143  133.92   38.00   2       114.72       114.71
   144    144  133.92   40.00   2       114.69       114.68
   145    145  133.92   42.00   2       114.70       114.68
   146    146  133.92   44.00   2       114.69       114.69
   147    147  133.92   46.00   2       114.69       114.67
   148    148  133.92   48.00   2       114.67       114.67
   149    149  133.92   50.00   2       114.66       114.65
   150    150  133.92   52.00   2       114.66       114.65
   151    151  133.92   54.00   2       114.63       114.63
   152    152  135.92    0.00   2       114.87       114.86
   153    153  135.92    2.00   2       114.86       114.87
   154    154  135.92    4.00   2       114.86       114.84
   155    155  135.92    6.00   2       114.85       114.85
   156    156  135.92    8.00   2       114.84       114.83
   157    157  135.92   10.00   2       114.84       114.84
   158    158  135.92   12.00   2       114.82       114.82
   159    159  135.92   14.00   2       114.80       114.79
   160    160  135.92   16.00   2       114.78       114.77
   161    161  135.92   18.00   2       114.76       114.74
   162    162  135.92   20.00   2       114.75       114.75
   163    163  135.92   22.00   2       114.75       114.74
   164    164  135.92   24.00   2       114.74       114.74
   165    165  135.92   26.00   2       114.74       114.75
   166    166  135.92   28.00   2       114.75       114.73
   167    167  135.92   30.00   2       114.73       114.74
   168    168  135.92   32.00   2       114.72       114.71
   169    169  135.92   34.00   2       114.73       114.73
   170    170  135.92   36.00   2       114.72       114.71
   171    171  135.92   38.00   2       114.73       114.73
   172    172  135.92   40.00   2       114.71       114.71
   173    173  135.92   42.00   2       114.70       114.69
   174    174  135.92   44.00   2       114.70       114.70
   175    175  135.92   46.00   2       114.69       114.67
   176    176  135.92   48.00   2       114.70       114.70
   177    177  135.92   50.00   2       114.69       114.68
   178    178  135.92   52.00   2       114.68       114.68
   179    179  135.92   54.00   2       114.67       114.68
   180    180  135.92   56.00   2       114.66       114.66
   181    181  135.92   58.00   2       114.66       114.67
   182    182  137.92    0.00   2       114.87       114.86
   183    183  137.92    2.00   2       114.86       114.87
   184    184  137.92    4.00   2       114.87       114.86
   185    185  137.92    6.00   2       114.87       114.87
   186    186  137.92    8.00   2       114.86       114.85
   187    187  137.92   10.00   2       114.86       114.84
   188    188  137.92   12.00   2       114.84       114.84
   189    189  137.92   14.00   2       114.82       114.80
   190    190  137.92   16.00   2       114.82       114.82
   191    191  137.92   18.00   2       114.78       114.76
   192    192  137.92   20.00   2       114.79       114.79
   193    193  137.92   22.00   2       114.77       114.77
   194    194  137.92   24.00   2       114.76       114.75
   195    195  137.92   26.00   2       114.77       114.77
   196    196  137.92   28.00   2       114.75       114.73
   197    197  137.92   30.00   2       114.74       114.74
   198    198  137.92   32.00   2       114.74       114.72
   199    199  137.92   34.00   2       114.72       114.72
   200    200  137.92   36.00   2       114.73       114.73
   201    201  137.92   38.00   2       114.73       114.72
   202    202  137.92   40.00   2       114.73       114.73
   203    203  137.92   42.00   2       114.72       114.70
   204    204  137.92   44.00   2       114.72       114.70
   205    205  137.92   46.00   2       114.70       114.70
   206    206  137.92   48.00   2       114.71       114.70
   207    207  137.92   50.00   2       114.70       114.70
   208    208  137.92   52.00   2       114.70       114.69
   209    209  137.92   54.00   2       114.70       114.71
   210    210  137.92   56.00   2       114.69       114.67
   211    211  137.92   58.00   2       114.68       114.67
   212    212  137.92   60.00   2       114.68       114.67
   213    213  139.92    0.00   2       114.87       114.87
   214    214  139.92    2.00   2       114.86       114.84
   215    215  139.92    4.00   2       114.88       114.88
   216    216  139.92    6.00   2       114.88       114.88
   217    217  139.92    8.00   2       114.89       114.88
   218    218  139.92   10.00   2       114.88       114.88
   219    219  139.92   12.00   2       114.84       114.83
   220    220  139.92   14.00   2       114.84       114.83
   221    221  139.92   16.00   2       114.83       114.80
   222    222  139.92   18.00   2       114.81       114.80
   223    223  139.92   20.00   2       114.80       114.80
   224    224  139.92   22.00   2       114.78       114.78
   225    225  139.92   24.00   2       114.77       114.78
   226    226  139.92   26.00   2       114.78       114.76
   227    227  139.92   28.00   2       114.76       114.76
   228    228  139.92   30.00   2       114.76       114.74
   229    229  139.92   32.00   2       114.75       114.75
   230    230  139.92   34.00   2       114.74       114.74
   231    231  139.92   36.00   2       114.75       114.74
   232    232  139.92   38.00   2       114.73       114.73
   233    233  139.92   40.00   2       114.72       114.71
   234    234  139.92   42.00   2       114.72       114.72
   235    235  139.92   44.00   2       114.72       114.71
   236    236  139.92   46.00   2       114.72       114.72
   237    237  139.92   48.00   2       114.73       114.73
   238    238  139.92   50.00   2       114.71       114.71
   239    239  139.92   52.00   2       114.70       114.71
   240    240  139.92   54.00   2       114.71       114.69
   241    241  139.92   56.00   2       114.70       114.70
   242    242  139.92   58.00   2       114.69       114.69
   243    243  139.92   60.00   2       114.69       114.68
   244    244  139.92   62.00   2       114.69       114.69
   245    245  141.92    0.00   2       114.89       114.86
   246    246  141.92    2.00   2       114.86       114.85
   247    247  141.92    4.00   2       114.85       114.87
   248    248  141.92    6.00   2       114.89       114.87
   249    249  141.92    8.00   2       114.89       114.89
   250    250  141.92   10.00   2       114.88       114.86
   251    251  141.92   12.00   2       114.88       114.88
   252    252  141.92   14.00   2       114.87       114.87
   253    253  141.92   16.00   2       114.83       114.82
   254    254  141.92   18.00   2       114.83       114.82
   255    255  141.92   20.00   2       114.81       114.79
   256    256  141.92   22.00   2       114.80       114.80
   257    257  141.92   24.00   2       114.78       114.76
   258    258  141.92   26.00   2       114.77       114.76
   259    259  141.92   28.00   2       114.76       114.76
   260    260  141.92   30.00   2       114.76       114.76
   261    261  141.92   32.00   2       114.75       114.75
   262    262  141.92   34.00   2       114.75       114.74
   263    263  141.92   36.00   2       114.75       114.75
   264    264  141.92   38.00   2       114.74       114.72
   265    265  141.92   40.00   2       114.74       114.73
   266    266  141.92   42.00   2       114.73       114.73
   267    267  141.92   44.00   2       114.73       114.72
   268    268  141.92   46.00   2       114.72       114.73
   269    269  141.92   48.00   2       114.72       114.71
   270    270  141.92   50.00   2       114.72       114.73
   271    271  141.92   52.00   2       114.72       114.70
   272    272  141.92   54.00   2       114.71       114.71
   273    273  141.92   56.00   2       114.71       114.72
   274    274  141.92   58.00   2       114.71       114.70
   275    275  141.92   60.00   2       114.71       114.71
   276    276  141.92   62.00   2       114.70       114.68
   277    277  141.92   64.00   2       114.68       114.68
   278    278  143.92    0.00   2       114.88       114.87
   279    279  143.92    2.00   2       114.85       114.84
   280    280  143.92    4.00   2       114.88       114.88
   281    281  143.92    6.00   2       114.89       114.90
   282    282  143.92    8.00   2       114.90       114.90
   283    283  143.92   10.00   2       114.90       114.90
   284    284  143.92   12.00   2       114.90       114.88
   285    285  143.92   14.00   2       114.87       114.87
   286    286  143.92   16.00   2       114.85       114.82
   287    287  143.92   18.00   2       114.84       114.83
   288    288  143.92   20.00   2       114.82       114.83
   289    289  143.92   22.00   2       114.80       114.79
   290    290  143.92   24.00   2       114.80       114.79
   291    291  143.92   26.00   2       114.79       114.77
   292    292  143.92   28.00   2       114.76       114.76
   293    293  143.92   30.00   2       114.75       114.74
   294    294  143.92   32.00   2       114.75       114.75
   295    295  143.92   34.00   2       114.76       114.77
   296    296  143.92   36.00   2       114.75       114.74
   297    297  143.92   38.00   2       114.76       114.76
   298    298  143.92   40.00   2       114.76       114.74
   299    299  143.92   42.00   2       114.74       114.75
   300    300  143.92   44.00   2       114.73       114.74
   301    301  143.92   46.00   2       114.73       114.72
   302    302  143.92   48.00   2       114.73       114.73
   303    303  143.92   50.00   2       114.72       114.71
   304    304  143.92   52.00   2       114.72       114.73
   305    305  143.92   54.00   2       114.72       114.71
   306    306  143.92   56.00   2       114.70       114.70
   307    307  143.92   58.00   2       114.71       114.70
   308    308  143.92   60.00   2       114.71       114.71
   309    309  143.92   62.00   2       114.71       114.72
   310    310  143.92   64.00   2       114.70       114.69
   311    311  143.92   66.00   2       114.70       114.71
   312    312  145.92    0.00   2       114.87       114.85
   313    313  145.92    2.00   2       114.86       114.85
   314    314  145.92    4.00   2       114.86       114.86
   315    315  145.92    6.00   2       114.89       114.87
   316    316  145.92    8.00   2       114.88       114.89
   317    317  145.92   10.00   2       114.90       114.88
   318    318  145.92   12.00   2       114.89       114.89
   319    319  145.92   14.00   2       114.88       114.86
   320    320  145.92   16.00   2       114.87       114.86
   321    321  145.92   18.00   2       114.84       114.84
   322    322  145.92   20.00   2       114.84       114.82
   323    323  145.92   22.00   2       114.81       114.80
   324    324  145.92   24.00   2       114.80       114.77
   325    325  145.92   26.00   2       114.78       114.78
   326    326  145.92   28.00   2       114.77       114.75
   327    327  145.92   30.00   2       114.77       114.76
   328    328  145.92   32.00   2       114.75       114.75
   329    329  145.92   34.00   2       114.76       114.75
   330    330  145.92   36.00   2       114.76       114.77
   331    331  145.92   38.00   2       114.75       114.73
   332    332  145.92   40.00   2       114.75       114.75
   333    333  145.92   42.00   2       114.73       114.73
   334    334  145.92   44.00   2       114.73       114.73
   335    335  145.92   46.00   2       114.75       114.75
   336    336  145.92   48.00   2       114.75       114.73
   337    337  145.92   50.00   2       114.73       114.72
   338    338  145.92   52.00   2       114.73       114.71
   339    339  145.92   54.00   2       114.72       114.73
   340    340  145.92   56.00   2       114.73       114.73
   341    341  145.92   58.00   2       114.73       114.72
   342    342  145.92   60.00   2       114.72       114.72
   343    343  145.92   62.00   2       114.73       114.71
   344    344  145.92   64.00   2       114.71       114.71
   345    345  145.92   66.00   2       114.70       114.70
   346    346  147.92    0.00   2       114.87       114.84
   347    347  147.92    2.00   2       114.86       114.86
   348    348  147.92    4.00   2       114.85       114.85
   349    349  147.92    6.00   2       114.88       114.88
   350    350  147.92    8.00   2       114.88       114.88
   351    351  147.92   10.00   2       114.90       114.90
   352    352  147.92   12.00   2       114.91       114.91
   353    353  147.92   14.00   2       114.88       114.87
   354    354  147.92   16.00   2       114.87       114.88
   355    355  147.92   18.00   2       114.86       114.83
   356    356  147.92   20.00   2       114.83       114.84
   357    357  147.92   22.00   2       114.80       114.79
   358    358  147.92   24.00   2       114.80       114.79
   359    359  147.92   26.00   2       114.80       114.81
   360    360  147.92   28.00   2       114.78       114.77
   361    361  147.92   30.00   2       114.79       114.79
   362    362  147.92   32.00   2       114.78       114.76
   363    363  147.92   34.00   2       114.76       114.77
   364    364  147.92   36.00   2       114.77       114.75
   365    365  147.92   38.00   2       114.76       114.76
   366    366  147.92   40.00   2       114.76       114.77
   367    367  147.92   42.00   2       114.75       114.74
   368    368  147.92   44.00   2       114.75       114.75
   369    369  147.92   46.00   2       114.76       114.73
   370    370  147.92   48.00   2       114.75       114.75
   371    371  147.92   50.00   2       114.74       114.73
   372    372  147.92   52.00   2       114.75       114.74
   373    373  147.92   54.00   2       114.74       114.74
   374    374  147.92   56.00   2       114.73       114.72
   375    375  147.92   58.00   2       114.76       114.75
   376    376  147.92   60.00   2       114.73       114.72
   377    377  147.92   62.00   2       114.72       114.73
   378    378  147.92   64.00   2       114.73       114.71
   379    379  147.92   66.00   2       114.73       114.73
   380    380  147.92   68.00   2       114.71       114.71
   381    381  149.92    0.00   2       114.87       114.85
   382    382  149.92    2.00   2       114.84       114.85
   383    383  149.92    4.00   2       114.85       114.85
   384    384  149.92    6.00   2       114.87       114.88
   385    385  149.92    8.00   2       114.88       114.88
   386    386  149.92   10.00   2       114.89       114.89
   387    387  149.92   12.00   2       114.88       114.88
   388    388  149.92   14.00   2       114.90       114.88
   389    389  149.92   16.00   2       114.86       114.86
   390    390  149.92   18.00   2       114.86       114.84
   391    391  149.92   20.00   2       114.83       114.83
   392    392  149.92   22.00   2       114.82       114.80
   393    393  149.92   24.00   2       114.79       114.80
   394    394  149.92   26.00   2       114.79       114.78
   395    395  149.92   28.00   2       114.79       114.79
   396    396  149.92   30.00   2       114.78       114.79
   397    397  149.92   32.00   2       114.79       114.78
   398    398  149.92   34.00   2       114.78       114.77
   399    399  149.92   36.00   2       114.76       114.74
   400    400  149.92   38.00   2       114.75       114.76
   401    401  149.92   40.00   2       114.75       114.75
   402    402  149.92   42.00   2       114.76       114.75
   403    403  149.92   44.00   2       114.76       114.77
   404    404  149.92   46.00   2       114.75       114.73
   405    405  149.92   48.00   2       114.73       114.74
   406    406  149.92   50.00   2       114.75       114.73
   407    407  149.92   52.00   2       114.75       114.75
   408    408  149.92   54.00   2       114.75       114.74
   409    409  149.92   56.00   2       114.75       114.75
   410    410  149.92   58.00   2       114.75       114.76
   411    411  149.92   60.00   2       114.73       114.72
   412    412  149.92   62.00   2       114.74       114.75
   413    413  149.92   64.00   2       114.74       114.73
   414    414  149.92   66.00   2       114.73       114.74
   415    415  149.92   68.00   2       114.74       114.73
   416    416  151.92    0.00   2       114.87       114.86
   417    417  151.92    2.00   2       114.84       114.84
   418    418  151.92    4.00   2       114.87       114.87
   419    419  151.92    6.00   2       114.86       114.86
   420    420  151.92    8.00   2       114.88       114.87
   421    421  151.92   10.00   2       114.89       114.90
   422    422  151.92   12.00   2       114.89       114.87
   423    423  151.92   14.00   2       114.89       114.89
   424    424  151.92   16.00   2       114.87       114.85
   425    425  151.92   18.00   2       114.87       114.86
   426    426  151.92   20.00   2       114.82       114.81
   427    427  151.92   22.00   2       114.81       114.80
   428    428  151.92   24.00   2       114.80       114.81
   429    429  151.92   26.00   2       114.79       114.78
   430    430  151.92   28.00   2       114.80       114.80
   431    431  151.92   30.00   2       114.79       114.77
   432    432  151.92   32.00   2       114.77       114.77
   433    433  151.92   34.00   2       114.78       114.77
   434    434  151.92   36.00   2       114.79       114.78
   435    435  151.92   38.00   2       114.76       114.77
   436    436  151.92   40.00   2       114.77       114.76
   437    437  151.92   42.00   2       114.77       114.76
   438    438  151.92   44.00   2       114.78       114.75
   439    439  151.92   46.00   2       114.77       114.76
   440    440  151.92   48.00   2       114.76       114.75
   441    441  151.92   50.00   2       114.76       114.75
   442    442  151.92   52.00   2       114.76       114.77
   443    443  151.92   54.00   2       114.76       114.75
   444    444  151.92   56.00   2       114.75       114.76
   445    445  151.92   58.00   2       114.75       114.73
   446    446  151.92   60.00   2       114.76       114.76
   447    447  151.92   62.00   2       114.74       114.73
   448    448  151.92   64.00   2       114.76       114.74
   449    449  151.92   66.00   2       114.74       114.74
   450    450  151.92   68.00   2       114.74       114.73
   451    451  153.92    0.00   2       114.88       114.86
   452    452  153.92    2.00   2       114.85       114.84
   453    453  153.92    4.00   2       114.86       114.86
   454    454  153.92    6.00   2       114.87       114.86
   455    455  153.92    8.00   2       114.86       114.86
   456    456  153.92   10.00   2       114.88       114.88
   457    457  153.92   12.00   2       114.89       114.88
   458    458  153.92   14.00   2       114.90       114.91
   459    459  153.92   16.00   2       114.88       114.87
   460    460  153.92   18.00   2       114.87       114.86
   461    461  153.92   20.00   2       114.86       114.84
   462    462  153.92   22.00   2       114.83       114.84
   463    463  153.92   24.00   2       114.82       114.80
   464    464  153.92   26.00   2       114.80       114.79
   465    465  153.92   28.00   2       114.80       114.81
   466    466  153.92   30.00   2       114.81       114.79
   467    467  153.92   32.00   2       114.79       114.80
   468    468  153.92   34.00   2       114.79       114.77
   469    469  153.92   36.00   2       114.78       114.78
   470    470  153.92   38.00   2       114.79       114.77
   471    471  153.92   40.00   2       114.78       114.78
   472    472  153.92   42.00   2       114.78       114.78
   473    473  153.92   44.00   2       114.77       114.76
   474    474  153.92   46.00   2       114.78       114.78
   475    475  153.92   48.00   2       114.78       114.76
   476    476  153.92   50.00   2       114.77       114.77
   477    477  153.92   52.00   2       114.76       114.76
   478    478  153.92   54.00   2       114.77       114.76
   479    479  153.92   56.00   2       114.77       114.78
   480    480  153.92   58.00   2       114.78       114.76
   481    481  153.92   60.00   2       114.78       114.78
   482    482  153.92   62.00   2       114.77       114.75
   483    483  153.92   64.00   2       114.76       114.77
   484    484  153.92   66.00   2       114.76       114.75
   485    485  153.92   68.00   2       114.76       114.76
   486    486  155.92    0.00   2       114.88       114.86
   487    487  155.92    2.00   2       114.86       114.87
   488    488  155.92    4.00   2       114.86       114.86
   489    489  155.92    6.00   2       114.87       114.87
   490    490  155.92    8.00   2       114.88       114.89
   491    491  155.92   10.00   2       114.89       114.88
   492    492  155.92   12.00   2       114.90       114.90
   493    493  155.92   14.00   2       114.90       114.88
   494    494  155.92   16.00   2       114.90       114.89
   495    495  155.92   18.00   2       114.87       114.86
   496    496  155.92   20.00   2       114.86       114.86
   497    497  155.92   22.00   2       114.84       114.84
   498    498  155.92   24.00   2       114.83       114.82
   499    499  155.92   26.00   2       114.83       114.83
   500    500  155.92   28.00   2       114.82       114.80
   501    501  155.92   30.00   2       114.81       114.81
   502    502  155.92   32.00   2       114.81       114.80
   503    503  155.92   34.00   2       114.82       114.81
   504    504  155.92   36.00   2       114.81       114.79
   505    505  155.92   38.00   2       114.81       114.80
   506    506  155.92   40.00   2       114.80       114.81
   507    507  155.92   42.00   2       114.81       114.78
   508    508  155.92   44.00   2       114.79       114.80
   509    509  155.92   46.00   2       114.80       114.79
   510    510  155.92   48.00   2       114.79       114.78
   511    511  155.92   50.00   2       114.79       114.79
   512    512  155.92   52.00   2       114.79       114.78
   513    513  155.92   54.00   2       114.79       114.80
   514    514  155.92   56.00   2       114.79       114.77
   515    515  155.92   58.00   2       114.79       114.80
   516    516  155.92   60.00   2       114.78       114.76
   517    517  155.92   62.00   2       114.76       114.77
   518    518  155.92   64.00   2       114.76       114.76
   519    519  155.92   66.00   2       114.78       114.78
   520    520  155.92   68.00   2       114.77       114.78
   521    521  157.92    0.00   2       114.90       114.88
   522    522  157.92    2.00   2       114.87       114.88
   523    523  157.92    4.00   2       114.90       114.88
   524    524  157.92    6.00   2       114.91       114.92
   525    525  157.92    8.00   2       114.91       114.89
   526    526  157.92   10.00   2       114.91       114.91
   527    527  157.92   12.00   2       114.91       114.90
   528    528  157.92   14.00   2       114.93       114.93
   529    529  157.92   16.00   2       114.92       114.92
   530    530  157.92   18.00   2       114.90       114.89
   531    531  157.92   20.00   2       114.89       114.90
   532    532  157.92   22.00   2       114.88       114.85
   533    533  157.92   24.00   2       114.87       114.88
   534    534  157.92   26.00   2       114.86       114.84
   535    535  157.92   28.00   2       114.85       114.84
   536    536  157.92   30.00   2       114.84       114.84
   537    537  157.92   32.00   2       114.85       114.82
   538    538  157.92   34.00   2       114.84       114.84
   539    539  157.92   36.00   2       114.82       114.81
   540    540  157.92   38.00   2       114.82       114.82
   541    541  157.92   40.00   2       114.82       114.81
   542    542  157.92   42.00   2       114.82       114.82
   543    543  157.92   44.00   2       114.83       114.83
   544    544  157.92   46.00   2       114.81       114.80
   545    545  157.92   48.00   2       114.81       114.81
   546    546  157.92   50.00   2       114.82       114.80
   547    547  157.92   52.00   2       114.80       114.80
   548    548  157.92   54.00   2       114.81       114.80
   549    549  157.92   56.00   2       114.81       114.81
   550    550  157.92   58.00   2       114.82       114.83
   551    551  157.92   60.00   2       114.80       114.79
   552    552  157.92   62.00   2       114.80       114.80
   553    553  157.92   64.00   2       114.80       114.77
   554    554  157.92   66.00   2       114.80       114.80
   555    555  157.92   68.00   2       114.79       114.78
   556    556  159.92    0.00   2       114.97       114.97
   557    557  159.92    2.00   2       114.95       114.93
   558    558  159.92    4.00   2       114.96       114.95
   559    559  159.92    6.00   2       114.95       114.95
   560    560  159.92    8.00   2       114.97       114.97
   561    561  159.92   10.00   2       114.98       114.98
   562    562  159.92   12.00   2       114.98       114.97
   563    563  159.92   14.00   2       115.00       115.00
   564    564  159.92   16.00   2       114.99       114.97
   565    565  159.92   18.00   2       114.96       114.96
   566    566  159.92   20.00   2       114.93       114.93
   567    567  159.92   22.00   2       114.92       114.92
   568    568  159.92   24.00   2       114.91       114.93
   569    569  159.92   26.00   2       114.90       114.90
   570    570  159.92   28.00   2       114.91       114.90
   571    571  159.92   30.00   2       114.89       114.88
   572    572  159.92   32.00   2       114.88       114.88
   573    573  159.92   34.00   2       114.88       114.87
   574    574  159.92   36.00   2       114.87       114.87
   575    575  159.92   38.00   2       114.87       114.88
   576    576  159.92   40.00   2       114.86       114.85
   577    577  159.92   42.00   2       114.84       114.85
   578    578  159.92   44.00   2       114.86       114.84
   579    579  159.92   46.00   2       114.84       114.85
   580    580  159.92   48.00   2       114.83       114.82
   581    581  159.92   50.00   2       114.84       114.83
   582    582  159.92   52.00   2       114.82       114.83
   583    583  159.92   54.00   2       114.83       114.82
   584    584  159.92   56.00   2       114.84       114.84
   585    585  159.92   58.00   2       114.84       114.82
   586    586  159.92   60.00   2       114.84       114.82
   587    587  159.92   62.00   2       114.82       114.81
   588    588  159.92   64.00   2       114.82       114.82
   589    589  159.92   66.00   2       114.82       114.83
   590    590  159.92   68.00   2       114.81       114.80
   591    591  161.92    0.00   2       234.44       234.43
   592    592  161.92    2.00   2       240.52       240.56
   593    593  161.92    4.00   2       243.98       243.97
   594    594  161.92    6.00   2       249.29       249.32
   595    595  161.92    8.00   2       262.28       262.21
   596    596  161.92   10.00   2       290.01       290.00
   597    597  161.92   12.00   2       322.38       322.53
   598    598  161.92   14.00   2       311.40       308.67
   599    599  161.92   16.00   2       232.48       232.30
   600    600  161.92   18.00   2       162.36       162.24
   601    601  161.92   20.00   2       131.09       130.89
   602    602  161.92   22.00   2       119.30       119.24
   603    603  161.92   24.00   2       115.83       115.70
   604    604  161.92   26.00   2       115.33       115.28
   605    605  161.92   28.00   2       115.14       115.10
   606    606  161.92   30.00   2       115.04       115.04
   607    607  161.92   32.00   2       114.99       114.97
   608    608  161.92   34.00   2       114.98       114.97
   609    609  161.92   36.00   2       114.96       114.94
   610    610  161.92   38.00   2       114.94       114.94
   611    611  161.92   40.00   2       114.94       114.92
   612    612  161.92   42.00   2       114.92       114.91
   613    613  161.92   44.00   2       114.91       114.90
   614    614  161.92   46.00   2       114.89       114.88
   615    615  161.92   48.00   2       114.90       114.90
   616    616  161.92   50.00   2       114.89       114.87
   617    617  161.92   52.00   2       114.87       114.88
   618    618  161.92   54.00   2       114.87       114.86
   619    619  161.92   56.00   2       114.89       114.88
   620    620  161.92   58.00   2       114.87       114.87
   621    621  161.92   60.00   2       114.87       114.86
   622    622  161.92   62.00   2       114.87       114.88
   623    623  161.92   64.00   2       114.85       114.84
   624    624  161.92   66.00   2       114.85       114.85
   625    625  161.92   68.00   2       114.83       114.82
   626    626  163.92    0.00   2      1142.05      1142.25
   627    627  163.92    2.00   2      1119.42      1119.35
   628    628  163.92    4.00   2      1091.40      1091.41
   629    629  163.92    6.00   2      1066.70      1063.74
   630    630  163.92    8.00   2      1036.87      1036.95
   631    631  163.92   10.00   2      1016.28      1016.17
   632    632  163.92   12.00   2       996.32       996.31
   633    633  163.92   14.00   2       955.29       955.18
   634    634  163.92   16.00   2       872.16       872.08
   635    635  163.92   18.00   2       752.17       750.76
   636    636  163.92   20.00   2       641.11       639.88
   637    637  163.92   22.00   2       546.50       545.86
   638    638  163.92   24.00   2       461.77       458.10
   639    639  163.92   26.00   2       378.09       377.73
   640    640  163.92   28.00   2       308.59       304.76
   641    641  163.92   30.00   2       243.53       243.24
   642    642  163.92   32.00   2       195.84       195.61
   643    643  163.92   34.00   2       159.04       158.76
   644    644  163.92   36.00   2       135.08       134.82
   645    645  163.92   38.00   2       122.14       121.84
   646    646  163.92   40.00   2       116.28       116.05
   647    647  163.92   42.00   2       115.47       115.40
   648    648  163.92   44.00   2       115.25       115.23
   649    649  163.92   46.00   2       115.15       115.14
   650    650  163.92   48.00   2       115.09       115.08
   651    651  163.92   50.00   2       115.05       115.04
   652    652  163.92   52.00   2       115.03       115.01
   653    653  163.92   54.00   2       115.00       115.01
   654    654  163.92   56.00   2       114.99       114.98
   655    655  163.92   58.00   2       114.99       114.99
   656    656  163.92   60.00   2       114.99       114.98
   657    657  163.92   62.00   2       114.96       114.95
   658    658  163.92   64.00   2       114.95       114.96
   659    659  163.92   66.00   2       114.93       114.92
   660    660  165.92    0.00   2      1526.20      1508.96
   661    661  165.92    2.00   2      1469.40      1469.42
   662    662  165.92    4.00   2      1427.36      1427.27
   663    663  165.92    6.00   2      1384.91      1385.05
   664    664  165.92    8.00   2      1345.10      1345.04
   665    665  165.92   10.00   2      1308.06      1309.04
   666    666  165.92   12.00   2      1273.66      1273.57
   667    667  165.92   14.00   2      1229.57      1229.52
   668    668  165.92   16.00   2      1173.42      1173.42
   669    669  165.92   18.00   2      1130.12      1118.93
   670    670  165.92   20.00   2      1068.53      1068.56
   671    671  165.92   22.00   2      1017.07      1016.95
   672    672  165.92   24.00   2       959.07       959.00
   673    673  165.92   26.00   2       891.97       891.67
   674    674  165.92   28.00   2       807.26       807.28
   675    675  165.92   30.00   2       702.87       701.53
   676    676  165.92   32.00   2       604.70       599.58
   677    677  165.92   34.00   2       505.52       505.19
   678    678  165.92   36.00   2       419.79       419.38
   679    679  165.92   38.00   2       347.45       346.05
   680    680  165.92   40.00   2       283.44       282.06
   681    681  165.92   42.00   2       228.67       228.30
   682    682  165.92   44.00   2       185.76       185.40
   683    683  165.92   46.00   2       154.67       154.44
   684    684  165.92   48.00   2       135.00       134.78
   685    685  165.92   50.00   2       124.24       124.01
   686    686  165.92   52.00   2       118.10       118.06
   687    687  165.92   54.00   2       116.05       115.85
   688    688  165.92   56.00   2       115.52       115.48
   689    689  165.92   58.00   2       115.38       115.32
   690    690  165.92   60.00   2       115.28       115.26
   691    691  165.92   62.00   2       115.21       115.20
   692    692  165.92   64.00   2       115.16       115.14
   693    693  165.92   66.00   2       115.11       115.11
   694    694  167.92    0.00   2      1808.14      1808.25
   695    695  167.92    2.00   2      1748.85      1752.47
   696    696  167.92    4.00   2      1694.42      1694.45
   697    697  167.92    6.00   2      1636.85      1637.04
   698    698  167.92    8.00   2      1582.27      1582.28
   699    699  167.92   10.00   2      1537.57      1531.62
   700    700  167.92   12.00   2      1481.88      1481.88
   701    701  167.92   14.00   2      1438.12      1428.03
   702    702  167.92   16.00   2      1370.04      1370.01
   703    703  167.92   18.00   2      1317.79      1317.69
   704    704  167.92   20.00   2      1266.56      1268.91
   705    705  167.92   22.00   2      1219.87      1219.85
   706    706  167.92   24.00   2      1168.66      1170.99
   707    707  167.92   26.00   2      1121.44      1121.42
   708    708  167.92   28.00   2      1068.63      1070.70
   709    709  167.92   30.00   2      1017.93      1017.85
   710    710  167.92   32.00   2       960.64       960.37
   711    711  167.92   34.00   2       894.61       894.52
   712    712  167.92   36.00   2       823.37       813.36
   713    713  167.92   38.00   2       713.12       711.67
   714    714  167.92   40.00   2       612.39       612.25
   715    715  167.92   42.00   2       521.83       521.55
   716    716  167.92   44.00   2       444.07       442.69
   717    717  167.92   46.00   2       372.73       371.34
   718    718  167.92   48.00   2       311.01       309.41
   719    719  167.92   50.00   2       260.41       259.10
   720    720  167.92   52.00   2       219.28       219.02
   721    721  167.92   54.00   2       187.84       187.52
   722    722  167.92   56.00   2       165.44       165.18
   723    723  167.92   58.00   2       148.71       148.59
   724    724  167.92   60.00   2       137.81       137.53
   725    725  167.92   62.00   2       129.72       129.51
   726    726  167.92   64.00   2       124.35       124.13
   727    727  169.92    0.00   2      2059.57      2069.92
   728    728  169.92    2.00   2      2002.50      2002.56
   729    729  169.92    4.00   2      1916.34      1932.10
   730    730  169.92    6.00   2      1861.16      1861.17
   731    731  169.92    8.00   2      1785.18      1792.47
   732    732  169.92   10.00   2      1727.42      1727.42
   733    733  169.92   12.00   2      1654.38      1665.02
   734    734  169.92   14.00   2      1600.02      1599.99
   735    735  169.92   16.00   2      1535.06      1537.44
   736    736  169.92   18.00   2      1476.65      1480.67
   737    737  169.92   20.00   2      1428.25      1425.89
   738    738  169.92   22.00   2      1369.02      1372.87
   739    739  169.92   24.00   2      1340.14      1320.86
   740    740  169.92   26.00   2      1264.82      1271.14
   741    741  169.92   28.00   2      1221.94      1221.94
   742    742  169.92   30.00   2      1164.38      1174.02
   743    743  169.92   32.00   2      1125.67      1125.66
   744    744  169.92   34.00   2      1071.19      1076.80
   745    745  169.92   36.00   2      1025.49      1025.52
   746    746  169.92   38.00   2       979.61       971.39
   747    747  169.92   40.00   2       910.41       910.32
   748    748  169.92   42.00   2       838.54       838.36
   749    749  169.92   44.00   2       745.91       746.98
   750    750  169.92   46.00   2       652.88       651.66
   751    751  169.92   48.00   2       569.22       568.95
   752    752  169.92   50.00   2       494.27       492.98
   753    753  169.92   52.00   2       428.35       426.66
   754    754  169.92   54.00   2       371.20       369.71
   755    755  169.92   56.00   2       323.27       321.58
   756    756  169.92   58.00   2       283.95       282.62
   757    757  169.92   60.00   2       250.59       249.35
   758    758  169.92   62.00   2       223.02       222.71
   759    759  171.92    0.00   2      2294.65      2294.78
   760    760  171.92    2.00   2      2214.34      2222.70
   761    761  171.92    4.00   2      2142.29      2142.27
   762    762  171.92    6.00   2      2045.05      2060.52
   763    763  171.92    8.00   2      1980.07      1980.05
   764    764  171.92   10.00   2      1881.27      1903.53
   765    765  171.92   12.00   2      1828.70      1828.72
   766    766  171.92   14.00   2      1720.06      1755.11
   767    767  171.92   16.00   2      1686.24      1686.24
   768    768  171.92   18.00   2      1622.39      1622.31
   769    769  171.92   20.00   2      1559.58      1561.09
   770    770  171.92   22.00   2      1502.54      1502.46
   771    771  171.92   24.00   2      1441.60      1446.69
   772    772  171.92   26.00   2      1393.43      1393.42
   773    773  171.92   28.00   2      1330.00      1342.29
   774    774  171.92   30.00   2      1292.72      1292.72
   775    775  171.92   32.00   2      1232.80      1245.12
   776    776  171.92   34.00   2      1198.06      1198.04
   777    777  171.92   36.00   2      1136.38      1151.39
   778    778  171.92   38.00   2      1097.32      1104.23
   779    779  171.92   40.00   2      1039.61      1056.68
   780    780  171.92   42.00   2      1020.76      1006.55
   781    781  171.92   44.00   2       939.80       953.11
   782    782  171.92   46.00   2       893.25       893.19
   783    783  171.92   48.00   2       815.20       822.12
   784    784  171.92   50.00   2       738.94       738.91
   785    785  171.92   52.00   2       659.16       657.57
   786    786  171.92   54.00   2       585.87       584.56
   787    787  171.92   56.00   2       521.37       519.01
   788    788  171.92   58.00   2       464.92       463.51
   789    789  171.92   60.00   2       415.33       413.99
   790    790  173.92    0.00   2      2477.02      2477.28
   791    791  173.92    2.00   2      2407.06      2407.13
   792    792  173.92    4.00   2      2323.92      2323.90
   793    793  173.92    6.00   2      2180.84      2234.53
   794    794  173.92    8.00   2      2145.23      2145.21
   795    795  173.92   10.00   2      2058.62      2058.50
   796    796  173.92   12.00   2      1974.22      1974.21
   797    797  173.92   14.00   2      1893.90      1893.83
   798    798  173.92   16.00   2      1818.39      1818.38
   799    799  173.92   18.00   2      1747.23      1747.20
   800    800  173.92   20.00   2      1680.15      1680.17
   801    801  173.92   22.00   2      1616.53      1616.48
   802    802  173.92   24.00   2      1556.11      1556.10
   803    803  173.92   26.00   2      1498.78      1498.78
   804    804  173.92   28.00   2      1444.70      1444.61
   805    805  173.92   30.00   2      1392.78      1392.81
   806    806  173.92   32.00   2      1343.22      1343.17
   807    807  173.92   34.00   2      1295.12      1295.11
   808    808  173.92   36.00   2      1248.34      1248.30
   809    809  173.92   38.00   2      1202.67      1202.66
   810    810  173.92   40.00   2      1157.37      1157.36
   811    811  173.92   42.00   2      1112.04      1112.01
   812    812  173.92   44.00   2      1066.13      1066.11
   813    813  173.92   46.00   2      1019.43      1019.28
   814    814  173.92   48.00   2       969.94       969.88
   815    815  173.92   50.00   2       916.36       916.29
   816    816  173.92   52.00   2       853.87       857.89
   817    817  173.92   54.00   2       789.34       789.07
   818    818  173.92   56.00   2       719.18       717.88
   819    819  173.92   58.00   2       651.73       650.41
   820    820  175.92    0.00   2      2587.17      2613.73
   821    821  175.92    2.00   2      2557.83      2557.92
   822    822  175.92    4.00   2      2432.30      2478.05
   823    823  175.92    6.00   2      2386.56      2386.55
   824    824  175.92    8.00   2      2291.78      2291.63
   825    825  175.92   10.00   2      2197.76      2197.69
   826    826  175.92   12.00   2      2105.90      2105.80
   827    827  175.92   14.00   2      2017.17      2018.76
   828    828  175.92   16.00   2      1936.67      1936.61
   829    829  175.92   18.00   2      1854.45      1859.18
   830    830  175.92   20.00   2      1785.85      1785.78
   831    831  175.92   22.00   2      1705.41      1717.43
   832    832  175.92   24.00   2      1652.45      1652.49
   833    833  175.92   26.00   2      1559.13      1591.97
   834    834  175.92   28.00   2      1534.32      1534.33
   835    835  175.92   30.00   2      1479.81      1479.74
   836    836  175.92   32.00   2      1427.63      1427.59
   837    837  175.92   34.00   2      1377.57      1377.49
   838    838  175.92   36.00   2      1329.28      1329.28
   839    839  175.92   38.00   2      1283.16      1283.10
   840    840  175.92   40.00   2      1230.95      1238.26
   841    841  175.92   42.00   2      1194.06      1194.05
   842    842  175.92   44.00   2      1146.47      1150.49
   843    843  175.92   46.00   2      1106.57      1106.48
   844    844  175.92   48.00   2      1049.82      1063.04
   845    845  175.92   50.00   2      1018.83      1018.79
   846    846  175.92   52.00   2       973.45       973.28
   847    847  175.92   54.00   2       925.55       925.56
   848    848  175.92   56.00   2       875.22       875.02
   850    850  177.92    0.00   2      2710.04      2710.26
   851    851  177.92    2.00   2      2680.88      2680.88
   852    852  177.92    4.00   2      2569.09      2609.97
   853    853  177.92    6.00   2      2519.83      2519.84
   854    854  177.92    8.00   2      2377.57      2422.09
   855    855  177.92   10.00   2      2322.15      2322.10
   856    856  177.92   12.00   2      2224.60      2224.49
   857    857  177.92   14.00   2      2131.08      2131.09
   858    858  177.92   16.00   2      2042.53      2042.42
   859    859  177.92   18.00   2      1958.23      1958.42
   860    860  177.92   20.00   2      1880.81      1880.70
   861    861  177.92   22.00   2      1804.74      1807.06
   862    862  177.92   24.00   2      1738.08      1738.04
   863    863  177.92   26.00   2      1646.26      1673.20
   864    864  177.92   28.00   2      1611.89      1611.87
   865    865  177.92   30.00   2      1536.49      1554.16
   866    866  177.92   32.00   2      1499.51      1499.54
   867    867  177.92   34.00   2      1447.71      1447.61
   868    868  177.92   36.00   2      1397.77      1397.75
   869    869  177.92   38.00   2      1350.10      1350.03
   870    870  177.92   40.00   2      1303.99      1304.04
   871    871  177.92   42.00   2      1259.17      1259.10
   872    872  177.92   44.00   2      1214.93      1216.01
   873    873  177.92   46.00   2      1173.26      1173.26
   874    874  177.92   48.00   2      1127.30      1131.40
   875    875  177.92   50.00   2      1089.95      1089.90
   876    876  177.92   52.00   2      1041.16      1049.21
   881    881  179.92    0.00   2      2772.24      2772.44
   882    882  179.92    2.00   2      2778.65      2778.68
   883    883  179.92    4.00   2      2722.10      2722.32
   884    884  179.92    6.00   2      2638.70      2638.50
   885    885  179.92    8.00   2      2537.87      2538.06
   886    886  179.92   10.00   2      2434.61      2434.44
   887    887  179.92   12.00   2      2323.41      2331.33
   888    888  179.92   14.00   2      2231.50      2231.43
   889    889  179.92   16.00   2      2099.00      2136.74
   890    890  179.92   18.00   2      2046.59      2046.54
   891    891  179.92   20.00   2      1962.94      1962.83
   892    892  179.92   22.00   2      1882.54      1884.68
   893    893  179.92   24.00   2      1811.48      1811.38
   894    894  179.92   26.00   2      1733.91      1742.22
   895    895  179.92   28.00   2      1677.93      1677.93
   896    896  179.92   30.00   2      1590.98      1616.94
   897    897  179.92   32.00   2      1559.69      1559.66
   898    898  179.92   34.00   2      1505.30      1505.21
   899    899  179.92   36.00   2      1453.31      1453.31
   900    900  179.92   38.00   2      1403.93      1403.86
   901    901  179.92   40.00   2      1356.22      1356.30
   902    902  179.92   42.00   2      1311.36      1311.29
   903    903  179.92   44.00   2      1251.54      1267.28
   904    904  179.92   46.00   2      1224.51      1224.49
   905    905  179.92   48.00   2      1164.15      1183.33
   913    913  181.92    0.00   2      2739.67      2761.87
   914    914  181.92    2.00   2      2797.93      2793.52
   915    915  181.92    4.00   2      2716.42      2762.51
   916    916  181.92    6.00   2      2704.81      2704.88
   917    917  181.92    8.00   2      2601.96      2602.25
   918    918  181.92   10.00   2      2502.80      2502.84
   919    919  181.92   12.00   2      2397.05      2396.83
   920    920  181.92   14.00   2      2291.59      2291.51
   921    921  181.92   16.00   2      2192.89      2192.79
   922    922  181.92   18.00   2      2100.72      2100.80
   923    923  181.92   20.00   2      2014.75      2014.65
   924    924  181.92   22.00   2      1929.37      1933.31
   925    925  181.92   24.00   2      1857.48      1857.42
   926    926  181.92   26.00   2      1768.06      1786.24
   927    927  181.92   28.00   2      1719.39      1719.37
   928    928  181.92   30.00   2      1656.80      1656.75
   929    929  181.92   32.00   2      1597.57      1597.54
   930    930  181.92   34.00   2      1541.64      1541.57
   931    931  181.92   36.00   2      1488.55      1488.53
   932    932  181.92   38.00   2      1438.68      1438.64
   933    933  181.92   40.00   2      1390.00      1390.27
   934    934  181.92   42.00   2      1344.88      1344.85
   935    935  181.92   44.00   2      1296.27      1300.75
   946    946  183.92    0.00   2      2780.38      2780.24
   947    947  183.92    2.00   2      2872.07      2876.37
   948    948  183.92    4.00   2      2883.45      2883.36
   949    949  183.92    6.00   2      2805.42      2836.92
   950    950  183.92    8.00   2      2741.06      2740.84
   951    951  183.92   10.00   2      2584.76      2633.07
   952    952  183.92   12.00   2      2519.64      2519.57
   953    953  183.92   14.00   2      2349.66      2408.05
   954    954  183.92   16.00   2      2301.03      2301.00
   955    955  183.92   18.00   2      2200.04      2199.95
   956    956  183.92   20.00   2      2105.36      2105.38
   957    957  183.92   22.00   2      2017.66      2017.57
   958    958  183.92   24.00   2      1928.73      1935.47
   959    959  183.92   26.00   2      1859.08      1859.04
   960    960  183.92   28.00   2      1747.24      1787.78
   961    961  183.92   30.00   2      1720.79      1720.78
   962    962  183.92   32.00   2      1658.41      1658.32
   963    963  183.92   34.00   2      1599.12      1599.13
   964    964  183.92   36.00   2      1543.59      1543.49
   965    965  183.92   38.00   2      1490.50      1490.52
   980    980  185.92    0.00   2      2790.37      2790.21
   981    981  185.92    2.00   2      2907.75      2903.40
   982    982  185.92    4.00   2      2915.09      2908.95
   983    983  185.92    6.00   2      2864.65      2864.73
   984    984  185.92    8.00   2      2775.60      2774.58
   985    985  185.92   10.00   2      2664.53      2668.67
   986    986  185.92   12.00   2      2564.71      2560.63
   987    987  185.92   14.00   2      2443.61      2462.00
   988    988  185.92   16.00   2      2352.45      2352.40
   989    989  185.92   18.00   2      2196.53      2247.70
   990    990  185.92   20.00   2      2149.99      2150.00
   991    991  185.92   22.00   2      2059.74      2059.67
   992    992  185.92   24.00   2      1974.60      1974.74
   993    993  185.92   26.00   2      1897.30      1897.23
   994    994  185.92   28.00   2      1818.91      1823.62
   995    995  185.92   30.00   2      1754.70      1754.68
   996    996  185.92   32.00   2      1672.71      1690.12
  1014   1014  187.92    0.00   2      2761.58      2761.69
  1015   1015  187.92    2.00   2      2968.70      2968.75
  1016   1016  187.92    4.00   2      3009.55      3009.36
  1017   1017  187.92    6.00   2      2963.37      2967.30
  1018   1018  187.92    8.00   2      2876.37      2876.32
  1019   1019  187.92   10.00   2      2762.46      2762.45
  1020   1020  187.92   12.00   2      2642.09      2641.94
  1021   1021  187.92   14.00   2      2522.26      2522.23
  1022   1022  187.92   16.00   2      2406.91      2406.79
  1023   1023  187.92   18.00   2      2298.13      2298.20
  1024   1024  187.92   20.00   2      2196.60      2196.52
  1025   1025  187.92   22.00   2      2098.37      2102.51
  1049   1049  189.92    0.00   2      2723.04      2722.96
  1050   1050  189.92    2.00   2      2959.27      2957.85
  1051   1051  189.92    4.00   2      2988.60      2992.28
# END: scan time was  12308.45979  seconds
