# Sensor scan measurement of Sensor IR3
# Iin=    34.85 mA ,  Vin= 12140.50 mV, T=    20.93 C 
# scanRangeX 151.50 mm; scanRangeY  70.00 mm; stepSize   2.00 mm; initialOffset   4.00 mm; sensorX 155.00 mm; start position at (x|y)=(119.92|  0.00) mm
# iStep, iStep, Pos x, Pos y, nMeas, Meas1 ... MeasN
     0      0  121.92    0.00   2       114.87       114.87
     1      1  121.92    2.00   2       114.82       114.81
     2      2  121.92    4.00   2       114.83       114.81
     3      3  121.92    6.00   2       114.80       114.80
     4      4  121.92    8.00   2       114.81       114.80
     5      5  121.92   10.00   2       114.78       114.79
     6      6  121.92   12.00   2       114.79       114.76
     7      7  121.92   14.00   2       114.77       114.76
     8      8  121.92   16.00   2       114.77       114.77
     9      9  121.92   18.00   2       114.76       114.75
    10     10  121.92   20.00   2       114.75       114.75
    11     11  121.92   22.00   2       114.73       114.71
    12     12  123.92    0.00   2       674.63       681.40
    13     13  123.92    2.00   2       543.49       542.15
    14     14  123.92    4.00   2       392.04       390.49
    15     15  123.92    6.00   2       258.74       257.55
    16     16  123.92    8.00   2       166.97       165.67
    17     17  123.92   10.00   2       126.07       125.90
    18     18  123.92   12.00   2       115.75       115.56
    19     19  123.92   14.00   2       115.09       115.06
    20     20  123.92   16.00   2       114.95       114.94
    21     21  123.92   18.00   2       114.89       114.87
    22     22  123.92   20.00   2       114.86       114.84
    23     23  123.92   22.00   2       114.84       114.84
    24     24  123.92   24.00   2       114.82       114.82
    25     25  123.92   26.00   2       114.79       114.80
    26     26  123.92   28.00   2       114.80       114.79
    27     27  123.92   30.00   2       114.78       114.77
    28     28  123.92   32.00   2       114.77       114.77
    29     29  125.92    0.00   2      1311.15      1312.29
    30     30  125.92    2.00   2      1248.69      1248.83
    31     31  125.92    4.00   2      1179.13      1179.12
    32     32  125.92    6.00   2      1103.61      1103.29
    33     33  125.92    8.00   2      1018.49      1018.16
    34     34  125.92   10.00   2       916.29       916.00
    35     35  125.92   12.00   2       768.66       765.90
    36     36  125.92   14.00   2       554.84       550.35
    37     37  125.92   16.00   2       361.51       357.72
    38     38  125.92   18.00   2       216.56       215.18
    39     39  125.92   20.00   2       141.27       140.89
    40     40  125.92   22.00   2       117.87       117.67
    41     41  125.92   24.00   2       115.30       115.24
    42     42  125.92   26.00   2       115.07       115.04
    43     43  125.92   28.00   2       114.97       114.97
    44     44  125.92   30.00   2       114.94       114.94
    45     45  125.92   32.00   2       114.92       114.90
    46     46  125.92   34.00   2       114.91       114.89
    47     47  125.92   36.00   2       114.88       114.87
    48     48  125.92   38.00   2       114.86       114.86
    49     49  127.92    0.00   2      1644.10      1645.30
    50     50  127.92    2.00   2      1573.08      1573.18
    51     51  127.92    4.00   2      1497.15      1497.11
    52     52  127.92    6.00   2      1420.03      1419.84
    53     53  127.92    8.00   2      1342.74      1342.49
    54     54  127.92   10.00   2      1265.29      1264.99
    55     55  127.92   12.00   2      1186.75      1186.58
    56     56  127.92   14.00   2      1105.62      1105.37
    57     57  127.92   16.00   2      1017.22      1017.01
    58     58  127.92   18.00   2       913.49       913.13
    59     59  127.92   20.00   2       764.00       761.30
    60     60  127.92   22.00   2       548.63       544.60
    61     61  127.92   24.00   2       356.60       352.00
    62     62  127.92   26.00   2       214.77       212.09
    63     63  127.92   28.00   2       140.39       140.02
    64     64  127.92   30.00   2       117.70       117.59
    65     65  127.92   32.00   2       115.50       115.42
    66     66  127.92   34.00   2       115.16       115.12
    67     67  127.92   36.00   2       115.07       115.04
    68     68  127.92   38.00   2       115.02       115.00
    69     69  127.92   40.00   2       114.98       114.98
    70     70  127.92   42.00   2       114.94       114.96
    71     71  127.92   44.00   2       114.95       114.94
    72     72  129.92    0.00   2      1920.64      1920.92
    73     73  129.92    2.00   2      1840.98      1840.96
    74     74  129.92    4.00   2      1756.32      1756.23
    75     75  129.92    6.00   2      1670.21      1670.11
    76     76  129.92    8.00   2      1585.00      1584.88
    77     77  129.92   10.00   2      1501.64      1501.41
    78     78  129.92   12.00   2      1420.38      1420.02
    79     79  129.92   14.00   2      1341.31      1341.15
    80     80  129.92   16.00   2      1263.19      1263.08
    81     81  129.92   18.00   2      1185.43      1185.15
    82     82  129.92   20.00   2      1105.95      1105.53
    83     83  129.92   22.00   2      1020.04      1019.59
    84     84  129.92   24.00   2       920.19       918.84
    85     85  129.92   26.00   2       779.88       777.50
    86     86  129.92   28.00   2       572.56       567.94
    87     87  129.92   30.00   2       381.38       377.28
    88     88  129.92   32.00   2       235.11       232.20
    89     89  129.92   34.00   2       150.19       150.06
    90     90  129.92   36.00   2       121.01       120.81
    91     91  129.92   38.00   2       115.63       115.51
    92     92  129.92   40.00   2       115.25       115.20
    93     93  129.92   42.00   2       115.13       115.12
    94     94  129.92   44.00   2       115.07       115.08
    95     95  129.92   46.00   2       115.02       115.01
    96     96  129.92   48.00   2       115.02       115.00
    97     97  131.92    0.00   2      2151.09      2152.16
    98     98  131.92    2.00   2      2070.98      2071.00
    99     99  131.92    4.00   2      1980.46      1980.40
   100    100  131.92    6.00   2      1886.90      1886.79
   101    101  131.92    8.00   2      1793.68      1793.61
   102    102  131.92   10.00   2      1702.92      1702.72
   103    103  131.92   12.00   2      1615.27      1614.96
   104    104  131.92   14.00   2      1529.65      1529.48
   105    105  131.92   16.00   2      1448.16      1448.00
   106    106  131.92   18.00   2      1369.64      1369.46
   107    107  131.92   20.00   2      1293.27      1293.00
   108    108  131.92   22.00   2      1218.04      1217.63
   109    109  131.92   24.00   2      1141.54      1141.31
   110    110  131.92   26.00   2      1062.61      1062.38
   111    111  131.92   28.00   2       974.91       974.68
   112    112  131.92   30.00   2       867.51       866.28
   113    113  131.92   32.00   2       703.37       698.61
   114    114  131.92   34.00   2       503.57       498.20
   115    115  131.92   36.00   2       330.29       327.48
   116    116  131.92   38.00   2       206.74       204.10
   117    117  131.92   40.00   2       140.99       139.84
   118    118  131.92   42.00   2       118.58       118.49
   119    119  131.92   44.00   2       115.73       115.61
   120    120  131.92   46.00   2       115.27       115.26
   121    121  131.92   48.00   2       115.16       115.15
   122    122  131.92   50.00   2       115.11       115.09
   123    123  131.92   52.00   2       115.06       115.06
   124    124  133.92    0.00   2      2331.00      2330.76
   125    125  133.92    2.00   2      2256.40      2256.47
   126    126  133.92    4.00   2      2166.12      2166.07
   127    127  133.92    6.00   2      2069.47      2069.30
   128    128  133.92    8.00   2      1971.29      1970.98
   129    129  133.92   10.00   2      1873.82      1873.65
   130    130  133.92   12.00   2      1779.68      1779.54
   131    131  133.92   14.00   2      1689.41      1689.28
   132    132  133.92   16.00   2      1603.97      1603.75
   133    133  133.92   18.00   2      1521.64      1521.32
   134    134  133.92   20.00   2      1442.61      1442.45
   135    135  133.92   22.00   2      1367.19      1367.02
   136    136  133.92   24.00   2      1293.57      1293.37
   137    137  133.92   26.00   2      1220.90      1220.56
   138    138  133.92   28.00   2      1148.21      1146.95
   139    139  133.92   30.00   2      1072.39      1072.11
   140    140  133.92   32.00   2       989.93       989.82
   141    141  133.92   34.00   2       893.18       891.85
   142    142  133.92   36.00   2       752.39       749.86
   143    143  133.92   38.00   2       560.24       555.75
   144    144  133.92   40.00   2       385.03       381.90
   145    145  133.92   42.00   2       247.68       245.12
   146    146  133.92   44.00   2       161.34       159.88
   147    147  133.92   46.00   2       125.35       125.13
   148    148  133.92   48.00   2       115.96       115.84
   149    149  133.92   50.00   2       115.42       115.38
   150    150  133.92   52.00   2       115.23       115.22
   151    151  133.92   54.00   2       115.16       115.14
   152    152  135.92    0.00   2      2459.69      2459.88
   153    153  135.92    2.00   2      2404.80      2404.93
   154    154  135.92    4.00   2      2316.38      2316.38
   155    155  135.92    6.00   2      2223.72      2221.75
   156    156  135.92    8.00   2      2124.85      2124.60
   157    157  135.92   10.00   2      2023.66      2023.32
   158    158  135.92   12.00   2      1923.89      1923.67
   159    159  135.92   14.00   2      1828.75      1828.63
   160    160  135.92   16.00   2      1738.42      1738.23
   161    161  135.92   18.00   2      1652.07      1651.79
   162    162  135.92   20.00   2      1570.36      1569.99
   163    163  135.92   22.00   2      1491.19      1490.96
   164    164  135.92   24.00   2      1416.23      1416.08
   165    165  135.92   26.00   2      1344.00      1343.85
   166    166  135.92   28.00   2      1274.80      1274.54
   167    167  135.92   30.00   2      1204.88      1204.64
   168    168  135.92   32.00   2      1134.62      1134.38
   169    169  135.92   34.00   2      1061.70      1061.38
   170    170  135.92   36.00   2       982.05       980.90
   171    171  135.92   38.00   2       885.89       885.49
   172    172  135.92   40.00   2       748.16       745.24
   173    173  135.92   42.00   2       563.39       560.30
   174    174  135.92   44.00   2       394.62       391.45
   175    175  135.92   46.00   2       257.49       255.89
   176    176  135.92   48.00   2       169.89       168.41
   177    177  135.92   50.00   2       129.10       128.82
   178    178  135.92   52.00   2       116.44       116.28
   179    179  135.92   54.00   2       115.54       115.49
   180    180  135.92   56.00   2       115.30       115.29
   181    181  135.92   58.00   2       115.21       115.19
   182    182  137.92    0.00   2      2548.73      2548.21
   183    183  137.92    2.00   2      2519.47      2519.52
   184    184  137.92    4.00   2      2445.80      2446.96
   185    185  137.92    6.00   2      2358.50      2360.12
   186    186  137.92    8.00   2      2258.78      2258.63
   187    187  137.92   10.00   2      2152.41      2152.37
   188    188  137.92   12.00   2      2049.53      2049.26
   189    189  137.92   14.00   2      1949.72      1949.31
   190    190  137.92   16.00   2      1853.83      1853.67
   191    191  137.92   18.00   2      1763.47      1763.35
   192    192  137.92   20.00   2      1678.25      1678.13
   193    193  137.92   22.00   2      1597.62      1597.43
   194    194  137.92   24.00   2      1520.84      1520.48
   195    195  137.92   26.00   2      1447.16      1447.00
   196    196  137.92   28.00   2      1376.55      1376.41
   197    197  137.92   30.00   2      1307.75      1307.62
   198    198  137.92   32.00   2      1240.53      1240.20
   199    199  137.92   34.00   2      1173.32      1172.89
   200    200  137.92   36.00   2      1104.74      1104.50
   201    201  137.92   38.00   2      1032.56      1031.34
   202    202  137.92   40.00   2       950.94       950.73
   203    203  137.92   42.00   2       851.75       850.50
   204    204  137.92   44.00   2       701.54       697.08
   205    205  137.92   46.00   2       522.47       518.29
   206    206  137.92   48.00   2       364.38       360.92
   207    207  137.92   50.00   2       239.32       236.79
   208    208  137.92   52.00   2       161.43       160.05
   209    209  137.92   54.00   2       126.92       126.60
   210    210  137.92   56.00   2       116.07       115.96
   211    211  137.92   58.00   2       115.50       115.46
   212    212  137.92   60.00   2       115.29       115.27
   213    213  139.92    0.00   2      2607.42      2607.49
   214    214  139.92    2.00   2      2622.00      2621.93
   215    215  139.92    4.00   2      2566.00      2566.82
   216    216  139.92    6.00   2      2478.16      2478.01
   217    217  139.92    8.00   2      2376.29      2376.25
   218    218  139.92   10.00   2      2268.72      2268.44
   219    219  139.92   12.00   2      2162.14      2161.94
   220    220  139.92   14.00   2      2057.12      2056.99
   221    221  139.92   16.00   2      1958.13      1957.99
   222    222  139.92   18.00   2      1863.50      1863.35
   223    223  139.92   20.00   2      1774.99      1774.82
   224    224  139.92   22.00   2      1690.87      1690.59
   225    225  139.92   24.00   2      1610.79      1610.69
   226    226  139.92   26.00   2      1535.40      1535.32
   227    227  139.92   28.00   2      1463.19      1463.02
   228    228  139.92   30.00   2      1393.77      1393.57
   229    229  139.92   32.00   2      1326.92      1326.62
   230    230  139.92   34.00   2      1261.07      1260.92
   231    231  139.92   36.00   2      1196.00      1195.82
   232    232  139.92   38.00   2      1130.75      1130.53
   233    233  139.92   40.00   2      1062.77      1062.42
   234    234  139.92   42.00   2       989.04       988.61
   235    235  139.92   44.00   2       903.70       902.37
   236    236  139.92   46.00   2       788.29       786.00
   237    237  139.92   48.00   2       618.16       615.16
   238    238  139.92   50.00   2       451.57       447.52
   239    239  139.92   52.00   2       310.46       306.43
   240    240  139.92   54.00   2       205.41       203.94
   241    241  139.92   56.00   2       146.08       145.72
   242    242  139.92   58.00   2       122.07       121.82
   243    243  139.92   60.00   2       115.85       115.73
   244    244  139.92   62.00   2       115.43       115.38
   245    245  141.92    0.00   2      2630.22      2630.42
   246    246  141.92    2.00   2      2698.36      2698.53
   247    247  141.92    4.00   2      2658.48      2654.34
   248    248  141.92    6.00   2      2584.90      2584.64
   249    249  141.92    8.00   2      2483.18      2483.00
   250    250  141.92   10.00   2      2371.71      2370.21
   251    251  141.92   12.00   2      2259.78      2259.88
   252    252  141.92   14.00   2      2155.98      2152.54
   253    253  141.92   16.00   2      2051.54      2050.43
   254    254  141.92   18.00   2      1951.99      1951.67
   255    255  141.92   20.00   2      1858.55      1858.36
   256    256  141.92   22.00   2      1770.62      1771.97
   257    257  141.92   24.00   2      1691.37      1691.12
   258    258  141.92   26.00   2      1612.65      1612.42
   259    259  141.92   28.00   2      1538.62      1538.29
   260    260  141.92   30.00   2      1467.72      1467.60
   261    261  141.92   32.00   2      1400.12      1400.01
   262    262  141.92   34.00   2      1334.66      1334.54
   263    263  141.92   36.00   2      1271.19      1270.91
   264    264  141.92   38.00   2      1208.14      1207.76
   265    265  141.92   40.00   2      1144.11      1143.92
   266    266  141.92   42.00   2      1078.94      1078.74
   267    267  141.92   44.00   2      1009.28      1008.85
   268    268  141.92   46.00   2       930.04       929.60
   269    269  141.92   48.00   2       829.88       828.41
   270    270  141.92   50.00   2       677.57       675.81
   271    271  141.92   52.00   2       511.06       508.27
   272    272  141.92   54.00   2       363.61       360.09
   273    273  141.92   56.00   2       245.08       243.61
   274    274  141.92   58.00   2       167.45       167.14
   275    275  141.92   60.00   2       130.83       130.53
   276    276  141.92   62.00   2       117.17       117.15
   277    277  141.92   64.00   2       115.58       115.52
   278    278  143.92    0.00   2      2631.29      2631.29
   279    279  143.92    2.00   2      2749.19      2749.31
   280    280  143.92    4.00   2      2741.32      2741.89
   281    281  143.92    6.00   2      2681.84      2679.87
   282    282  143.92    8.00   2      2593.31      2597.15
   283    283  143.92   10.00   2      2484.54      2482.65
   284    284  143.92   12.00   2      2366.28      2366.11
   285    285  143.92   14.00   2      2254.26      2254.03
   286    286  143.92   16.00   2      2145.10      2144.91
   287    287  143.92   18.00   2      2040.72      2040.52
   288    288  143.92   20.00   2      1942.63      1942.36
   289    289  143.92   22.00   2      1850.95      1850.62
   290    290  143.92   24.00   2      1764.58      1764.40
   291    291  143.92   26.00   2      1683.20      1683.05
   292    292  143.92   28.00   2      1606.49      1606.36
   293    293  143.92   30.00   2      1533.85      1533.61
   294    294  143.92   32.00   2      1464.83      1464.56
   295    295  143.92   34.00   2      1398.50      1398.28
   296    296  143.92   36.00   2      1333.95      1333.84
   297    297  143.92   38.00   2      1271.35      1271.16
   298    298  143.92   40.00   2      1209.64      1209.49
   299    299  143.92   42.00   2      1147.42      1147.22
   300    300  143.92   44.00   2      1083.65      1083.44
   301    301  143.92   46.00   2      1015.88      1015.56
   302    302  143.92   48.00   2       938.84       938.46
   303    303  143.92   50.00   2       844.42       842.16
   304    304  143.92   52.00   2       703.47       701.12
   305    305  143.92   54.00   2       539.37       536.06
   306    306  143.92   56.00   2       391.73       388.06
   307    307  143.92   58.00   2       269.90       267.21
   308    308  143.92   60.00   2       184.53       183.19
   309    309  143.92   62.00   2       138.65       137.36
   310    310  143.92   64.00   2       120.12       120.01
   311    311  143.92   66.00   2       115.68       115.63
   312    312  145.92    0.00   2      2633.33      2633.35
   313    313  145.92    2.00   2      2802.93      2801.90
   314    314  145.92    4.00   2      2821.21      2821.18
   315    315  145.92    6.00   2      2762.93      2762.97
   316    316  145.92    8.00   2      2665.52      2665.36
   317    317  145.92   10.00   2      2552.25      2550.81
   318    318  145.92   12.00   2      2432.50      2432.25
   319    319  145.92   14.00   2      2316.14      2316.06
   320    320  145.92   16.00   2      2203.40      2203.22
   321    321  145.92   18.00   2      2096.75      2096.38
   322    322  145.92   20.00   2      1995.89      1995.65
   323    323  145.92   22.00   2      1903.16      1903.14
   324    324  145.92   24.00   2      1815.40      1815.28
   325    325  145.92   26.00   2      1733.04      1732.85
   326    326  145.92   28.00   2      1655.20      1654.89
   327    327  145.92   30.00   2      1581.58      1581.16
   328    328  145.92   32.00   2      1510.90      1510.79
   329    329  145.92   34.00   2      1443.97      1443.84
   330    330  145.92   36.00   2      1379.66      1379.49
   331    331  145.92   38.00   2      1317.57      1317.29
   332    332  145.92   40.00   2      1257.13      1256.76
   333    333  145.92   42.00   2      1196.16      1195.94
   334    334  145.92   44.00   2      1135.43      1135.28
   335    335  145.92   46.00   2      1073.11      1072.77
   336    336  145.92   48.00   2      1006.59      1005.46
   337    337  145.92   50.00   2       931.22       929.87
   338    338  145.92   52.00   2       836.71       835.33
   339    339  145.92   54.00   2       697.12       694.69
   340    340  145.92   56.00   2       538.02       534.03
   341    341  145.92   58.00   2       394.66       390.86
   342    342  145.92   60.00   2       274.75       273.41
   343    343  145.92   62.00   2       190.45       189.01
   344    344  145.92   64.00   2       142.12       141.82
   345    345  145.92   66.00   2       122.07       121.79
   346    346  147.92    0.00   2      2604.20      2604.28
   347    347  147.92    2.00   2      2815.41      2817.09
   348    348  147.92    4.00   2      2859.80      2859.88
   349    349  147.92    6.00   2      2806.45      2806.69
   350    350  147.92    8.00   2      2718.94      2718.67
   351    351  147.92   10.00   2      2606.34      2606.17
   352    352  147.92   12.00   2      2487.26      2486.97
   353    353  147.92   14.00   2      2367.99      2367.80
   354    354  147.92   16.00   2      2253.16      2253.00
   355    355  147.92   18.00   2      2144.27      2143.91
   356    356  147.92   20.00   2      2041.60      2041.46
   357    357  147.92   22.00   2      1945.83      1945.70
   358    358  147.92   24.00   2      1856.28      1856.04
   359    359  147.92   26.00   2      1771.73      1771.52
   360    360  147.92   28.00   2      1693.11      1692.76
   361    361  147.92   30.00   2      1618.09      1617.91
   362    362  147.92   32.00   2      1547.46      1547.32
   363    363  147.92   34.00   2      1480.16      1480.03
   364    364  147.92   36.00   2      1416.01      1415.77
   365    365  147.92   38.00   2      1354.26      1353.90
   366    366  147.92   40.00   2      1293.29      1293.13
   367    367  147.92   42.00   2      1234.06      1233.95
   368    368  147.92   44.00   2      1175.12      1174.90
   369    369  147.92   46.00   2      1115.82      1115.50
   370    370  147.92   48.00   2      1053.54      1053.28
   371    371  147.92   50.00   2       986.50       986.13
   372    372  147.92   52.00   2       909.43       909.15
   373    373  147.92   54.00   2       810.68       809.32
   374    374  147.92   56.00   2       664.99       661.28
   375    375  147.92   58.00   2       512.03       510.41
   376    376  147.92   60.00   2       376.10       373.59
   377    377  147.92   62.00   2       264.53       263.01
   378    378  147.92   64.00   2       185.36       183.88
   379    379  147.92   66.00   2       141.23       140.87
   380    380  147.92   68.00   2       121.82       121.70
   381    381  149.92    0.00   2      2584.05      2584.00
   382    382  149.92    2.00   2      2830.49      2832.15
   383    383  149.92    4.00   2      2888.23      2888.25
   384    384  149.92    6.00   2      2846.30      2846.24
   385    385  149.92    8.00   2      2754.83      2754.66
   386    386  149.92   10.00   2      2642.36      2642.11
   387    387  149.92   12.00   2      2521.48      2521.22
   388    388  149.92   14.00   2      2400.61      2400.43
   389    389  149.92   16.00   2      2283.33      2283.11
   390    390  149.92   18.00   2      2175.18      2174.96
   391    391  149.92   20.00   2      2071.81      2071.43
   392    392  149.92   22.00   2      1974.05      1973.85
   393    393  149.92   24.00   2      1883.04      1882.87
   394    394  149.92   26.00   2      1798.29      1798.15
   395    395  149.92   28.00   2      1718.56      1718.42
   396    396  149.92   30.00   2      1643.92      1643.62
   397    397  149.92   32.00   2      1572.44      1572.33
   398    398  149.92   34.00   2      1505.32      1505.18
   399    399  149.92   36.00   2      1441.02      1440.89
   400    400  149.92   38.00   2      1379.25      1379.05
   401    401  149.92   40.00   2      1319.63      1319.28
   402    402  149.92   42.00   2      1260.70      1260.59
   403    403  149.92   44.00   2      1203.30      1203.15
   404    404  149.92   46.00   2      1145.44      1145.27
   405    405  149.92   48.00   2      1086.37      1085.99
   406    406  149.92   50.00   2      1023.26      1023.09
   407    407  149.92   52.00   2       955.36       954.10
   408    408  149.92   54.00   2       872.88       872.63
   409    409  149.92   56.00   2       761.56       758.56
   410    410  149.92   58.00   2       609.72       606.17
   411    411  149.92   60.00   2       463.67       461.86
   412    412  149.92   62.00   2       338.66       335.88
   413    413  149.92   64.00   2       239.07       237.67
   414    414  149.92   66.00   2       171.43       170.03
   415    415  149.92   68.00   2       135.00       134.70
   416    416  151.92    0.00   2      2579.69      2579.66
   417    417  151.92    2.00   2      2839.03      2840.18
   418    418  151.92    4.00   2      2905.24      2905.54
   419    419  151.92    6.00   2      2864.78      2864.55
   420    420  151.92    8.00   2      2773.47      2773.37
   421    421  151.92   10.00   2      2658.55      2658.40
   422    422  151.92   12.00   2      2537.25      2536.83
   423    423  151.92   14.00   2      2415.28      2415.07
   424    424  151.92   16.00   2      2298.26      2298.04
   425    425  151.92   18.00   2      2187.50      2187.30
   426    426  151.92   20.00   2      2084.07      2083.90
   427    427  151.92   22.00   2      1987.20      1986.91
   428    428  151.92   24.00   2      1896.09      1895.93
   429    429  151.92   26.00   2      1811.52      1811.37
   430    430  151.92   28.00   2      1732.18      1732.04
   431    431  151.92   30.00   2      1657.36      1657.21
   432    432  151.92   32.00   2      1586.96      1586.71
   433    433  151.92   34.00   2      1520.23      1519.86
   434    434  151.92   36.00   2      1456.20      1456.07
   435    435  151.92   38.00   2      1394.60      1394.49
   436    436  151.92   40.00   2      1335.55      1335.43
   437    437  151.92   42.00   2      1278.19      1278.02
   438    438  151.92   44.00   2      1222.02      1221.63
   439    439  151.92   46.00   2      1164.70      1164.54
   440    440  151.92   48.00   2      1106.88      1106.69
   441    441  151.92   50.00   2      1047.58      1047.13
   442    442  151.92   52.00   2       982.32       982.17
   443    443  151.92   54.00   2       909.53       908.19
   444    444  151.92   56.00   2       816.02       813.79
   445    445  151.92   58.00   2       679.89       677.36
   446    446  151.92   60.00   2       531.87       528.49
   447    447  151.92   62.00   2       399.16       396.33
   448    448  151.92   64.00   2       287.23       284.97
   449    449  151.92   66.00   2       203.49       203.25
   450    450  151.92   68.00   2       152.61       152.25
   451    451  153.92    0.00   2      2586.18      2586.06
   452    452  153.92    2.00   2      2843.99      2844.10
   453    453  153.92    4.00   2      2901.90      2902.17
   454    454  153.92    6.00   2      2860.10      2860.02
   455    455  153.92    8.00   2      2768.20      2767.92
   456    456  153.92   10.00   2      2653.73      2653.47
   457    457  153.92   12.00   2      2532.67      2532.44
   458    458  153.92   14.00   2      2412.25      2412.08
   459    459  153.92   16.00   2      2296.15      2295.88
   460    460  153.92   18.00   2      2186.76      2186.43
   461    461  153.92   20.00   2      2083.70      2083.51
   462    462  153.92   22.00   2      1987.48      1987.36
   463    463  153.92   24.00   2      1897.87      1897.72
   464    464  153.92   26.00   2      1814.04      1813.81
   465    465  153.92   28.00   2      1735.47      1735.14
   466    466  153.92   30.00   2      1661.48      1661.32
   467    467  153.92   32.00   2      1591.06      1590.97
   468    468  153.92   34.00   2      1524.84      1524.69
   469    469  153.92   36.00   2      1461.43      1461.31
   470    470  153.92   38.00   2      1401.13      1400.81
   471    471  153.92   40.00   2      1342.03      1341.95
   472    472  153.92   42.00   2      1285.06      1284.93
   473    473  153.92   44.00   2      1229.16      1228.97
   474    474  153.92   46.00   2      1173.52      1173.19
   475    475  153.92   48.00   2      1117.69      1117.31
   476    476  153.92   50.00   2      1059.09      1058.93
   477    477  153.92   52.00   2       997.64       997.47
   478    478  153.92   54.00   2       927.98       927.85
   479    479  153.92   56.00   2       843.53       843.25
   480    480  153.92   58.00   2       723.64       720.76
   481    481  153.92   60.00   2       576.28       574.54
   482    482  153.92   62.00   2       442.32       438.38
   483    483  153.92   64.00   2       324.96       322.17
   484    484  153.92   66.00   2       232.73       231.32
   485    485  153.92   68.00   2       169.30       169.05
   486    486  155.92    0.00   2      2607.09      2607.05
   487    487  155.92    2.00   2      2840.43      2853.45
   488    488  155.92    4.00   2      2905.97      2906.20
   489    489  155.92    6.00   2      2859.67      2859.68
   490    490  155.92    8.00   2      2767.29      2767.17
   491    491  155.92   10.00   2      2652.01      2651.79
   492    492  155.92   12.00   2      2530.30      2529.88
   493    493  155.92   14.00   2      2408.94      2408.70
   494    494  155.92   16.00   2      2292.87      2292.64
   495    495  155.92   18.00   2      2183.35      2183.17
   496    496  155.92   20.00   2      2081.00      2080.69
   497    497  155.92   22.00   2      1985.83      1985.44
   498    498  155.92   24.00   2      1896.51      1896.43
   499    499  155.92   26.00   2      1813.03      1812.86
   500    500  155.92   28.00   2      1734.90      1734.79
   501    501  155.92   30.00   2      1661.48      1661.25
   502    502  155.92   32.00   2      1592.19      1591.86
   503    503  155.92   34.00   2      1525.80      1525.62
   504    504  155.92   36.00   2      1463.00      1462.93
   505    505  155.92   38.00   2      1402.97      1402.77
   506    506  155.92   40.00   2      1344.68      1344.46
   507    507  155.92   42.00   2      1288.30      1288.03
   508    508  155.92   44.00   2      1232.22      1232.20
   509    509  155.92   46.00   2      1177.24      1177.06
   510    510  155.92   48.00   2      1121.56      1121.30
   511    511  155.92   50.00   2      1064.57      1063.35
   512    512  155.92   52.00   2      1003.03      1002.78
   513    513  155.92   54.00   2       935.46       934.30
   514    514  155.92   56.00   2       853.04       851.64
   515    515  155.92   58.00   2       738.20       736.80
   516    516  155.92   60.00   2       595.18       591.78
   517    517  155.92   62.00   2       460.42       457.25
   518    518  155.92   64.00   2       341.07       339.60
   519    519  155.92   66.00   2       246.51       245.04
   520    520  155.92   68.00   2       179.56       179.18
   521    521  157.92    0.00   2      2658.73      2658.78
   522    522  157.92    2.00   2      2860.16      2861.26
   523    523  157.92    4.00   2      2894.41      2894.42
   524    524  157.92    6.00   2      2838.79      2838.61
   525    525  157.92    8.00   2      2740.07      2739.96
   526    526  157.92   10.00   2      2623.33      2623.14
   527    527  157.92   12.00   2      2501.70      2501.44
   528    528  157.92   14.00   2      2381.85      2381.62
   529    529  157.92   16.00   2      2267.65      2267.24
   530    530  157.92   18.00   2      2159.42      2159.18
   531    531  157.92   20.00   2      2058.67      2058.52
   532    532  157.92   22.00   2      1964.90      1964.75
   533    533  157.92   24.00   2      1877.44      1877.23
   534    534  157.92   26.00   2      1795.77      1795.47
   535    535  157.92   28.00   2      1718.62      1718.45
   536    536  157.92   30.00   2      1646.39      1646.24
   537    537  157.92   32.00   2      1578.02      1577.92
   538    538  157.92   34.00   2      1513.54      1513.31
   539    539  157.92   36.00   2      1451.76      1451.48
   540    540  157.92   38.00   2      1392.17      1392.06
   541    541  157.92   40.00   2      1334.57      1334.44
   542    542  157.92   42.00   2      1278.29      1278.18
   543    543  157.92   44.00   2      1223.24      1222.96
   544    544  157.92   46.00   2      1168.82      1168.41
   545    545  157.92   48.00   2      1112.95      1112.74
   546    546  157.92   50.00   2      1056.14      1055.87
   547    547  157.92   52.00   2       995.51       995.09
   548    548  157.92   54.00   2       927.38       926.16
   549    549  157.92   56.00   2       844.51       843.18
   550    550  157.92   58.00   2       728.87       726.25
   551    551  157.92   60.00   2       586.78       584.11
   552    552  157.92   62.00   2       454.00       451.32
   553    553  157.92   64.00   2       339.54       338.11
   554    554  157.92   66.00   2       247.07       245.76
   555    555  157.92   68.00   2       181.05       179.80
   556    556  159.92    0.00   2      2699.54      2699.64
   557    557  159.92    2.00   2      2853.97      2854.39
   558    558  159.92    4.00   2      2863.83      2863.91
   559    559  159.92    6.00   2      2798.03      2797.92
   560    560  159.92    8.00   2      2695.91      2695.69
   561    561  159.92   10.00   2      2578.46      2578.21
   562    562  159.92   12.00   2      2458.28      2458.11
   563    563  159.92   14.00   2      2340.75      2340.56
   564    564  159.92   16.00   2      2228.95      2228.72
   565    565  159.92   18.00   2      2124.04      2123.63
   566    566  159.92   20.00   2      2025.70      2025.51
   567    567  159.92   22.00   2      1933.65      1933.50
   568    568  159.92   24.00   2      1848.57      1848.41
   569    569  159.92   26.00   2      1768.46      1768.28
   570    570  159.92   28.00   2      1693.89      1693.65
   571    571  159.92   30.00   2      1622.72      1622.59
   572    572  159.92   32.00   2      1555.88      1555.71
   573    573  159.92   34.00   2      1492.22      1492.10
   574    574  159.92   36.00   2      1431.40      1431.20
   575    575  159.92   38.00   2      1373.09      1372.83
   576    576  159.92   40.00   2      1316.17      1315.98
   577    577  159.92   42.00   2      1260.72      1260.62
   578    578  159.92   44.00   2      1206.12      1205.92
   579    579  159.92   46.00   2      1151.35      1151.07
   580    580  159.92   48.00   2      1096.09      1095.65
   581    581  159.92   50.00   2      1037.95      1037.72
   582    582  159.92   52.00   2       976.21       975.89
   583    583  159.92   54.00   2       905.13       904.94
   584    584  159.92   56.00   2       817.12       815.77
   585    585  159.92   58.00   2       690.61       688.64
   586    586  159.92   60.00   2       551.61       549.89
   587    587  159.92   62.00   2       425.84       423.30
   588    588  159.92   64.00   2       317.02       314.62
   589    589  159.92   66.00   2       231.17       228.64
   590    590  159.92   68.00   2       171.84       170.63
   591    591  161.92    0.00   2      2721.91      2729.46
   592    592  161.92    2.00   2      2787.86      2832.35
   593    593  161.92    4.00   2      2814.52      2814.44
   594    594  161.92    6.00   2      2736.16      2736.11
   595    595  161.92    8.00   2      2629.69      2629.65
   596    596  161.92   10.00   2      2512.82      2512.78
   597    597  161.92   12.00   2      2394.50      2394.61
   598    598  161.92   14.00   2      2274.93      2281.00
   599    599  161.92   16.00   2      2152.22      2172.76
   600    600  161.92   18.00   2      2071.41      2071.30
   601    601  161.92   20.00   2      1977.44      1977.30
   602    602  161.92   22.00   2      1889.37      1889.22
   603    603  161.92   24.00   2      1807.03      1806.96
   604    604  161.92   26.00   2      1729.93      1729.65
   605    605  161.92   28.00   2      1656.93      1656.77
   606    606  161.92   30.00   2      1588.28      1588.14
   607    607  161.92   32.00   2      1523.09      1522.95
   608    608  161.92   34.00   2      1461.15      1460.93
   609    609  161.92   36.00   2      1402.13      1401.89
   610    610  161.92   38.00   2      1344.45      1344.34
   611    611  161.92   40.00   2      1288.53      1288.39
   612    612  161.92   42.00   2      1233.51      1233.37
   613    613  161.92   44.00   2      1179.05      1178.85
   614    614  161.92   46.00   2      1124.44      1124.12
   615    615  161.92   48.00   2      1067.95      1067.75
   616    616  161.92   50.00   2      1008.60      1008.32
   617    617  161.92   52.00   2       942.88       941.74
   618    618  161.92   54.00   2       865.26       863.85
   619    619  161.92   56.00   2       761.44       759.87
   620    620  161.92   58.00   2       625.68       622.44
   621    621  161.92   60.00   2       491.50       488.96
   622    622  161.92   62.00   2       374.07       371.70
   623    623  161.92   64.00   2       276.31       274.81
   624    624  161.92   66.00   2       203.24       201.93
   625    625  161.92   68.00   2       155.13       154.91
   626    626  163.92    0.00   2      2734.38      2738.83
   627    627  163.92    2.00   2      2770.94      2788.23
   628    628  163.92    4.00   2      2680.91      2745.13
   629    629  163.92    6.00   2      2656.01      2655.91
   630    630  163.92    8.00   2      2546.88      2546.77
   631    631  163.92   10.00   2      2430.97      2430.91
   632    632  163.92   12.00   2      2316.92      2316.75
   633    633  163.92   14.00   2      2206.98      2206.96
   634    634  163.92   16.00   2      2102.58      2102.81
   635    635  163.92   18.00   2      1992.26      2007.05
   636    636  163.92   20.00   2      1894.63      1916.55
   637    637  163.92   22.00   2      1833.46      1833.27
   638    638  163.92   24.00   2      1754.04      1753.89
   639    639  163.92   26.00   2      1679.71      1679.71
   640    640  163.92   28.00   2      1609.42      1609.39
   641    641  163.92   30.00   2      1543.52      1543.52
   642    642  163.92   32.00   2      1481.11      1480.99
   643    643  163.92   34.00   2      1421.06      1420.93
   644    644  163.92   36.00   2      1363.24      1362.92
   645    645  163.92   38.00   2      1306.70      1306.42
   646    646  163.92   40.00   2      1251.22      1251.07
   647    647  163.92   42.00   2      1196.65      1196.53
   648    648  163.92   44.00   2      1142.01      1141.72
   649    649  163.92   46.00   2      1086.22      1085.85
   650    650  163.92   48.00   2      1027.91      1027.62
   651    651  163.92   50.00   2       964.52       964.15
   652    652  163.92   52.00   2       890.93       890.60
   653    653  163.92   54.00   2       797.40       795.98
   654    654  163.92   56.00   2       667.31       663.09
   655    655  163.92   58.00   2       531.55       528.99
   656    656  163.92   60.00   2       408.71       407.24
   657    657  163.92   62.00   2       305.60       304.29
   658    658  163.92   64.00   2       224.38       222.99
   659    659  163.92   66.00   2       169.32       168.88
   660    660  165.92    0.00   2      2719.58      2719.78
   661    661  165.92    2.00   2      2721.41      2721.48
   662    662  165.92    4.00   2      2655.30      2655.21
   663    663  165.92    6.00   2      2557.07      2557.10
   664    664  165.92    8.00   2      2446.80      2446.81
   665    665  165.92   10.00   2      2334.54      2334.53
   666    666  165.92   12.00   2      2220.03      2225.41
   667    667  165.92   14.00   2      2111.51      2121.47
   668    668  165.92   16.00   2      1974.27      2023.83
   669    669  165.92   18.00   2      1932.06      1931.98
   670    670  165.92   20.00   2      1846.29      1846.26
   671    671  165.92   22.00   2      1766.03      1766.03
   672    672  165.92   24.00   2      1690.43      1690.35
   673    673  165.92   26.00   2      1619.18      1619.18
   674    674  165.92   28.00   2      1548.89      1552.08
   675    675  165.92   30.00   2      1471.07      1488.49
   676    676  165.92   32.00   2      1427.39      1427.29
   677    677  165.92   34.00   2      1368.85      1368.73
   678    678  165.92   36.00   2      1311.91      1311.85
   679    679  165.92   38.00   2      1257.22      1256.96
   680    680  165.92   40.00   2      1202.74      1202.40
   681    681  165.92   42.00   2      1147.66      1147.60
   682    682  165.92   44.00   2      1091.95      1091.82
   683    683  165.92   46.00   2      1033.83      1033.58
   684    684  165.92   48.00   2       970.77       969.55
   685    685  165.92   50.00   2       897.41       897.18
   686    686  165.92   52.00   2       805.42       804.07
   687    687  165.92   54.00   2       675.54       673.00
   688    688  165.92   56.00   2       539.71       536.60
   689    689  165.92   58.00   2       416.02       413.33
   690    690  165.92   60.00   2       311.35       309.49
   691    691  165.92   62.00   2       228.73       227.33
   692    692  165.92   64.00   2       172.82       171.43
   693    693  165.92   66.00   2       139.44       139.14
   694    694  167.92    0.00   2      2663.85      2664.13
   695    695  167.92    2.00   2      2598.66      2625.24
   696    696  167.92    4.00   2      2492.81      2541.36
   697    697  167.92    6.00   2      2437.84      2437.78
   698    698  167.92    8.00   2      2329.14      2329.03
   699    699  167.92   10.00   2      2221.53      2221.47
   700    700  167.92   12.00   2      2118.03      2117.99
   701    701  167.92   14.00   2      2020.49      2020.51
   702    702  167.92   16.00   2      1928.17      1928.34
   703    703  167.92   18.00   2      1838.64      1842.95
   704    704  167.92   20.00   2      1743.30      1762.43
   705    705  167.92   22.00   2      1686.56      1686.49
   706    706  167.92   24.00   2      1615.74      1615.61
   707    707  167.92   26.00   2      1547.88      1547.79
   708    708  167.92   28.00   2      1483.46      1483.46
   709    709  167.92   30.00   2      1422.20      1422.15
   710    710  167.92   32.00   2      1363.12      1363.08
   711    711  167.92   34.00   2      1306.00      1305.97
   712    712  167.92   36.00   2      1249.90      1250.06
   713    713  167.92   38.00   2      1193.92      1195.44
   714    714  167.92   40.00   2      1130.84      1139.93
   715    715  167.92   42.00   2      1082.97      1082.84
   716    716  167.92   44.00   2      1024.75      1024.56
   717    717  167.92   46.00   2       960.70       960.41
   718    718  167.92   48.00   2       885.32       885.00
   719    719  167.92   50.00   2       786.84       785.22
   720    720  167.92   52.00   2       651.48       648.53
   721    721  167.92   54.00   2       514.60       513.23
   722    722  167.92   56.00   2       394.53       391.00
   723    723  167.92   58.00   2       292.85       291.15
   724    724  167.92   60.00   2       214.67       213.43
   725    725  167.92   62.00   2       163.44       163.04
   726    726  167.92   64.00   2       134.91       134.65
   727    727  169.92    0.00   2      2555.83      2563.16
   728    728  169.92    2.00   2      2476.43      2495.61
   729    729  169.92    4.00   2      2357.61      2401.27
   730    730  169.92    6.00   2      2297.52      2297.45
   731    731  169.92    8.00   2      2193.37      2193.26
   732    732  169.92   10.00   2      2092.06      2091.98
   733    733  169.92   12.00   2      1996.06      1996.03
   734    734  169.92   14.00   2      1905.52      1905.51
   735    735  169.92   16.00   2      1820.93      1820.91
   736    736  169.92   18.00   2      1740.44      1740.56
   737    737  169.92   20.00   2      1662.48      1665.84
   738    738  169.92   22.00   2      1575.82      1594.99
   739    739  169.92   24.00   2      1496.16      1527.23
   740    740  169.92   26.00   2      1463.72      1463.55
   741    741  169.92   28.00   2      1402.32      1402.20
   742    742  169.92   30.00   2      1343.21      1343.22
   743    743  169.92   32.00   2      1285.94      1285.88
   744    744  169.92   34.00   2      1230.06      1230.01
   745    745  169.92   36.00   2      1173.13      1173.44
   746    746  169.92   38.00   2      1117.22      1118.28
   747    747  169.92   40.00   2      1054.89      1060.88
   748    748  169.92   42.00   2       977.50       999.37
   749    749  169.92   44.00   2       930.36       930.19
   750    750  169.92   46.00   2       846.08       845.87
   751    751  169.92   48.00   2       732.97       729.84
   752    752  169.92   50.00   2       591.94       588.92
   753    753  169.92   52.00   2       460.06       457.20
   754    754  169.92   54.00   2       345.35       342.83
   755    755  169.92   56.00   2       252.75       251.38
   756    756  169.92   58.00   2       186.85       185.59
   757    757  169.92   60.00   2       146.87       146.46
   758    758  169.92   62.00   2       126.55       126.40
   759    759  171.92    0.00   2      2376.71      2416.09
   760    760  171.92    2.00   2      2332.98      2332.98
   761    761  171.92    4.00   2      2235.96      2235.87
   762    762  171.92    6.00   2      2136.34      2136.25
   763    763  171.92    8.00   2      2039.19      2039.05
   764    764  171.92   10.00   2      1945.90      1945.88
   765    765  171.92   12.00   2      1858.03      1858.01
   766    766  171.92   14.00   2      1775.48      1775.49
   767    767  171.92   16.00   2      1697.82      1697.82
   768    768  171.92   18.00   2      1624.37      1624.38
   769    769  171.92   20.00   2      1547.10      1555.49
   770    770  171.92   22.00   2      1468.37      1489.54
   771    771  171.92   24.00   2      1426.87      1426.78
   772    772  171.92   26.00   2      1366.31      1366.18
   773    773  171.92   28.00   2      1307.74      1307.65
   774    774  171.92   30.00   2      1250.74      1250.74
   775    775  171.92   32.00   2      1194.20      1194.19
   776    776  171.92   34.00   2      1137.87      1137.82
   777    777  171.92   36.00   2      1080.19      1080.16
   778    778  171.92   38.00   2      1018.70      1019.77
   779    779  171.92   40.00   2       942.84       952.55
   780    780  171.92   42.00   2       874.23       873.95
   781    781  171.92   44.00   2       768.09       766.77
   782    782  171.92   46.00   2       622.77       621.42
   783    783  171.92   48.00   2       482.13       480.78
   784    784  171.92   50.00   2       360.92       359.53
   785    785  171.92   52.00   2       267.35       265.85
   786    786  171.92   54.00   2       196.24       195.01
   787    787  171.92   56.00   2       151.55       151.17
   788    788  171.92   58.00   2       128.78       128.59
   789    789  171.92   60.00   2       118.89       118.73
   790    790  173.92    0.00   2      2194.29      2223.56
   791    791  173.92    2.00   2      2155.03      2135.41
   792    792  173.92    4.00   2      2039.04      2043.13
   793    793  173.92    6.00   2      1943.25      1951.77
   794    794  173.92    8.00   2      1847.20      1864.05
   795    795  173.92   10.00   2      1754.25      1781.17
   796    796  173.92   12.00   2      1702.92      1702.83
   797    797  173.92   14.00   2      1628.95      1628.94
   798    798  173.92   16.00   2      1559.18      1559.13
   799    799  173.92   18.00   2      1492.40      1492.36
   800    800  173.92   20.00   2      1428.57      1428.57
   801    801  173.92   22.00   2      1367.02      1367.26
   802    802  173.92   24.00   2      1307.00      1308.80
   803    803  173.92   26.00   2      1243.56      1251.13
   804    804  173.92   28.00   2      1180.41      1194.19
   805    805  173.92   30.00   2      1113.49      1136.90
   806    806  173.92   32.00   2      1078.71      1078.63
   807    807  173.92   34.00   2      1018.10      1018.03
   808    808  173.92   36.00   2       950.20       950.06
   809    809  173.92   38.00   2       870.14       869.92
   810    810  173.92   40.00   2       759.81       758.40
   811    811  173.92   42.00   2       614.89       613.59
   812    812  173.92   44.00   2       477.28       474.84
   813    813  173.92   46.00   2       354.54       354.29
   814    814  173.92   48.00   2       257.38       257.06
   815    815  173.92   50.00   2       183.75       186.90
   816    816  173.92   52.00   2       144.08       145.58
   817    817  173.92   54.00   2       123.63       125.20
   818    818  173.92   56.00   2       117.09       117.04
   819    819  173.92   58.00   2       115.60       115.54
   820    820  175.92    0.00   2      1985.92      1985.98
   821    821  175.92    2.00   2      1905.36      1905.44
   822    822  175.92    4.00   2      1822.97      1824.65
   823    823  175.92    6.00   2      1741.25      1745.94
   824    824  175.92    8.00   2      1662.09      1670.80
   825    825  175.92   10.00   2      1595.66      1598.86
   826    826  175.92   12.00   2      1521.03      1530.41
   827    827  175.92   14.00   2      1458.54      1465.19
   828    828  175.92   16.00   2      1410.45      1402.44
   829    829  175.92   18.00   2      1342.21      1342.18
   830    830  175.92   20.00   2      1283.69      1283.65
   831    831  175.92   22.00   2      1225.71      1225.83
   832    832  175.92   24.00   2      1164.54      1169.02
   833    833  175.92   26.00   2      1108.19      1111.19
   834    834  175.92   28.00   2      1045.21      1051.08
   835    835  175.92   30.00   2       979.91       986.64
   836    836  175.92   32.00   2       908.22       912.98
   837    837  175.92   34.00   2       822.14       819.58
   838    838  175.92   36.00   2       683.13       681.62
   839    839  175.92   38.00   2       540.05       538.47
   840    840  175.92   40.00   2       408.71       408.41
   841    841  175.92   42.00   2       299.95       299.78
   842    842  175.92   44.00   2       216.71       216.61
   843    843  175.92   46.00   2       163.16       162.03
   844    844  175.92   48.00   2       132.73       132.60
   845    845  175.92   50.00   2       119.91       119.84
   846    846  175.92   52.00   2       115.68       115.64
   847    847  175.92   54.00   2       115.38       115.36
   848    848  175.92   56.00   2       115.20       115.20
   850    850  177.92    0.00   2      1716.40      1716.52
   851    851  177.92    2.00   2      1650.79      1650.89
   852    852  177.92    4.00   2      1584.67      1584.66
   853    853  177.92    6.00   2      1519.92      1519.94
   854    854  177.92    8.00   2      1455.67      1457.11
   855    855  177.92   10.00   2      1394.57      1395.93
   856    856  177.92   12.00   2      1343.96      1336.58
   857    857  177.92   14.00   2      1278.84      1278.75
   858    858  177.92   16.00   2      1221.75      1221.67
   859    859  177.92   18.00   2      1164.88      1164.87
   860    860  177.92   20.00   2      1106.94      1106.88
   861    861  177.92   22.00   2      1046.66      1046.51
   862    862  177.92   24.00   2       981.53       981.51
   863    863  177.92   26.00   2       906.92       907.08
   864    864  177.92   28.00   2       809.98       809.91
   865    865  177.92   30.00   2       672.22       671.05
   866    866  177.92   32.00   2       532.78       524.59
   867    867  177.92   34.00   2       395.61       394.20
   868    868  177.92   36.00   2       289.41       287.93
   869    869  177.92   38.00   2       209.48       209.13
   870    870  177.92   40.00   2       157.71       157.52
   871    871  177.92   42.00   2       130.83       130.79
   872    872  177.92   44.00   2       119.19       119.18
   873    873  177.92   46.00   2       115.62       115.61
   874    874  177.92   48.00   2       115.43       115.41
   875    875  177.92   50.00   2       115.49       115.40
   876    876  177.92   52.00   2       115.89       115.65
   881    881  179.92    0.00   2      1417.91      1418.09
   882    882  179.92    2.00   2      1368.99      1368.99
   883    883  179.92    4.00   2      1316.88      1316.88
   884    884  179.92    6.00   2      1264.55      1264.62
   885    885  179.92    8.00   2      1211.38      1211.52
   886    886  179.92   10.00   2      1158.29      1158.16
   887    887  179.92   12.00   2      1117.71      1102.95
   888    888  179.92   14.00   2      1044.98      1044.86
   889    889  179.92   16.00   2       981.57       981.45
   890    890  179.92   18.00   2       908.76       908.65
   891    891  179.92   20.00   2       815.09       814.77
   892    892  179.92   22.00   2       679.47       678.20
   893    893  179.92   24.00   2       535.18       533.80
   894    894  179.92   26.00   2       406.79       405.48
   895    895  179.92   28.00   2       301.67       298.06
   896    896  179.92   30.00   2       215.34       214.11
   897    897  179.92   32.00   2       161.21       160.98
   898    898  179.92   34.00   2       132.50       132.48
   899    899  179.92   36.00   2       119.87       119.87
   900    900  179.92   38.00   2       115.61       115.61
   901    901  179.92   40.00   2       115.39       115.38
   902    902  179.92   42.00   2       116.32       115.95
   903    903  179.92   44.00   2       115.27       115.22
   904    904  179.92   46.00   2       115.23       115.17
   905    905  179.92   48.00   2       115.22       115.17
   913    913  181.92    0.00   2      1054.29      1055.46
   914    914  181.92    2.00   2      1017.04      1015.91
   915    915  181.92    4.00   2       975.90       966.57
   916    916  181.92    6.00   2       906.33       906.25
   917    917  181.92    8.00   2       829.68       829.46
   918    918  181.92   10.00   2       719.29       717.78
   919    919  181.92   12.00   2       591.69       590.23
   920    920  181.92   14.00   2       469.55       468.17
   921    921  181.92   16.00   2       359.44       359.25
   922    922  181.92   18.00   2       267.82       267.65
   923    923  181.92   20.00   2       199.86       198.17
   924    924  181.92   22.00   2       153.60       153.42
   925    925  181.92   24.00   2       129.76       129.64
   926    926  181.92   26.00   2       119.06       118.99
   927    927  181.92   28.00   2       115.63       115.58
   928    928  181.92   30.00   2       115.34       115.33
   929    929  181.92   32.00   2       115.20       115.20
   930    930  181.92   34.00   2       115.17       115.16
   931    931  181.92   36.00   2       115.20       115.17
   932    932  181.92   38.00   2       115.32       115.24
   933    933  181.92   40.00   2       115.86       115.58
   934    934  181.92   42.00   2       115.18       115.11
   935    935  181.92   44.00   2       115.16       115.10
   946    946  183.92    0.00   2       175.21       175.22
   947    947  183.92    2.00   2       158.30       158.24
   948    948  183.92    4.00   2       144.86       142.19
   949    949  183.92    6.00   2       130.06       129.97
   950    950  183.92    8.00   2       122.07       121.98
   951    951  183.92   10.00   2       117.25       117.19
   952    952  183.92   12.00   2       115.58       115.54
   953    953  183.92   14.00   2       115.30       115.31
   954    954  183.92   16.00   2       115.20       115.21
   955    955  183.92   18.00   2       115.20       115.19
   956    956  183.92   20.00   2       115.20       115.17
   957    957  183.92   22.00   2       115.89       115.61
   958    958  183.92   24.00   2       116.93       115.17
   959    959  183.92   26.00   2       115.18       115.11
   960    960  183.92   28.00   2       115.13       115.07
   961    961  183.92   30.00   2       115.13       115.07
   962    962  183.92   32.00   2       115.13       115.07
   963    963  183.92   34.00   2       115.11       115.06
   964    964  183.92   36.00   2       115.07       115.02
   965    965  183.92   38.00   2       115.06       115.02
   980    980  185.92    0.00   2       115.13       115.13
   981    981  185.92    2.00   2       115.13       115.11
   982    982  185.92    4.00   2       115.10       115.09
   983    983  185.92    6.00   2       115.52       115.37
   984    984  185.92    8.00   2       115.16       115.11
   985    985  185.92   10.00   2       115.16       115.10
   986    986  185.92   12.00   2       115.18       115.11
   987    987  185.92   14.00   2       115.15       115.09
   988    988  185.92   16.00   2       115.05       115.03
   989    989  185.92   18.00   2       115.04       115.03
   990    990  185.92   20.00   2       115.02       114.99
   991    991  185.92   22.00   2       114.96       114.95
   992    992  185.92   24.00   2       115.02       115.00
   993    993  185.92   26.00   2       115.98       115.63
   994    994  185.92   28.00   2       115.07       115.00
   995    995  185.92   30.00   2       115.04       114.98
   996    996  185.92   32.00   2       115.08       115.01
  1014   1014  187.92    0.00   2       115.06       115.04
  1015   1015  187.92    2.00   2       115.04       115.03
  1016   1016  187.92    4.00   2       115.00       114.99
  1017   1017  187.92    6.00   2       114.91       114.94
  1018   1018  187.92    8.00   2       115.15       115.10
  1019   1019  187.92   10.00   2       117.85       115.06
  1020   1020  187.92   12.00   2       115.06       115.00
  1021   1021  187.92   14.00   2       115.07       115.01
  1022   1022  187.92   16.00   2       115.07       115.00
  1023   1023  187.92   18.00   2       115.03       114.98
  1024   1024  187.92   20.00   2       114.99       114.95
  1025   1025  187.92   22.00   2       114.92       114.91
  1049   1049  189.92    0.00   2       114.95       114.95
  1050   1050  189.92    2.00   2       115.03       114.99
  1051   1051  189.92    4.00   2       115.02       115.01
