# Sensor scan measurement of Sensor IR2
# Iin=    34.85 mA ,  Vin= 12140.50 mV, T=    20.93 C 
# scanRangeX 151.50 mm; scanRangeY  70.00 mm; stepSize   2.00 mm; initialOffset   4.00 mm; sensorX 195.50 mm; start position at (x|y)=(119.92|  0.00) mm
# iStep, iStep, Pos x, Pos y, nMeas, Meas1 ... MeasN
   591    591  161.92    0.00   2       112.22       112.22
   592    592  161.92    2.00   2       112.16       112.18
   593    593  161.92    4.00   2       112.14       112.16
   594    594  161.92    6.00   2       112.33       112.27
   595    595  161.92    8.00   2       112.17       112.19
   596    596  161.92   10.00   2       112.30       112.25
   597    597  161.92   12.00   2       112.28       112.24
   598    598  161.92   14.00   2       112.19       112.20
   599    599  161.92   16.00   2       112.13       112.15
   600    600  161.92   18.00   2       112.08       112.10
   626    626  163.92    0.00   2       182.45       182.64
   627    627  163.92    2.00   2       151.40       151.38
   628    628  163.92    4.00   2       128.82       128.85
   629    629  163.92    6.00   2       117.63       117.64
   630    630  163.92    8.00   2       114.96       113.45
   631    631  163.92   10.00   2       112.61       112.56
   632    632  163.92   12.00   2       112.58       112.50
   633    633  163.92   14.00   2       112.40       112.41
   634    634  163.92   16.00   2       112.37       112.33
   635    635  163.92   18.00   2       112.18       112.19
   636    636  163.92   20.00   2       112.17       112.19
   637    637  163.92   22.00   2       112.13       112.16
   638    638  163.92   24.00   2       112.87       112.64
   639    639  163.92   26.00   2       112.29       112.23
   640    640  163.92   28.00   2       112.31       112.24
   641    641  163.92   30.00   2       112.11       112.13
   660    660  165.92    0.00   2      1132.54      1132.75
   661    661  165.92    2.00   2      1078.23      1078.01
   662    662  165.92    4.00   2      1021.94      1013.33
   663    663  165.92    6.00   2       940.13       940.02
   664    664  165.92    8.00   2       855.19       854.85
   665    665  165.92   10.00   2       747.86       746.51
   666    666  165.92   12.00   2       637.20       635.72
   667    667  165.92   14.00   2       531.76       531.50
   668    668  165.92   16.00   2       405.52       404.21
   669    669  165.92   18.00   2       267.27       266.97
   670    670  165.92   20.00   2       172.92       172.58
   671    671  165.92   22.00   2       128.74       128.70
   672    672  165.92   24.00   2       114.29       114.22
   673    673  165.92   26.00   2       112.50       112.46
   674    674  165.92   28.00   2       112.29       112.30
   675    675  165.92   30.00   2       112.22       112.24
   676    676  165.92   32.00   2       112.19       112.21
   677    677  165.92   34.00   2       112.92       112.69
   678    678  165.92   36.00   2       112.32       112.27
   694    694  167.92    0.00   2      1540.00      1540.22
   695    695  167.92    2.00   2      1470.20      1470.24
   696    696  167.92    4.00   2      1398.40      1398.36
   697    697  167.92    6.00   2      1327.65      1327.65
   698    698  167.92    8.00   2      1258.90      1258.96
   699    699  167.92   10.00   2      1195.34      1193.70
   700    700  167.92   12.00   2      1132.43      1132.35
   701    701  167.92   14.00   2      1068.37      1068.35
   702    702  167.92   16.00   2       990.42       990.24
   703    703  167.92   18.00   2       890.08       889.83
   704    704  167.92   20.00   2       763.85       763.57
   705    705  167.92   22.00   2       612.46       611.32
   706    706  167.92   24.00   2       471.62       470.41
   707    707  167.92   26.00   2       350.14       345.65
   708    708  167.92   28.00   2       243.39       242.07
   709    709  167.92   30.00   2       168.90       168.65
   710    710  167.92   32.00   2       128.46       128.28
   711    711  167.92   34.00   2       114.36       114.29
   712    712  167.92   36.00   2       112.61       112.54
   713    713  167.92   38.00   2       112.41       112.39
   714    714  167.92   40.00   2       112.26       112.28
   715    715  167.92   42.00   2       112.20       112.24
   727    727  169.92    0.00   2      1886.69      1886.82
   728    728  169.92    2.00   2      1796.97      1796.97
   729    729  169.92    4.00   2      1706.16      1706.21
   730    730  169.92    6.00   2      1618.64      1618.62
   731    731  169.92    8.00   2      1533.49      1535.34
   732    732  169.92   10.00   2      1457.29      1457.47
   733    733  169.92   12.00   2      1390.64      1385.75
   734    734  169.92   14.00   2      1334.44      1315.83
   735    735  169.92   16.00   2      1242.18      1242.04
   736    736  169.92   18.00   2      1169.58      1169.48
   737    737  169.92   20.00   2      1100.43      1100.38
   738    738  169.92   22.00   2      1029.46      1029.30
   739    739  169.92   24.00   2       951.12       950.99
   740    740  169.92   26.00   2       857.20       856.94
   741    741  169.92   28.00   2       727.95       726.57
   742    742  169.92   30.00   2       586.12       578.62
   743    743  169.92   32.00   2       445.13       443.62
   744    744  169.92   34.00   2       330.68       329.14
   745    745  169.92   36.00   2       237.27       235.84
   746    746  169.92   38.00   2       169.03       168.77
   747    747  169.92   40.00   2       129.80       129.73
   748    748  169.92   42.00   2       115.03       115.03
   749    749  169.92   44.00   2       112.44       112.48
   750    750  169.92   46.00   2       112.51       112.46
   759    759  171.92    0.00   2      2203.42      2203.65
   760    760  171.92    2.00   2      2096.86      2096.90
   761    761  171.92    4.00   2      1981.96      1987.91
   762    762  171.92    6.00   2      1869.73      1881.57
   763    763  171.92    8.00   2      1770.67      1781.26
   764    764  171.92   10.00   2      1671.59      1687.92
   765    765  171.92   12.00   2      1587.00      1601.12
   766    766  171.92   14.00   2      1508.87      1518.97
   767    767  171.92   16.00   2      1436.75      1438.70
   768    768  171.92   18.00   2      1381.61      1364.34
   769    769  171.92   20.00   2      1294.33      1294.30
   770    770  171.92   22.00   2      1226.70      1226.66
   771    771  171.92   24.00   2      1159.67      1159.55
   772    772  171.92   26.00   2      1091.04      1092.60
   773    773  171.92   28.00   2      1021.06      1023.39
   774    774  171.92   30.00   2       948.10       948.15
   775    775  171.92   32.00   2       863.13       859.63
   776    776  171.92   34.00   2       756.53       739.69
   777    777  171.92   36.00   2       597.76       596.34
   778    778  171.92   38.00   2       467.94       467.74
   779    779  171.92   40.00   2       355.97       354.61
   780    780  171.92   42.00   2       261.77       260.51
   781    781  171.92   44.00   2       190.61       188.55
   782    782  171.92   46.00   2       143.30       141.91
   783    783  171.92   48.00   2       119.83       119.74
   784    784  171.92   50.00   2       112.65       112.66
   790    790  173.92    0.00   2      2487.95      2489.13
   791    791  173.92    2.00   2      2370.45      2370.38
   792    792  173.92    4.00   2      2245.10      2245.14
   793    793  173.92    6.00   2      2121.96      2121.89
   794    794  173.92    8.00   2      2005.01      2004.90
   795    795  173.92   10.00   2      1895.99      1895.92
   796    796  173.92   12.00   2      1794.88      1794.81
   797    797  173.92   14.00   2      1691.73      1699.68
   798    798  173.92   16.00   2      1593.44      1611.72
   799    799  173.92   18.00   2      1506.95      1530.01
   800    800  173.92   20.00   2      1454.02      1453.89
   801    801  173.92   22.00   2      1381.51      1381.41
   802    802  173.92   24.00   2      1312.95      1312.87
   803    803  173.92   26.00   2      1246.94      1246.86
   804    804  173.92   28.00   2      1182.92      1182.85
   805    805  173.92   30.00   2      1119.66      1119.63
   806    806  173.92   32.00   2      1045.12      1055.26
   807    807  173.92   34.00   2       994.67       987.19
   808    808  173.92   36.00   2       905.31       911.72
   809    809  173.92   38.00   2       810.43       818.69
   810    810  173.92   40.00   2       683.89       691.58
   811    811  173.92   42.00   2       554.06       561.12
   812    812  173.92   44.00   2       436.82       441.90
   813    813  173.92   46.00   2       334.58       338.69
   814    814  173.92   48.00   2       249.28       252.32
   815    815  173.92   50.00   2       183.93       185.44
   816    816  173.92   52.00   2       142.08       142.03
   817    817  173.92   54.00   2       120.61       120.64
   820    820  175.92    0.00   2      2723.71      2725.02
   821    821  175.92    2.00   2      2605.22      2605.28
   822    822  175.92    4.00   2      2471.72      2471.68
   823    823  175.92    6.00   2      2336.97      2336.83
   824    824  175.92    8.00   2      2206.60      2206.52
   825    825  175.92   10.00   2      2084.04      2083.97
   826    826  175.92   12.00   2      1970.03      1969.92
   827    827  175.92   14.00   2      1864.08      1864.05
   828    828  175.92   16.00   2      1766.51      1766.48
   829    829  175.92   18.00   2      1676.74      1676.68
   830    830  175.92   20.00   2      1593.22      1593.12
   831    831  175.92   22.00   2      1515.32      1515.21
   832    832  175.92   24.00   2      1442.15      1442.08
   833    833  175.92   26.00   2      1373.56      1373.50
   834    834  175.92   28.00   2      1308.01      1307.99
   835    835  175.92   30.00   2      1245.41      1245.38
   836    836  175.92   32.00   2      1184.67      1184.54
   837    837  175.92   34.00   2      1123.77      1123.69
   838    838  175.92   36.00   2      1062.51      1062.48
   839    839  175.92   38.00   2       978.09       998.89
   840    840  175.92   40.00   2       928.55       928.26
   841    841  175.92   42.00   2       846.01       844.71
   842    842  175.92   44.00   2       734.01       731.77
   843    843  175.92   46.00   2       605.42       605.12
   844    844  175.92   48.00   2       488.52       487.08
   845    845  175.92   50.00   2       383.96       383.70
   846    846  175.92   52.00   2       292.64       294.11
   847    847  175.92   54.00   2       218.25       221.22
   848    848  175.92   56.00   2       163.32       166.52
   849    849  175.92   58.00   2       131.18       133.31
   850    850  177.92    0.00   2      2908.69      2910.13
   851    851  177.92    2.00   2      2805.82      2805.87
   852    852  177.92    4.00   2      2671.91      2671.79
   853    853  177.92    6.00   2      2529.58      2529.36
   854    854  177.92    8.00   2      2388.43      2388.38
   855    855  177.92   10.00   2      2254.56      2254.43
   856    856  177.92   12.00   2      2129.05      2129.01
   857    857  177.92   14.00   2      2013.31      2013.26
   858    858  177.92   16.00   2      1884.10      1906.79
   859    859  177.92   18.00   2      1767.36      1808.77
   860    860  177.92   20.00   2      1718.24      1717.96
   861    861  177.92   22.00   2      1634.21      1634.14
   862    862  177.92   24.00   2      1556.34      1556.23
   863    863  177.92   26.00   2      1483.51      1483.42
   864    864  177.92   28.00   2      1415.11      1415.09
   865    865  177.92   30.00   2      1350.16      1350.10
   866    866  177.92   32.00   2      1288.20      1288.26
   867    867  177.92   34.00   2      1228.52      1228.47
   868    868  177.92   36.00   2      1168.99      1170.04
   869    869  177.92   38.00   2      1107.89      1112.24
   870    870  177.92   40.00   2      1041.04      1053.83
   871    871  177.92   42.00   2       991.78       991.58
   872    872  177.92   44.00   2       924.02       923.73
   873    873  177.92   46.00   2       843.99       843.61
   874    874  177.92   48.00   2       737.85       736.59
   875    875  177.92   50.00   2       614.37       614.12
   876    876  177.92   52.00   2       501.90       500.63
   877    877  177.92   54.00   2       400.25       399.92
   878    878  177.92   56.00   2       314.28       312.98
   879    879  177.92   58.00   2       241.69       240.20
   880    880  177.92   60.00   2       184.30       183.97
   881    881  179.92    0.00   2      3055.20      3056.35
   882    882  179.92    2.00   2      2977.93      2977.98
   883    883  179.92    4.00   2      2851.91      2851.83
   884    884  179.92    6.00   2      2705.83      2705.64
   885    885  179.92    8.00   2      2556.50      2556.30
   886    886  179.92   10.00   2      2412.31      2412.21
   887    887  179.92   12.00   2      2276.52      2276.43
   888    888  179.92   14.00   2      2150.94      2150.85
   889    889  179.92   16.00   2      2023.88      2035.21
   890    890  179.92   18.00   2      1903.47      1928.83
   891    891  179.92   20.00   2      1831.32      1831.16
   892    892  179.92   22.00   2      1741.39      1741.37
   893    893  179.92   24.00   2      1658.31      1658.22
   894    894  179.92   26.00   2      1581.32      1581.35
   895    895  179.92   28.00   2      1509.13      1509.08
   896    896  179.92   30.00   2      1441.30      1441.29
   897    897  179.92   32.00   2      1376.93      1377.12
   898    898  179.92   34.00   2      1296.67      1316.64
   899    899  179.92   36.00   2      1258.18      1258.05
   900    900  179.92   38.00   2      1201.33      1201.24
   901    901  179.92   40.00   2      1145.12      1145.08
   902    902  179.92   42.00   2      1088.80      1088.71
   903    903  179.92   44.00   2      1031.58      1031.51
   904    904  179.92   46.00   2       970.70       970.62
   905    905  179.92   48.00   2       899.91       902.99
   906    906  179.92   50.00   2       815.35       820.75
   907    907  179.92   52.00   2       714.90       713.68
   908    908  179.92   54.00   2       599.53       597.15
   909    909  179.92   56.00   2       492.61       491.25
   910    910  179.92   58.00   2       396.89       395.69
   911    911  179.92   60.00   2       314.92       312.74
   912    912  179.92   62.00   2       244.65       243.41
   913    913  181.92    0.00   2      3161.07      3162.32
   914    914  181.92    2.00   2      3124.36      3124.45
   915    915  181.92    4.00   2      3010.49      3010.47
   916    916  181.92    6.00   2      2864.88      2864.77
   917    917  181.92    8.00   2      2706.54      2709.52
   918    918  181.92   10.00   2      2547.45      2556.61
   919    919  181.92   12.00   2      2381.52      2411.16
   920    920  181.92   14.00   2      2225.33      2275.77
   921    921  181.92   16.00   2      2151.21      2151.07
   922    922  181.92   18.00   2      2037.34      2037.20
   923    923  181.92   20.00   2      1932.61      1932.53
   924    924  181.92   22.00   2      1836.65      1836.67
   925    925  181.92   24.00   2      1748.51      1748.48
   926    926  181.92   26.00   2      1666.59      1666.72
   927    927  181.92   28.00   2      1586.09      1591.25
   928    928  181.92   30.00   2      1520.56      1520.47
   929    929  181.92   32.00   2      1454.17      1454.07
   930    930  181.92   34.00   2      1391.25      1391.14
   931    931  181.92   36.00   2      1331.60      1331.53
   932    932  181.92   38.00   2      1274.20      1274.13
   933    933  181.92   40.00   2      1218.50      1218.47
   934    934  181.92   42.00   2      1163.91      1163.90
   935    935  181.92   44.00   2      1110.11      1110.05
   936    936  181.92   46.00   2      1054.46      1054.58
   937    937  181.92   48.00   2       998.75       998.56
   938    938  181.92   50.00   2       937.52       937.03
   939    939  181.92   52.00   2       867.00       865.84
   940    940  181.92   54.00   2       779.00       777.54
   941    941  181.92   56.00   2       668.54       666.69
   942    942  181.92   58.00   2       558.65       556.95
   943    943  181.92   60.00   2       460.23       457.81
   944    944  181.92   62.00   2       372.15       370.80
   945    945  181.92   64.00   2       297.44       296.17
   946    946  183.92    0.00   2      3228.60      3230.12
   947    947  183.92    2.00   2      3244.97      3245.15
   948    948  183.92    4.00   2      3152.50      3152.56
   949    949  183.92    6.00   2      3009.60      3009.46
   950    950  183.92    8.00   2      2849.00      2849.00
   951    951  183.92   10.00   2      2685.09      2687.94
   952    952  183.92   12.00   2      2520.49      2533.27
   953    953  183.92   14.00   2      2343.04      2389.04
   954    954  183.92   16.00   2      2255.67      2255.55
   955    955  183.92   18.00   2      2134.27      2134.15
   956    956  183.92   20.00   2      2022.79      2022.69
   957    957  183.92   22.00   2      1921.15      1921.04
   958    958  183.92   24.00   2      1827.95      1827.82
   959    959  183.92   26.00   2      1741.84      1741.82
   960    960  183.92   28.00   2      1662.45      1662.39
   961    961  183.92   30.00   2      1588.33      1588.34
   962    962  183.92   32.00   2      1519.49      1519.51
   963    963  183.92   34.00   2      1449.27      1454.81
   964    964  183.92   36.00   2      1387.35      1393.30
   965    965  183.92   38.00   2      1323.94      1335.33
   966    966  183.92   40.00   2      1279.24      1279.14
   967    967  183.92   42.00   2      1225.28      1225.16
   968    968  183.92   44.00   2      1172.47      1172.38
   969    969  183.92   46.00   2      1120.15      1120.02
   970    970  183.92   48.00   2      1067.60      1067.41
   971    971  183.92   50.00   2      1013.42      1013.03
   972    972  183.92   52.00   2       954.54       954.28
   973    973  183.92   54.00   2       889.11       887.94
   974    974  183.92   56.00   2       810.37       809.06
   975    975  183.92   58.00   2       707.93       706.23
   976    976  183.92   60.00   2       600.99       599.09
   977    977  183.92   62.00   2       502.28       500.93
   978    978  183.92   64.00   2       414.29       412.92
   979    979  183.92   66.00   2       336.96       335.55
   980    980  185.92    0.00   2      3263.60      3262.40
   981    981  185.92    2.00   2      3336.20      3336.40
   982    982  185.92    4.00   2      3268.08      3267.97
   983    983  185.92    6.00   2      3131.90      3131.66
   984    984  185.92    8.00   2      2969.16      2969.00
   985    985  185.92   10.00   2      2801.02      2801.02
   986    986  185.92   12.00   2      2626.24      2639.05
   987    987  185.92   14.00   2      2467.97      2486.11
   988    988  185.92   16.00   2      2301.85      2345.55
   989    989  185.92   18.00   2      2217.13      2216.94
   990    990  185.92   20.00   2      2099.49      2099.41
   991    991  185.92   22.00   2      1992.58      1992.43
   992    992  185.92   24.00   2      1894.60      1894.52
   993    993  185.92   26.00   2      1805.07      1805.01
   994    994  185.92   28.00   2      1722.24      1722.26
   995    995  185.92   30.00   2      1645.79      1645.71
   996    996  185.92   32.00   2      1573.87      1574.03
   997    997  185.92   34.00   2      1504.44      1507.72
   998    998  185.92   36.00   2      1445.22      1445.12
   999    999  185.92   38.00   2      1386.23      1386.07
  1000   1000  185.92   40.00   2      1329.97      1329.73
  1001   1001  185.92   42.00   2      1275.40      1275.33
  1002   1002  185.92   44.00   2      1222.48      1222.38
  1003   1003  185.92   46.00   2      1170.88      1170.71
  1004   1004  185.92   48.00   2      1120.07      1119.82
  1005   1005  185.92   50.00   2      1068.72      1068.40
  1006   1006  185.92   52.00   2      1015.43      1015.24
  1007   1007  185.92   54.00   2       959.36       959.17
  1008   1008  185.92   56.00   2       895.97       895.84
  1009   1009  185.92   58.00   2       823.21       821.94
  1010   1010  185.92   60.00   2       727.82       725.35
  1011   1011  185.92   62.00   2       623.41       621.86
  1012   1012  185.92   64.00   2       526.67       525.33
  1013   1013  185.92   66.00   2       440.43       438.98
  1014   1014  187.92    0.00   2      3261.60      3261.80
  1015   1015  187.92    2.00   2      3397.60      3398.00
  1016   1016  187.92    4.00   2      3357.40      3357.20
  1017   1017  187.92    6.00   2      3229.16      3229.02
  1018   1018  187.92    8.00   2      3065.29      3065.05
  1019   1019  187.92   10.00   2      2892.38      2892.13
  1020   1020  187.92   12.00   2      2723.14      2723.04
  1021   1021  187.92   14.00   2      2564.53      2564.47
  1022   1022  187.92   16.00   2      2417.40      2417.54
  1023   1023  187.92   18.00   2      2279.78      2284.07
  1024   1024  187.92   20.00   2      2131.67      2162.47
  1025   1025  187.92   22.00   2      2051.27      2051.08
  1026   1026  187.92   24.00   2      1949.50      1949.49
  1027   1027  187.92   26.00   2      1857.70      1857.43
  1028   1028  187.92   28.00   2      1772.59      1772.23
  1029   1029  187.92   30.00   2      1693.06      1692.92
  1030   1030  187.92   32.00   2      1619.71      1619.58
  1031   1031  187.92   34.00   2      1551.26      1551.14
  1032   1032  187.92   36.00   2      1487.11      1486.90
  1033   1033  187.92   38.00   2      1426.97      1426.71
  1034   1034  187.92   40.00   2      1369.17      1369.11
  1035   1035  187.92   42.00   2      1314.24      1314.23
  1036   1036  187.92   44.00   2      1262.06      1261.87
  1037   1037  187.92   46.00   2      1211.08      1210.88
  1038   1038  187.92   48.00   2      1160.55      1160.47
  1039   1039  187.92   50.00   2      1110.57      1110.46
  1040   1040  187.92   52.00   2      1060.38      1060.22
  1041   1041  187.92   54.00   2      1008.57      1008.24
  1042   1042  187.92   56.00   2       952.87       952.61
  1043   1043  187.92   58.00   2       891.99       890.45
  1044   1044  187.92   60.00   2       819.11       818.83
  1045   1045  187.92   62.00   2       727.58       726.32
  1046   1046  187.92   64.00   2       628.64       625.74
  1047   1047  187.92   66.00   2       534.72       533.38
  1048   1048  187.92   68.00   2       450.17       448.77
  1049   1049  189.92    0.00   2      3249.40      3247.70
  1050   1050  189.92    2.00   2      3433.60      3433.60
  1051   1051  189.92    4.00   2      3417.80      3417.80
  1052   1052  189.92    6.00   2      3298.43      3298.30
  1053   1053  189.92    8.00   2      3137.13      3136.76
  1054   1054  189.92   10.00   2      2961.95      2960.69
  1055   1055  189.92   12.00   2      2789.59      2789.15
  1056   1056  189.92   14.00   2      2626.66      2626.33
  1057   1057  189.92   16.00   2      2476.22      2475.86
  1058   1058  189.92   18.00   2      2338.24      2337.89
  1059   1059  189.92   20.00   2      2211.90      2211.72
  1060   1060  189.92   22.00   2      2098.01      2097.84
  1061   1061  189.92   24.00   2      1993.52      1993.38
  1062   1062  189.92   26.00   2      1898.42      1898.25
  1063   1063  189.92   28.00   2      1810.89      1810.64
  1064   1064  189.92   30.00   2      1730.01      1729.73
  1065   1065  189.92   32.00   2      1654.62      1654.52
  1066   1066  189.92   34.00   2      1584.80      1584.70
  1067   1067  189.92   36.00   2      1519.54      1519.43
  1068   1068  189.92   38.00   2      1458.06      1457.93
  1069   1069  189.92   40.00   2      1400.43      1400.15
  1070   1070  189.92   42.00   2      1344.76      1344.68
  1071   1071  189.92   44.00   2      1291.73      1291.63
  1072   1072  189.92   46.00   2      1240.67      1240.57
  1073   1073  189.92   48.00   2      1191.12      1190.93
  1074   1074  189.92   50.00   2      1142.43      1142.12
  1075   1075  189.92   52.00   2      1093.30      1093.16
  1076   1076  189.92   54.00   2      1043.33      1043.18
  1077   1077  189.92   56.00   2       991.92       991.67
  1078   1078  189.92   58.00   2       936.65       935.51
  1079   1079  189.92   60.00   2       875.06       874.61
  1080   1080  189.92   62.00   2       800.76       800.39
  1081   1081  189.92   64.00   2       708.36       706.92
  1082   1082  189.92   66.00   2       612.70       610.29
  1083   1083  189.92   68.00   2       525.94       523.56
  1084   1084  191.92    0.00   2      3224.00      3223.40
  1085   1085  191.92    2.00   2      3448.10      3449.30
  1086   1086  191.92    4.00   2      3461.80      3459.90
  1087   1087  191.92    6.00   2      3349.50      3348.80
  1088   1088  191.92    8.00   2      3189.50      3188.40
  1089   1089  191.92   10.00   2      3014.50      3013.20
  1090   1090  191.92   12.00   2      2840.30      2838.40
  1091   1091  191.92   14.00   2      2669.05      2668.80
  1092   1092  191.92   16.00   2      2515.03      2514.73
  1093   1093  191.92   18.00   2      2373.98      2373.74
  1094   1094  191.92   20.00   2      2245.36      2245.14
  1095   1095  191.92   22.00   2      2129.04      2128.73
  1096   1096  191.92   24.00   2      2023.21      2022.88
  1097   1097  191.92   26.00   2      1925.97      1925.79
  1098   1098  191.92   28.00   2      1836.72      1836.60
  1099   1099  191.92   30.00   2      1754.98      1754.84
  1100   1100  191.92   32.00   2      1678.76      1678.54
  1101   1101  191.92   34.00   2      1608.35      1608.06
  1102   1102  191.92   36.00   2      1542.55      1542.28
  1103   1103  191.92   38.00   2      1479.99      1479.88
  1104   1104  191.92   40.00   2      1421.41      1421.36
  1105   1105  191.92   42.00   2      1366.22      1366.10
  1106   1106  191.92   44.00   2      1313.20      1313.04
  1107   1107  191.92   46.00   2      1262.64      1262.33
  1108   1108  191.92   48.00   2      1212.79      1212.67
  1109   1109  191.92   50.00   2      1164.31      1164.20
  1110   1110  191.92   52.00   2      1116.36      1116.15
  1111   1111  191.92   54.00   2      1068.31      1068.04
  1112   1112  191.92   56.00   2      1018.68      1018.54
  1113   1113  191.92   58.00   2       966.84       966.64
  1114   1114  191.92   60.00   2       911.03       910.68
  1115   1115  191.92   62.00   2       846.39       846.13
  1116   1116  191.92   64.00   2       768.48       766.13
  1117   1117  191.92   66.00   2       675.99       674.74
  1118   1118  191.92   68.00   2       586.72       584.17
  1119   1119  193.92    0.00   2      3215.20      3215.20
  1120   1120  193.92    2.00   2      3465.40      3466.40
  1121   1121  193.92    4.00   2      3483.20      3482.00
  1122   1122  193.92    6.00   2      3374.90      3373.60
  1123   1123  193.92    8.00   2      3215.60      3213.80
  1124   1124  193.92   10.00   2      3033.70      3032.80
  1125   1125  193.92   12.00   2      2857.00      2856.00
  1126   1126  193.92   14.00   2      2687.29      2687.08
  1127   1127  193.92   16.00   2      2532.37      2532.05
  1128   1128  193.92   18.00   2      2390.23      2389.96
  1129   1129  193.92   20.00   2      2261.31      2260.18
  1130   1130  193.92   22.00   2      2143.55      2143.20
  1131   1131  193.92   24.00   2      2036.26      2036.11
  1132   1132  193.92   26.00   2      1939.30      1939.14
  1133   1133  193.92   28.00   2      1849.91      1849.68
  1134   1134  193.92   30.00   2      1767.61      1767.33
  1135   1135  193.92   32.00   2      1691.10      1691.01
  1136   1136  193.92   34.00   2      1620.36      1620.23
  1137   1137  193.92   36.00   2      1554.23      1554.12
  1138   1138  193.92   38.00   2      1492.45      1492.29
  1139   1139  193.92   40.00   2      1434.05      1433.86
  1140   1140  193.92   42.00   2      1378.65      1378.55
  1141   1141  193.92   44.00   2      1325.99      1325.92
  1142   1142  193.92   46.00   2      1275.15      1275.08
  1143   1143  193.92   48.00   2      1226.31      1226.09
  1144   1144  193.92   50.00   2      1178.28      1178.03
  1145   1145  193.92   52.00   2      1130.59      1130.51
  1146   1146  193.92   54.00   2      1083.29      1083.14
  1147   1147  193.92   56.00   2      1035.45      1035.21
  1148   1148  193.92   58.00   2       985.66       985.33
  1149   1149  193.92   60.00   2       932.75       932.42
  1150   1150  193.92   62.00   2       873.61       872.43
  1151   1151  193.92   64.00   2       804.75       803.42
  1152   1152  193.92   66.00   2       718.27       716.92
  1153   1153  193.92   68.00   2       628.99       627.64
  1154   1154  195.92    0.00   2      3210.80      3210.20
  1155   1155  195.92    2.00   2      3455.90      3457.90
  1156   1156  195.92    4.00   2      3475.90      3475.40
  1157   1157  195.92    6.00   2      3367.80      3367.30
  1158   1158  195.92    8.00   2      3207.70      3206.60
  1159   1159  195.92   10.00   2      3030.80      3029.20
  1160   1160  195.92   12.00   2      2850.50      2850.00
  1161   1161  195.92   14.00   2      2683.07      2682.70
  1162   1162  195.92   16.00   2      2528.71      2527.03
  1163   1163  195.92   18.00   2      2387.17      2386.85
  1164   1164  195.92   20.00   2      2258.91      2258.71
  1165   1165  195.92   22.00   2      2142.47      2142.19
  1166   1166  195.92   24.00   2      2036.56      2036.15
  1167   1167  195.92   26.00   2      1939.32      1939.14
  1168   1168  195.92   28.00   2      1850.61      1850.45
  1169   1169  195.92   30.00   2      1768.72      1768.62
  1170   1170  195.92   32.00   2      1692.94      1692.75
  1171   1171  195.92   34.00   2      1622.84      1622.57
  1172   1172  195.92   36.00   2      1557.09      1556.95
  1173   1173  195.92   38.00   2      1495.42      1495.36
  1174   1174  195.92   40.00   2      1437.35      1437.22
  1175   1175  195.92   42.00   2      1382.41      1382.29
  1176   1176  195.92   44.00   2      1329.99      1329.76
  1177   1177  195.92   46.00   2      1279.30      1279.23
  1178   1178  195.92   48.00   2      1230.44      1230.36
  1179   1179  195.92   50.00   2      1183.71      1183.58
  1180   1180  195.92   52.00   2      1136.96      1136.80
  1181   1181  195.92   54.00   2      1090.70      1090.32
  1182   1182  195.92   56.00   2      1043.21      1043.00
  1183   1183  195.92   58.00   2       994.58       994.35
  1184   1184  195.92   60.00   2       943.26       942.86
  1185   1185  195.92   62.00   2       887.16       885.92
  1186   1186  195.92   64.00   2       821.76       821.46
  1187   1187  195.92   66.00   2       741.37       739.95
  1188   1188  195.92   68.00   2       653.86       652.42
  1189   1189  197.92    0.00   2      3226.90      3227.00
  1190   1190  197.92    2.00   2      3454.60      3455.60
  1191   1191  197.92    4.00   2      3460.10      3459.80
  1192   1192  197.92    6.00   2      3349.00      3347.50
  1193   1193  197.92    8.00   2      3181.90      3181.40
  1194   1194  197.92   10.00   2      3004.40      3003.40
  1195   1195  197.92   12.00   2      2829.00      2828.00
  1196   1196  197.92   14.00   2      2661.63      2661.31
  1197   1197  197.92   16.00   2      2509.33      2508.97
  1198   1198  197.92   18.00   2      2370.50      2370.01
  1199   1199  197.92   20.00   2      2243.80      2243.54
  1200   1200  197.92   22.00   2      2128.74      2128.56
  1201   1201  197.92   24.00   2      2024.49      2024.35
  1202   1202  197.92   26.00   2      1929.23      1929.04
  1203   1203  197.92   28.00   2      1841.85      1841.59
  1204   1204  197.92   30.00   2      1761.19      1760.84
  1205   1205  197.92   32.00   2      1685.87      1685.73
  1206   1206  197.92   34.00   2      1616.38      1616.30
  1207   1207  197.92   36.00   2      1551.75      1551.65
  1208   1208  197.92   38.00   2      1490.95      1490.66
  1209   1209  197.92   40.00   2      1433.73      1433.39
  1210   1210  197.92   42.00   2      1378.64      1378.51
  1211   1211  197.92   44.00   2      1326.48      1326.38
  1212   1212  197.92   46.00   2      1276.75      1276.62
  1213   1213  197.92   48.00   2      1228.60      1228.34
  1214   1214  197.92   50.00   2      1179.92      1180.23
  1215   1215  197.92   52.00   2      1134.95      1134.81
  1216   1216  197.92   54.00   2      1089.02      1088.91
  1217   1217  197.92   56.00   2      1042.33      1042.07
  1218   1218  197.92   58.00   2       994.60       994.14
  1219   1219  197.92   60.00   2       943.29       943.08
  1220   1220  197.92   62.00   2       888.16       887.87
  1221   1221  197.92   64.00   2       824.85       823.62
  1222   1222  197.92   66.00   2       745.90       744.45
  1223   1223  197.92   68.00   2       660.05       657.75
  1224   1224  199.92    0.00   2      3255.50      3254.80
  1225   1225  199.92    2.00   2      3441.00      3442.10
  1226   1226  199.92    4.00   2      3428.80      3427.50
  1227   1227  199.92    6.00   2      3305.70      3304.90
  1228   1228  199.92    8.00   2      3141.20      3140.10
  1229   1229  199.92   10.00   2      2965.90      2964.30
  1230   1230  199.92   12.00   2      2794.00      2791.40
  1231   1231  199.92   14.00   2      2626.70      2625.64
  1232   1232  199.92   16.00   2      2477.15      2476.85
  1233   1233  199.92   18.00   2      2340.65      2340.38
  1234   1234  199.92   20.00   2      2216.74      2216.54
  1235   1235  199.92   22.00   2      2104.14      2103.88
  1236   1236  199.92   24.00   2      2001.98      2001.57
  1237   1237  199.92   26.00   2      1907.62      1907.49
  1238   1238  199.92   28.00   2      1821.85      1821.72
  1239   1239  199.92   30.00   2      1742.47      1742.36
  1240   1240  199.92   32.00   2      1669.26      1669.00
  1241   1241  199.92   34.00   2      1600.96      1600.76
  1242   1242  199.92   36.00   2      1536.59      1536.49
  1243   1243  199.92   38.00   2      1476.69      1476.61
  1244   1244  199.92   40.00   2      1420.77      1420.66
  1245   1245  199.92   42.00   2      1366.95      1366.70
  1246   1246  199.92   44.00   2      1315.52      1315.29
  1247   1247  199.92   46.00   2      1265.76      1265.70
  1248   1248  199.92   48.00   2      1217.86      1217.78
  1249   1249  199.92   50.00   2      1171.45      1171.26
  1250   1250  199.92   52.00   2      1125.61      1125.36
  1251   1251  199.92   54.00   2      1080.26      1079.95
  1252   1252  199.92   56.00   2      1033.55      1033.39
  1253   1253  199.92   58.00   2       985.64       985.46
  1254   1254  199.92   60.00   2       934.74       934.40
  1255   1255  199.92   62.00   2       878.87       878.68
  1256   1256  199.92   64.00   2       814.41       813.16
  1257   1257  199.92   66.00   2       734.47       734.23
  1258   1258  199.92   68.00   2       650.40       649.04
  1259   1259  201.92    0.00   2      3289.02      3289.29
  1260   1260  201.92    2.00   2      3425.10      3425.10
  1261   1261  201.92    4.00   2      3376.80      3376.80
  1262   1262  201.92    6.00   2      3240.33      3240.23
  1263   1263  201.92    8.00   2      3071.77      3071.64
  1264   1264  201.92   10.00   2      2896.34      2896.26
  1265   1265  201.92   12.00   2      2729.13      2728.77
  1266   1266  201.92   14.00   2      2571.65      2571.33
  1267   1267  201.92   16.00   2      2426.93      2426.65
  1268   1268  201.92   18.00   2      2295.13      2294.88
  1269   1269  201.92   20.00   2      2175.14      2174.96
  1270   1270  201.92   22.00   2      2066.28      2066.19
  1271   1271  201.92   24.00   2      1966.79      1966.56
  1272   1272  201.92   26.00   2      1875.84      1875.50
  1273   1273  201.92   28.00   2      1792.22      1792.07
  1274   1274  201.92   30.00   2      1714.78      1714.66
  1275   1275  201.92   32.00   2      1642.90      1642.82
  1276   1276  201.92   34.00   2      1576.55      1576.31
  1277   1277  201.92   36.00   2      1513.98      1513.70
  1278   1278  201.92   38.00   2      1454.76      1454.66
  1279   1279  201.92   40.00   2      1399.17      1399.09
  1280   1280  201.92   42.00   2      1346.28      1346.18
  1281   1281  201.92   44.00   2      1295.78      1295.70
  1282   1282  201.92   46.00   2      1247.13      1246.86
  1283   1283  201.92   48.00   2      1199.44      1199.38
  1284   1284  201.92   50.00   2      1152.99      1152.83
  1285   1285  201.92   52.00   2      1107.24      1107.05
  1286   1286  201.92   54.00   2      1061.65      1061.46
  1287   1287  201.92   56.00   2      1015.22      1014.83
  1288   1288  201.92   58.00   2       966.40       966.15
  1289   1289  201.92   60.00   2       914.80       914.56
  1290   1290  201.92   62.00   2       855.94       855.66
  1291   1291  201.92   64.00   2       787.05       785.77
  1292   1292  201.92   66.00   2       704.14       702.87
  1293   1293  201.92   68.00   2       620.80       619.52
  1294   1294  203.92    0.00   2      3305.20      3305.30
  1295   1295  203.92    2.00   2      3376.60      3376.50
  1296   1296  203.92    4.00   2      3298.93      3298.88
  1297   1297  203.92    6.00   2      3152.62      3152.60
  1298   1298  203.92    8.00   2      2983.58      2983.48
  1299   1299  203.92   10.00   2      2811.43      2811.59
  1300   1300  203.92   12.00   2      2640.78      2649.95
  1301   1301  203.92   14.00   2      2459.06      2497.89
  1302   1302  203.92   16.00   2      2359.12      2358.99
  1303   1303  203.92   18.00   2      2233.42      2233.39
  1304   1304  203.92   20.00   2      2118.89      2118.76
  1305   1305  203.92   22.00   2      2014.43      2014.36
  1306   1306  203.92   24.00   2      1918.92      1918.93
  1307   1307  203.92   26.00   2      1832.03      1831.90
  1308   1308  203.92   28.00   2      1751.58      1751.39
  1309   1309  203.92   30.00   2      1677.04      1676.78
  1310   1310  203.92   32.00   2      1607.36      1607.19
  1311   1311  203.92   34.00   2      1542.80      1542.74
  1312   1312  203.92   36.00   2      1481.92      1481.85
  1313   1313  203.92   38.00   2      1424.51      1424.30
  1314   1314  203.92   40.00   2      1370.24      1370.02
  1315   1315  203.92   42.00   2      1318.45      1318.19
  1316   1316  203.92   44.00   2      1268.04      1267.98
  1317   1317  203.92   46.00   2      1219.73      1219.65
  1318   1318  203.92   48.00   2      1172.82      1172.66
  1319   1319  203.92   50.00   2      1126.86      1126.61
  1320   1320  203.92   52.00   2      1080.45      1080.30
  1321   1321  203.92   54.00   2      1034.28      1034.15
  1322   1322  203.92   56.00   2       986.69       986.54
  1323   1323  203.92   58.00   2       936.63       936.25
  1324   1324  203.92   60.00   2       880.71       880.51
  1325   1325  203.92   62.00   2       816.32       816.11
  1326   1326  203.92   64.00   2       738.53       737.33
  1327   1327  203.92   66.00   2       654.12       652.69
  1328   1328  205.92    0.00   2      3292.30      3293.42
  1329   1329  205.92    2.00   2      3301.30      3301.20
  1330   1330  205.92    4.00   2      3194.19      3194.23
  1331   1331  205.92    6.00   2      3028.60      3040.51
  1332   1332  205.92    8.00   2      2845.07      2872.99
  1333   1333  205.92   10.00   2      2708.02      2707.86
  1334   1334  205.92   12.00   2      2553.12      2552.92
  1335   1335  205.92   14.00   2      2409.65      2409.56
  1336   1336  205.92   16.00   2      2278.69      2278.59
  1337   1337  205.92   18.00   2      2159.84      2159.68
  1338   1338  205.92   20.00   2      2000.04      2051.30
  1339   1339  205.92   22.00   2      1940.09      1952.05
  1340   1340  205.92   24.00   2      1854.82      1861.10
  1341   1341  205.92   26.00   2      1762.67      1777.69
  1342   1342  205.92   28.00   2      1673.68      1700.64
  1343   1343  205.92   30.00   2      1629.05      1628.97
  1344   1344  205.92   32.00   2      1562.53      1562.48
  1345   1345  205.92   34.00   2      1499.90      1499.86
  1346   1346  205.92   36.00   2      1441.37      1441.32
  1347   1347  205.92   38.00   2      1385.98      1385.91
  1348   1348  205.92   40.00   2      1332.82      1332.74
  1349   1349  205.92   42.00   2      1282.23      1282.01
  1350   1350  205.92   44.00   2      1233.23      1232.96
  1351   1351  205.92   46.00   2      1185.22      1185.15
  1352   1352  205.92   48.00   2      1138.15      1138.02
  1353   1353  205.92   50.00   2      1091.51      1091.35
  1354   1354  205.92   52.00   2      1044.85      1044.58
  1355   1355  205.92   54.00   2       996.33       996.11
  1356   1356  205.92   56.00   2       945.84       945.64
  1357   1357  205.92   58.00   2       890.61       889.41
  1358   1358  205.92   60.00   2       827.23       826.01
  1359   1359  205.92   62.00   2       749.68       748.21
  1360   1360  205.92   64.00   2       663.39       662.14
  1361   1361  205.92   66.00   2       580.43       580.19
  1362   1362  207.92    0.00   2      3200.27      3243.83
  1363   1363  207.92    2.00   2      3193.39      3193.40
  1364   1364  207.92    4.00   2      3064.34      3064.31
  1365   1365  207.92    6.00   2      2905.77      2905.66
  1366   1366  207.92    8.00   2      2742.19      2742.17
  1367   1367  207.92   10.00   2      2585.82      2585.78
  1368   1368  207.92   12.00   2      2439.11      2439.26
  1369   1369  207.92   14.00   2      2303.15      2305.69
  1370   1370  207.92   16.00   2      2171.61      2183.32
  1371   1371  207.92   18.00   2      2045.59      2072.14
  1372   1372  207.92   20.00   2      1970.42      1970.31
  1373   1373  207.92   22.00   2      1876.73      1876.72
  1374   1374  207.92   24.00   2      1791.36      1791.31
  1375   1375  207.92   26.00   2      1712.43      1712.42
  1376   1376  207.92   28.00   2      1639.45      1639.38
  1377   1377  207.92   30.00   2      1570.78      1570.94
  1378   1378  207.92   32.00   2      1502.38      1507.92
  1379   1379  207.92   34.00   2      1425.56      1447.75
  1380   1380  207.92   36.00   2      1390.89      1390.82
  1381   1381  207.92   38.00   2      1337.25      1337.04
  1382   1382  207.92   40.00   2      1284.76      1284.80
  1383   1383  207.92   42.00   2      1235.69      1235.48
  1384   1384  207.92   44.00   2      1187.25      1187.00
  1385   1385  207.92   46.00   2      1139.00      1138.89
  1386   1386  207.92   48.00   2      1091.43      1091.30
  1387   1387  207.92   50.00   2      1043.36      1043.21
  1388   1388  207.92   52.00   2       993.66       993.39
  1389   1389  207.92   54.00   2       940.97       940.63
  1390   1390  207.92   56.00   2       883.43       883.09
  1391   1391  207.92   58.00   2       816.18       816.00
  1392   1392  207.92   60.00   2       734.04       733.70
  1393   1393  207.92   62.00   2       646.20       644.75
  1394   1394  207.92   64.00   2       562.78       560.63
  1395   1395  209.92    0.00   2      3148.19      3149.41
  1396   1396  209.92    2.00   2      3007.71      3052.21
  1397   1397  209.92    4.00   2      2907.22      2907.15
  1398   1398  209.92    6.00   2      2749.50      2749.44
  1399   1399  209.92    8.00   2      2593.92      2593.79
  1400   1400  209.92   10.00   2      2447.69      2447.58
  1401   1401  209.92   12.00   2      2312.03      2311.98
  1402   1402  209.92   14.00   2      2188.10      2188.03
  1403   1403  209.92   16.00   2      2075.37      2075.33
  1404   1404  209.92   18.00   2      1971.60      1971.85
  1405   1405  209.92   20.00   2      1875.90      1877.91
  1406   1406  209.92   22.00   2      1778.44      1791.38
  1407   1407  209.92   24.00   2      1677.92      1711.64
  1408   1408  209.92   26.00   2      1637.26      1637.19
  1409   1409  209.92   28.00   2      1568.20      1568.13
  1410   1410  209.92   30.00   2      1503.40      1503.40
  1411   1411  209.92   32.00   2      1443.10      1442.99
  1412   1412  209.92   34.00   2      1385.45      1385.41
  1413   1413  209.92   36.00   2      1330.76      1330.74
  1414   1414  209.92   38.00   2      1276.80      1278.32
  1415   1415  209.92   40.00   2      1204.42      1227.77
  1416   1416  209.92   42.00   2      1178.35      1178.24
  1417   1417  209.92   44.00   2      1129.58      1129.48
  1418   1418  209.92   46.00   2      1081.24      1081.15
  1419   1419  209.92   48.00   2      1031.79      1031.63
  1420   1420  209.92   50.00   2       979.89       979.58
  1421   1421  209.92   52.00   2       923.40       923.20
  1422   1422  209.92   54.00   2       861.58       860.42
  1423   1423  209.92   56.00   2       785.18       783.86
  1424   1424  209.92   58.00   2       693.80       692.65
  1425   1425  209.92   60.00   2       603.82       602.32
  1426   1426  209.92   62.00   2       521.19       518.55
  1427   1427  211.92    0.00   2      2994.80      2996.34
  1428   1428  211.92    2.00   2      2870.61      2870.74
  1429   1429  211.92    4.00   2      2718.35      2722.21
  1430   1430  211.92    6.00   2      2561.30      2570.91
  1431   1431  211.92    8.00   2      2382.71      2426.21
  1432   1432  211.92   10.00   2      2292.52      2292.38
  1433   1433  211.92   12.00   2      2169.65      2169.54
  1434   1434  211.92   14.00   2      2056.91      2056.86
  1435   1435  211.92   16.00   2      1954.07      1954.02
  1436   1436  211.92   18.00   2      1860.06      1860.04
  1437   1437  211.92   20.00   2      1773.20      1773.26
  1438   1438  211.92   22.00   2      1690.87      1693.49
  1439   1439  211.92   24.00   2      1602.77      1619.63
  1440   1440  211.92   26.00   2      1551.27      1551.24
  1441   1441  211.92   28.00   2      1486.02      1486.00
  1442   1442  211.92   30.00   2      1425.29      1425.27
  1443   1443  211.92   32.00   2      1367.53      1367.53
  1444   1444  211.92   34.00   2      1312.67      1312.65
  1445   1445  211.92   36.00   2      1259.51      1259.54
  1446   1446  211.92   38.00   2      1202.61      1208.54
  1447   1447  211.92   40.00   2      1139.83      1158.78
  1448   1448  211.92   42.00   2      1108.93      1108.76
  1449   1449  211.92   44.00   2      1058.19      1058.06
  1450   1450  211.92   46.00   2      1005.93      1005.89
  1451   1451  211.92   48.00   2       950.23       950.08
  1452   1452  211.92   50.00   2       890.25       889.96
  1453   1453  211.92   52.00   2       818.02       816.44
  1454   1454  211.92   54.00   2       727.40       724.65
  1455   1455  211.92   56.00   2       629.26       627.56
  1456   1456  211.92   58.00   2       539.55       538.15
  1457   1457  211.92   60.00   2       458.36       458.14
  1458   1458  213.92    0.00   2      2781.97      2785.12
  1459   1459  213.92    2.00   2      2643.67      2651.23
  1460   1460  213.92    4.00   2      2475.85      2508.74
  1461   1461  213.92    6.00   2      2320.96      2369.98
  1462   1462  213.92    8.00   2      2240.71      2240.64
  1463   1463  213.92   10.00   2      2120.91      2120.82
  1464   1464  213.92   12.00   2      2011.62      2011.52
  1465   1465  213.92   14.00   2      1910.67      1910.65
  1466   1466  213.92   16.00   2      1818.60      1818.56
  1467   1467  213.92   18.00   2      1732.92      1733.06
  1468   1468  213.92   20.00   2      1649.69      1655.22
  1469   1469  213.92   22.00   2      1575.15      1581.94
  1470   1470  213.92   24.00   2      1488.48      1514.13
  1471   1471  213.92   26.00   2      1450.28      1450.17
  1472   1472  213.92   28.00   2      1390.06      1389.98
  1473   1473  213.92   30.00   2      1332.81      1332.73
  1474   1474  213.92   32.00   2      1277.48      1277.48
  1475   1475  213.92   34.00   2      1224.71      1224.69
  1476   1476  213.92   36.00   2      1172.65      1172.71
  1477   1477  213.92   38.00   2      1120.60      1121.89
  1478   1478  213.92   40.00   2      1061.05      1070.68
  1479   1479  213.92   42.00   2      1017.99      1017.91
  1480   1480  213.92   44.00   2       961.95       961.81
  1481   1481  213.92   46.00   2       899.51       899.37
  1482   1482  213.92   48.00   2       825.18       825.00
  1483   1483  213.92   50.00   2       729.17       729.09
  1484   1484  213.92   52.00   2       625.09       624.99
  1485   1485  213.92   54.00   2       533.20       531.87
  1486   1486  213.92   56.00   2       448.08       446.70
  1487   1487  213.92   58.00   2       372.95       371.51
  1488   1488  215.92    0.00   2      2486.87      2528.01
  1489   1489  215.92    2.00   2      2345.65      2399.47
  1490   1490  215.92    4.00   2      2271.49      2271.39
  1491   1491  215.92    6.00   2      2150.11      2150.05
  1492   1492  215.92    8.00   2      2037.31      2037.28
  1493   1493  215.92   10.00   2      1932.82      1932.82
  1494   1494  215.92   12.00   2      1837.70      1837.66
  1495   1495  215.92   14.00   2      1749.54      1749.52
  1496   1496  215.92   16.00   2      1665.80      1667.88
  1497   1497  215.92   18.00   2      1586.89      1592.63
  1498   1498  215.92   20.00   2      1511.66      1522.42
  1499   1499  215.92   22.00   2      1434.69      1456.52
  1500   1500  215.92   24.00   2      1394.64      1394.58
  1501   1501  215.92   26.00   2      1335.71      1335.61
  1502   1502  215.92   28.00   2      1279.38      1279.39
  1503   1503  215.92   30.00   2      1224.80      1224.81
  1504   1504  215.92   32.00   2      1171.37      1171.50
  1505   1505  215.92   34.00   2      1115.17      1119.24
  1506   1506  215.92   36.00   2      1045.01      1066.11
  1507   1507  215.92   38.00   2      1012.12      1012.05
  1508   1508  215.92   40.00   2       954.10       953.97
  1509   1509  215.92   42.00   2       889.40       889.18
  1510   1510  215.92   44.00   2       810.99       810.74
  1511   1511  215.92   46.00   2       708.25       707.04
  1512   1512  215.92   48.00   2       600.74       600.57
  1513   1513  215.92   50.00   2       501.45       502.42
  1514   1514  215.92   52.00   2       409.51       413.35
  1515   1515  215.92   54.00   2       328.13       335.73
  1516   1516  215.92   56.00   2       269.82       269.57
  1517   1517  217.92    0.00   2      2234.86      2233.08
  1518   1518  217.92    2.00   2      2137.92      2121.70
  1519   1519  217.92    4.00   2      2037.69      2013.86
  1520   1520  217.92    6.00   2      1953.62      1911.80
  1521   1521  217.92    8.00   2      1817.03      1816.96
  1522   1522  217.92   10.00   2      1729.46      1729.38
  1523   1523  217.92   12.00   2      1648.36      1648.33
  1524   1524  217.92   14.00   2      1573.07      1572.98
  1525   1525  217.92   16.00   2      1503.51      1502.38
  1526   1526  217.92   18.00   2      1441.83      1436.40
  1527   1527  217.92   20.00   2      1384.11      1374.01
  1528   1528  217.92   22.00   2      1333.98      1314.70
  1529   1529  217.92   24.00   2      1284.87      1257.29
  1530   1530  217.92   26.00   2      1202.22      1202.19
  1531   1531  217.92   28.00   2      1148.18      1148.17
  1532   1532  217.92   30.00   2      1094.60      1094.57
  1533   1533  217.92   32.00   2      1039.50      1039.52
  1534   1534  217.92   34.00   2       983.04       982.78
  1535   1535  217.92   36.00   2       919.60       919.48
  1536   1536  217.92   38.00   2       831.85       845.77
  1537   1537  217.92   40.00   2       738.66       751.98
  1538   1538  217.92   42.00   2       641.77       641.41
  1539   1539  217.92   44.00   2       538.68       537.49
  1540   1540  217.92   46.00   2       443.83       443.68
  1541   1541  217.92   48.00   2       359.56       359.32
  1542   1542  217.92   50.00   2       286.22       286.07
  1543   1543  217.92   52.00   2       225.00       224.90
  1547   1547  219.92    0.00   2      1911.12      1911.32
  1548   1548  219.92    2.00   2      1823.69      1823.82
  1549   1549  219.92    4.00   2      1739.31      1739.19
  1550   1550  219.92    6.00   2      1659.79      1658.05
  1551   1551  219.92    8.00   2      1589.31      1582.10
  1552   1552  219.92   10.00   2      1545.21      1510.92
  1553   1553  219.92   12.00   2      1443.74      1443.61
  1554   1554  219.92   14.00   2      1380.30      1380.27
  1555   1555  219.92   16.00   2      1319.72      1319.61
  1556   1556  219.92   18.00   2      1261.67      1261.61
  1557   1557  219.92   20.00   2      1205.52      1205.47
  1558   1558  219.92   22.00   2      1150.75      1150.61
  1559   1559  219.92   24.00   2      1098.04      1095.42
  1560   1560  219.92   26.00   2      1041.67      1039.29
  1561   1561  219.92   28.00   2       988.82       980.68
  1562   1562  219.92   30.00   2       937.24       914.98
  1563   1563  219.92   32.00   2       837.71       837.58
  1564   1564  219.92   34.00   2       738.17       737.85
  1565   1565  219.92   36.00   2       626.61       625.11
  1566   1566  219.92   38.00   2       522.16       521.84
  1567   1567  219.92   40.00   2       427.71       427.46
  1568   1568  219.92   42.00   2       350.33       343.94
  1569   1569  219.92   44.00   2       277.89       272.94
  1570   1570  219.92   46.00   2       213.09       212.81
  1571   1571  219.92   48.00   2       167.58       167.43
  1572   1572  219.92   50.00   2       137.98       137.81
  1578   1578  221.92    0.00   2      1577.21      1577.31
  1579   1579  221.92    2.00   2      1514.65      1514.71
  1580   1580  221.92    4.00   2      1451.97      1451.94
  1581   1581  221.92    6.00   2      1391.38      1391.17
  1582   1582  221.92    8.00   2      1335.65      1332.15
  1583   1583  221.92   10.00   2      1296.74      1274.68
  1584   1584  221.92   12.00   2      1219.03      1218.90
  1585   1585  221.92   14.00   2      1164.15      1164.02
  1586   1586  221.92   16.00   2      1109.10      1109.03
  1587   1587  221.92   18.00   2      1052.81      1052.78
  1588   1588  221.92   20.00   2       994.18       994.12
  1589   1589  221.92   22.00   2       930.11       930.03
  1590   1590  221.92   24.00   2       857.99       856.45
  1591   1591  221.92   26.00   2       761.52       759.34
  1592   1592  221.92   28.00   2       658.56       645.91
  1593   1593  221.92   30.00   2       537.45       537.12
  1594   1594  221.92   32.00   2       440.23       439.07
  1595   1595  221.92   34.00   2       353.25       352.83
  1596   1596  221.92   36.00   2       278.64       278.32
  1597   1597  221.92   38.00   2       217.13       216.89
  1598   1598  221.92   40.00   2       170.53       170.39
  1599   1599  221.92   42.00   2       139.71       139.63
  1600   1600  221.92   44.00   2       122.21       122.20
