# Sensor scan measurement of Sensor IR768
# Iin=    34.81 mA ,  Vin= 12138.30 mV, T=    18.80 C 
# scanRangeX 151.50 mm; scanRangeY  70.00 mm; stepSize   2.00 mm; initialOffset   4.00 mm; sensorX 195.50 mm; start position at (x|y)=(119.92|  0.00) mm
# iStep, iStep, Pos x, Pos y, nMeas, Meas1 ... MeasN
   591    591  161.92    0.00   2       223.19       223.19
   592    592  161.92    2.00   2       230.84       230.77
   593    593  161.92    4.00   2       233.37       233.39
   594    594  161.92    6.00   2       240.98       238.20
   595    595  161.92    8.00   2       250.79       250.84
   596    596  161.92   10.00   2       277.98       278.08
   597    597  161.92   12.00   2       309.77       309.80
   598    598  161.92   14.00   2       296.17       296.05
   599    599  161.92   16.00   2       222.10       222.06
   600    600  161.92   18.00   2       156.34       156.15
   626    626  163.92    0.00   2      1131.22      1131.32
   627    627  163.92    2.00   2      1108.57      1108.61
   628    628  163.92    4.00   2      1081.35      1081.36
   629    629  163.92    6.00   2      1053.91      1053.84
   630    630  163.92    8.00   2      1027.04      1026.98
   631    631  163.92   10.00   2      1006.32      1006.28
   632    632  163.92   12.00   2       989.26       985.79
   633    633  163.92   14.00   2       944.25       944.12
   634    634  163.92   16.00   2       878.14       859.28
   635    635  163.92   18.00   2       735.84       734.62
   636    636  163.92   20.00   2       625.04       623.72
   637    637  163.92   22.00   2       531.30       531.21
   638    638  163.92   24.00   2       444.11       442.97
   639    639  163.92   26.00   2       366.60       364.35
   640    640  163.92   28.00   2       294.02       293.71
   641    641  163.92   30.00   2       236.98       233.83
   660    660  165.92    0.00   2      1496.20      1496.25
   661    661  165.92    2.00   2      1466.74      1457.40
   662    662  165.92    4.00   2      1415.38      1415.41
   663    663  165.92    6.00   2      1399.63      1374.08
   664    664  165.92    8.00   2      1333.98      1333.97
   665    665  165.92   10.00   2      1298.45      1298.42
   666    666  165.92   12.00   2      1263.38      1263.42
   667    667  165.92   14.00   2      1219.42      1219.40
   668    668  165.92   16.00   2      1163.19      1163.46
   669    669  165.92   18.00   2      1109.35      1109.34
   670    670  165.92   20.00   2      1058.73      1058.84
   671    671  165.92   22.00   2      1006.70      1006.64
   672    672  165.92   24.00   2       956.59       948.64
   673    673  165.92   26.00   2       878.68       878.64
   674    674  165.92   28.00   2       810.39       790.81
   675    675  165.92   30.00   2       684.07       683.78
   676    676  165.92   32.00   2       582.79       581.35
   677    677  165.92   34.00   2       489.72       489.53
   678    678  165.92   36.00   2       406.66       405.40
   694    694  167.92    0.00   2      1792.97      1793.13
   695    695  167.92    2.00   2      1741.94      1738.82
   696    696  167.92    4.00   2      1681.33      1681.37
   697    697  167.92    6.00   2      1625.06      1625.00
   698    698  167.92    8.00   2      1568.77      1570.12
   699    699  167.92   10.00   2      1519.87      1519.83
   700    700  167.92   12.00   2      1468.21      1470.82
   701    701  167.92   14.00   2      1416.98      1416.95
   702    702  167.92   16.00   2      1356.24      1359.45
   703    703  167.92   18.00   2      1307.43      1307.41
   704    704  167.92   20.00   2      1257.78      1258.93
   705    705  167.92   22.00   2      1209.73      1209.74
   706    706  167.92   24.00   2      1166.35      1160.89
   707    707  167.92   26.00   2      1111.41      1111.38
   708    708  167.92   28.00   2      1080.28      1060.74
   709    709  167.92   30.00   2      1007.30      1007.28
   710    710  167.92   32.00   2       949.76       949.67
   711    711  167.92   34.00   2       883.07       882.89
   712    712  167.92   36.00   2       799.07       798.74
   713    713  167.92   38.00   2       702.08       697.33
   714    714  167.92   40.00   2       598.15       596.89
   715    715  167.92   42.00   2       506.65       505.23
   727    727  169.92    0.00   2      2086.16      2052.90
   728    728  169.92    2.00   2      1981.94      1986.60
   729    729  169.92    4.00   2      1932.69      1917.20
   730    730  169.92    6.00   2      1843.37      1846.78
   731    731  169.92    8.00   2      1789.32      1779.22
   732    732  169.92   10.00   2      1712.05      1715.35
   733    733  169.92   12.00   2      1661.66      1652.97
   734    734  169.92   14.00   2      1584.42      1588.71
   735    735  169.92   16.00   2      1537.56      1526.62
   736    736  169.92   18.00   2      1466.06      1469.74
   737    737  169.92   20.00   2      1436.51      1415.52
   738    738  169.92   22.00   2      1356.03      1362.98
   739    739  169.92   24.00   2      1337.22      1311.26
   740    740  169.92   26.00   2      1254.69      1261.89
   741    741  169.92   28.00   2      1229.15      1212.94
   742    742  169.92   30.00   2      1161.56      1165.06
   743    743  169.92   32.00   2      1139.55      1116.54
   744    744  169.92   34.00   2      1064.47      1067.50
   745    745  169.92   36.00   2      1038.46      1016.07
   746    746  169.92   38.00   2       961.18       961.15
   747    747  169.92   40.00   2       899.45       899.30
   748    748  169.92   42.00   2       823.80       825.42
   749    749  169.92   44.00   2       730.50       730.23
   750    750  169.92   46.00   2       637.93       636.15
   759    759  171.92    0.00   2      2238.40      2275.37
   760    760  171.92    2.00   2      2168.17      2204.09
   761    761  171.92    4.00   2      2125.31      2125.30
   762    762  171.92    6.00   2      2008.76      2044.74
   763    763  171.92    8.00   2      1965.05      1965.04
   764    764  171.92   10.00   2      1843.23      1889.34
   765    765  171.92   12.00   2      1814.94      1815.03
   766    766  171.92   14.00   2      1742.29      1742.14
   767    767  171.92   16.00   2      1671.40      1674.08
   768    768  171.92   18.00   2      1610.72      1610.68
   769    769  171.92   20.00   2      1543.07      1550.12
   770    770  171.92   22.00   2      1491.68      1491.62
   771    771  171.92   24.00   2      1421.39      1436.29
   772    772  171.92   26.00   2      1383.32      1383.29
   773    773  171.92   28.00   2      1312.16      1332.66
   774    774  171.92   30.00   2      1270.95      1283.47
   775    775  171.92   32.00   2      1212.37      1235.91
   776    776  171.92   34.00   2      1187.46      1189.02
   777    777  171.92   36.00   2      1120.79      1142.64
   778    778  171.92   38.00   2      1095.85      1095.81
   779    779  171.92   40.00   2      1027.01      1047.87
   780    780  171.92   42.00   2       997.56       997.56
   781    781  171.92   44.00   2       927.96       943.14
   782    782  171.92   46.00   2       880.80       882.29
   783    783  171.92   48.00   2       814.97       808.97
   784    784  171.92   50.00   2       722.29       722.40
   790    790  173.92    0.00   2      2457.05      2457.22
   791    791  173.92    2.00   2      2374.01      2386.73
   792    792  173.92    4.00   2      2303.91      2303.87
   793    793  173.92    6.00   2      2215.73      2215.67
   794    794  173.92    8.00   2      2127.67      2127.61
   795    795  173.92   10.00   2      2041.99      2041.96
   796    796  173.92   12.00   2      1958.21      1958.21
   797    797  173.92   14.00   2      1879.03      1879.00
   798    798  173.92   16.00   2      1804.23      1804.19
   799    799  173.92   18.00   2      1734.15      1734.09
   800    800  173.92   20.00   2      1667.08      1667.03
   801    801  173.92   22.00   2      1603.99      1603.96
   802    802  173.92   24.00   2      1544.18      1544.13
   803    803  173.92   26.00   2      1487.90      1487.86
   804    804  173.92   28.00   2      1434.29      1434.28
   805    805  173.92   30.00   2      1382.59      1382.56
   806    806  173.92   32.00   2      1333.13      1333.11
   807    807  173.92   34.00   2      1285.16      1285.13
   808    808  173.92   36.00   2      1238.88      1238.88
   809    809  173.92   38.00   2      1193.13      1193.15
   810    810  173.92   40.00   2      1148.55      1148.52
   811    811  173.92   42.00   2      1103.50      1103.47
   812    812  173.92   44.00   2      1057.76      1057.75
   813    813  173.92   46.00   2      1010.34      1010.29
   814    814  173.92   48.00   2       961.28       961.12
   815    815  173.92   50.00   2       907.40       907.29
   816    816  173.92   52.00   2       846.79       846.58
   817    817  173.92   54.00   2       763.39       776.26
   820    820  175.92    0.00   2      2589.24      2589.36
   821    821  175.92    2.00   2      2534.82      2534.83
   822    822  175.92    4.00   2      2455.91      2455.87
   823    823  175.92    6.00   2      2365.66      2365.52
   824    824  175.92    8.00   2      2269.54      2271.99
   825    825  175.92   10.00   2      2179.03      2178.89
   826    826  175.92   12.00   2      2076.95      2087.65
   827    827  175.92   14.00   2      2002.09      2002.05
   828    828  175.92   16.00   2      1909.80      1920.89
   829    829  175.92   18.00   2      1844.19      1844.15
   830    830  175.92   20.00   2      1748.03      1772.01
   831    831  175.92   22.00   2      1703.61      1703.56
   832    832  175.92   24.00   2      1604.41      1639.68
   833    833  175.92   26.00   2      1579.00      1579.02
   834    834  175.92   28.00   2      1522.34      1522.27
   835    835  175.92   30.00   2      1467.81      1467.80
   836    836  175.92   32.00   2      1416.16      1416.07
   837    837  175.92   34.00   2      1366.20      1366.22
   838    838  175.92   36.00   2      1318.87      1318.81
   839    839  175.92   38.00   2      1271.88      1272.93
   840    840  175.92   40.00   2      1228.33      1228.30
   841    841  175.92   42.00   2      1180.19      1184.21
   842    842  175.92   44.00   2      1140.55      1140.45
   843    843  175.92   46.00   2      1084.14      1096.75
   844    844  175.92   48.00   2      1053.00      1053.00
   845    845  175.92   50.00   2       983.94      1008.44
   846    846  175.92   52.00   2       962.90       962.85
   847    847  175.92   54.00   2       915.00       914.76
   848    848  175.92   56.00   2       863.17       863.17
   849    849  175.92   58.00   2       808.68       807.42
   850    850  177.92    0.00   2      2683.87      2684.14
   851    851  177.92    2.00   2      2652.00      2653.40
   852    852  177.92    4.00   2      2583.73      2583.67
   853    853  177.92    6.00   2      2484.56      2494.52
   854    854  177.92    8.00   2      2398.56      2398.44
   855    855  177.92   10.00   2      2266.69      2299.45
   856    856  177.92   12.00   2      2203.78      2203.75
   857    857  177.92   14.00   2      2111.75      2111.72
   858    858  177.92   16.00   2      2024.13      2024.09
   859    859  177.92   18.00   2      1940.97      1940.84
   860    860  177.92   20.00   2      1862.98      1863.10
   861    861  177.92   22.00   2      1790.66      1790.78
   862    862  177.92   24.00   2      1717.90      1723.40
   863    863  177.92   26.00   2      1659.08      1659.03
   864    864  177.92   28.00   2      1578.77      1598.72
   865    865  177.92   30.00   2      1541.29      1541.28
   866    866  177.92   32.00   2      1466.06      1487.14
   867    867  177.92   34.00   2      1435.26      1435.25
   868    868  177.92   36.00   2      1386.30      1386.22
   869    869  177.92   38.00   2      1338.65      1338.65
   870    870  177.92   40.00   2      1293.13      1293.08
   871    871  177.92   42.00   2      1248.83      1248.92
   872    872  177.92   44.00   2      1206.26      1206.16
   873    873  177.92   46.00   2      1162.34      1163.64
   874    874  177.92   48.00   2      1122.07      1122.01
   875    875  177.92   50.00   2      1076.33      1080.86
   876    876  177.92   52.00   2      1039.75      1039.67
   877    877  177.92   54.00   2       999.24       999.21
   878    878  177.92   56.00   2       958.18       957.94
   879    879  177.92   58.00   2       915.94       915.79
   880    880  177.92   60.00   2       871.30       870.90
   881    881  179.92    0.00   2      2739.78      2741.27
   882    882  179.92    2.00   2      2748.02      2748.15
   883    883  179.92    4.00   2      2695.16      2694.94
   884    884  179.92    6.00   2      2606.29      2611.99
   885    885  179.92    8.00   2      2515.21      2515.14
   886    886  179.92   10.00   2      2402.92      2412.86
   887    887  179.92   12.00   2      2310.57      2310.54
   888    888  179.92   14.00   2      2200.59      2213.28
   889    889  179.92   16.00   2      2119.10      2119.08
   890    890  179.92   18.00   2      1988.22      2031.48
   891    891  179.92   20.00   2      1948.59      1948.61
   892    892  179.92   22.00   2      1870.50      1870.43
   893    893  179.92   24.00   2      1797.43      1797.46
   894    894  179.92   26.00   2      1729.18      1729.09
   895    895  179.92   28.00   2      1663.17      1665.00
   896    896  179.92   30.00   2      1605.15      1605.03
   897    897  179.92   32.00   2      1543.52      1548.15
   898    898  179.92   34.00   2      1494.09      1494.04
   899    899  179.92   36.00   2      1431.91      1443.11
   900    900  179.92   38.00   2      1393.80      1393.79
   901    901  179.92   40.00   2      1346.79      1346.73
   902    902  179.92   42.00   2      1301.51      1301.47
   903    903  179.92   44.00   2      1258.26      1258.12
   904    904  179.92   46.00   2      1215.38      1215.45
   905    905  179.92   48.00   2      1174.28      1174.26
   906    906  179.92   50.00   2      1134.83      1134.75
   907    907  179.92   52.00   2      1095.53      1095.38
   908    908  179.92   54.00   2      1058.03      1057.76
   909    909  179.92   56.00   2      1020.03      1019.91
   910    910  179.92   58.00   2       983.03       982.80
   911    911  179.92   60.00   2       944.76       944.60
   912    912  179.92   62.00   2       906.03       905.64
   913    913  181.92    0.00   2      2713.05      2778.91
   914    914  181.92    2.00   2      2830.57      2838.72
   915    915  181.92    4.00   2      2808.01      2808.00
   916    916  181.92    6.00   2      2731.99      2732.21
   917    917  181.92    8.00   2      2637.43      2637.41
   918    918  181.92   10.00   2      2531.11      2531.09
   919    919  181.92   12.00   2      2424.24      2424.15
   920    920  181.92   14.00   2      2318.70      2318.87
   921    921  181.92   16.00   2      2218.95      2218.88
   922    922  181.92   18.00   2      2121.21      2123.84
   923    923  181.92   20.00   2      2034.91      2034.83
   924    924  181.92   22.00   2      1941.72      1951.59
   925    925  181.92   24.00   2      1874.36      1874.29
   926    926  181.92   26.00   2      1770.01      1801.74
   927    927  181.92   28.00   2      1733.36      1733.32
   928    928  181.92   30.00   2      1634.79      1669.37
   929    929  181.92   32.00   2      1609.15      1609.15
   930    930  181.92   34.00   2      1552.57      1552.51
   931    931  181.92   36.00   2      1499.01      1498.98
   932    932  181.92   38.00   2      1448.08      1448.00
   933    933  181.92   40.00   2      1398.68      1398.80
   934    934  181.92   42.00   2      1352.60      1352.56
   935    935  181.92   44.00   2      1306.98      1307.22
   936    936  181.92   46.00   2      1265.23      1265.17
   937    937  181.92   48.00   2      1223.96      1223.76
   938    938  181.92   50.00   2      1183.62      1183.54
   939    939  181.92   52.00   2      1144.93      1144.73
   940    940  181.92   54.00   2      1107.87      1107.58
   941    941  181.92   56.00   2      1070.65      1070.53
   942    942  181.92   58.00   2      1035.18      1034.97
   943    943  181.92   60.00   2       999.99       999.83
   944    944  181.92   62.00   2       964.78       964.49
   945    945  181.92   64.00   2       929.02       928.81
   946    946  183.92    0.00   2      2723.69      2792.53
   947    947  183.92    2.00   2      2891.95      2886.96
   948    948  183.92    4.00   2      2885.67      2892.91
   949    949  183.92    6.00   2      2826.16      2822.93
   950    950  183.92    8.00   2      2726.94      2726.92
   951    951  183.92   10.00   2      2613.10      2618.51
   952    952  183.92   12.00   2      2507.26      2507.17
   953    953  183.92   14.00   2      2368.46      2396.77
   954    954  183.92   16.00   2      2290.81      2290.84
   955    955  183.92   18.00   2      2190.36      2190.29
   956    956  183.92   20.00   2      2098.26      2098.22
   957    957  183.92   22.00   2      2011.02      2010.89
   958    958  183.92   24.00   2      1929.07      1929.26
   959    959  183.92   26.00   2      1853.77      1853.70
   960    960  183.92   28.00   2      1774.13      1782.68
   961    961  183.92   30.00   2      1715.86      1715.84
   962    962  183.92   32.00   2      1616.09      1653.35
   963    963  183.92   34.00   2      1594.19      1594.21
   964    964  183.92   36.00   2      1538.90      1538.81
   965    965  183.92   38.00   2      1486.06      1486.05
   966    966  183.92   40.00   2      1436.59      1436.54
   967    967  183.92   42.00   2      1389.25      1389.07
   968    968  183.92   44.00   2      1343.46      1343.39
   969    969  183.92   46.00   2      1299.57      1299.45
   970    970  183.92   48.00   2      1258.23      1257.95
   971    971  183.92   50.00   2      1217.45      1217.30
   972    972  183.92   52.00   2      1178.88      1178.70
   973    973  183.92   54.00   2      1141.28      1141.20
   974    974  183.92   56.00   2      1105.66      1105.40
   975    975  183.92   58.00   2      1070.43      1070.31
   976    976  183.92   60.00   2      1037.11      1036.92
   977    977  183.92   62.00   2      1003.13      1003.03
   978    978  183.92   64.00   2       969.71       969.52
   979    979  183.92   66.00   2       935.08       935.04
   980    980  185.92    0.00   2      2776.64      2776.26
   981    981  185.92    2.00   2      2935.54      2935.59
   982    982  185.92    4.00   2      2941.60      2937.01
   983    983  185.92    6.00   2      2898.88      2907.79
   984    984  185.92    8.00   2      2809.98      2809.91
   985    985  185.92   10.00   2      2694.43      2698.69
   986    986  185.92   12.00   2      2581.97      2581.74
   987    987  185.92   14.00   2      2446.40      2464.46
   988    988  185.92   16.00   2      2353.16      2353.12
   989    989  185.92   18.00   2      2248.78      2248.62
   990    990  185.92   20.00   2      2150.21      2150.20
   991    991  185.92   22.00   2      2059.06      2059.00
   992    992  185.92   24.00   2      1973.23      1974.73
   993    993  185.92   26.00   2      1895.67      1895.66
   994    994  185.92   28.00   2      1817.71      1822.16
   995    995  185.92   30.00   2      1753.34      1753.33
   996    996  185.92   32.00   2      1662.39      1689.53
   997    997  185.92   34.00   2      1629.29      1629.19
   998    998  185.92   36.00   2      1572.82      1572.56
   999    999  185.92   38.00   2      1518.47      1518.39
  1000   1000  185.92   40.00   2      1467.56      1467.29
  1001   1001  185.92   42.00   2      1418.09      1418.04
  1002   1002  185.92   44.00   2      1371.63      1371.52
  1003   1003  185.92   46.00   2      1326.99      1326.94
  1004   1004  185.92   48.00   2      1284.70      1284.55
  1005   1005  185.92   50.00   2      1244.24      1244.00
  1006   1006  185.92   52.00   2      1204.83      1204.73
  1007   1007  185.92   54.00   2      1167.67      1167.42
  1008   1008  185.92   56.00   2      1131.57      1131.55
  1009   1009  185.92   58.00   2      1097.46      1097.32
  1010   1010  185.92   60.00   2      1064.64      1064.38
  1011   1011  185.92   62.00   2      1031.36      1031.18
  1012   1012  185.92   64.00   2       999.06       998.83
  1013   1013  185.92   66.00   2       965.49       965.32
  1014   1014  187.92    0.00   2      2720.40      2752.07
  1015   1015  187.92    2.00   2      2950.30      2956.08
  1016   1016  187.92    4.00   2      3004.26      3004.31
  1017   1017  187.92    6.00   2      2956.80      2956.75
  1018   1018  187.92    8.00   2      2862.76      2862.65
  1019   1019  187.92   10.00   2      2749.80      2749.83
  1020   1020  187.92   12.00   2      2630.67      2630.55
  1021   1021  187.92   14.00   2      2507.95      2511.05
  1022   1022  187.92   16.00   2      2396.00      2395.95
  1023   1023  187.92   18.00   2      2264.44      2288.25
  1024   1024  187.92   20.00   2      2187.37      2187.35
  1025   1025  187.92   22.00   2      2047.44      2093.44
  1026   1026  187.92   24.00   2      2007.72      2007.69
  1027   1027  187.92   26.00   2      1926.88      1926.78
  1028   1028  187.92   28.00   2      1851.60      1851.46
  1029   1029  187.92   30.00   2      1781.42      1781.09
  1030   1030  187.92   32.00   2      1714.68      1714.62
  1031   1031  187.92   34.00   2      1652.87      1652.69
  1032   1032  187.92   36.00   2      1594.46      1594.37
  1033   1033  187.92   38.00   2      1539.39      1539.26
  1034   1034  187.92   40.00   2      1487.40      1487.10
  1035   1035  187.92   42.00   2      1437.42      1437.36
  1036   1036  187.92   44.00   2      1390.74      1390.56
  1037   1037  187.92   46.00   2      1345.14      1345.11
  1038   1038  187.92   48.00   2      1302.39      1302.23
  1039   1039  187.92   50.00   2      1262.12      1261.81
  1040   1040  187.92   52.00   2      1222.18      1222.01
  1041   1041  187.92   54.00   2      1185.04      1184.81
  1042   1042  187.92   56.00   2      1149.27      1149.10
  1043   1043  187.92   58.00   2      1114.79      1114.60
  1044   1044  187.92   60.00   2      1081.25      1081.15
  1045   1045  187.92   62.00   2      1048.66      1048.47
  1046   1046  187.92   64.00   2      1016.00      1015.95
  1047   1047  187.92   66.00   2       983.99       983.81
  1048   1048  187.92   68.00   2       951.44       951.08
  1049   1049  189.92    0.00   2      2713.68      2713.74
  1050   1050  189.92    2.00   2      2963.25      2963.31
  1051   1051  189.92    4.00   2      3006.77      3027.30
  1052   1052  189.92    6.00   2      2989.82      2989.77
  1053   1053  189.92    8.00   2      2902.19      2902.08
  1054   1054  189.92   10.00   2      2789.71      2789.47
  1055   1055  189.92   12.00   2      2668.15      2667.97
  1056   1056  189.92   14.00   2      2546.21      2546.04
  1057   1057  189.92   16.00   2      2430.78      2430.43
  1058   1058  189.92   18.00   2      2318.87      2318.74
  1059   1059  189.92   20.00   2      2214.95      2214.79
  1060   1060  189.92   22.00   2      2118.69      2118.75
  1061   1061  189.92   24.00   2      2029.71      2029.52
  1062   1062  189.92   26.00   2      1947.22      1946.88
  1063   1063  189.92   28.00   2      1869.76      1869.64
  1064   1064  189.92   30.00   2      1797.84      1797.64
  1065   1065  189.92   32.00   2      1730.34      1730.28
  1066   1066  189.92   34.00   2      1667.38      1667.24
  1067   1067  189.92   36.00   2      1608.59      1608.28
  1068   1068  189.92   38.00   2      1552.10      1552.03
  1069   1069  189.92   40.00   2      1499.90      1499.74
  1070   1070  189.92   42.00   2      1449.32      1449.26
  1071   1071  189.92   44.00   2      1401.95      1401.76
  1072   1072  189.92   46.00   2      1355.78      1355.77
  1073   1073  189.92   48.00   2      1312.80      1312.67
  1074   1074  189.92   50.00   2      1272.32      1272.02
  1075   1075  189.92   52.00   2      1232.49      1232.47
  1076   1076  189.92   54.00   2      1195.39      1195.25
  1077   1077  189.92   56.00   2      1159.17      1159.15
  1078   1078  189.92   58.00   2      1124.86      1124.70
  1079   1079  189.92   60.00   2      1091.07      1090.98
  1080   1080  189.92   62.00   2      1058.46      1058.32
  1081   1081  189.92   64.00   2      1026.48      1026.20
  1082   1082  189.92   66.00   2       993.38       993.16
  1083   1083  189.92   68.00   2       960.13       959.84
  1084   1084  191.92    0.00   2      2670.63      2669.23
  1085   1085  191.92    2.00   2      2959.85      2962.63
  1086   1086  191.92    4.00   2      3040.68      3039.15
  1087   1087  191.92    6.00   2      3010.78      3010.95
  1088   1088  191.92    8.00   2      2923.54      2923.57
  1089   1089  191.92   10.00   2      2809.99      2809.67
  1090   1090  191.92   12.00   2      2685.73      2685.52
  1091   1091  191.92   14.00   2      2561.76      2559.86
  1092   1092  191.92   16.00   2      2440.22      2441.83
  1093   1093  191.92   18.00   2      2331.39      2331.19
  1094   1094  191.92   20.00   2      2226.85      2226.53
  1095   1095  191.92   22.00   2      2128.70      2128.62
  1096   1096  191.92   24.00   2      2038.14      2037.98
  1097   1097  191.92   26.00   2      1954.14      1954.03
  1098   1098  191.92   28.00   2      1875.91      1875.74
  1099   1099  191.92   30.00   2      1803.92      1803.63
  1100   1100  191.92   32.00   2      1735.47      1735.37
  1101   1101  191.92   34.00   2      1672.07      1671.84
  1102   1102  191.92   36.00   2      1612.06      1612.03
  1103   1103  191.92   38.00   2      1555.78      1555.61
  1104   1104  191.92   40.00   2      1502.46      1502.44
  1105   1105  191.92   42.00   2      1452.08      1451.98
  1106   1106  191.92   44.00   2      1404.56      1404.32
  1107   1107  191.92   46.00   2      1358.33      1358.26
  1108   1108  191.92   48.00   2      1315.44      1315.19
  1109   1109  191.92   50.00   2      1273.69      1273.64
  1110   1110  191.92   52.00   2      1234.55      1234.42
  1111   1111  191.92   54.00   2      1197.54      1197.27
  1112   1112  191.92   56.00   2      1161.28      1161.17
  1113   1113  191.92   58.00   2      1126.84      1126.62
  1114   1114  191.92   60.00   2      1092.81      1092.70
  1115   1115  191.92   62.00   2      1060.28      1060.08
  1116   1116  191.92   64.00   2      1027.13      1027.00
  1117   1117  191.92   66.00   2       994.22       994.06
  1118   1118  191.92   68.00   2       960.26       960.18
  1119   1119  193.92    0.00   2      2674.21      2674.05
  1120   1120  193.92    2.00   2      2956.24      2956.48
  1121   1121  193.92    4.00   2      3037.79      3037.67
  1122   1122  193.92    6.00   2      3006.90      3006.88
  1123   1123  193.92    8.00   2      2918.62      2917.31
  1124   1124  193.92   10.00   2      2804.21      2804.16
  1125   1125  193.92   12.00   2      2680.07      2679.05
  1126   1126  193.92   14.00   2      2555.84      2555.61
  1127   1127  193.92   16.00   2      2435.97      2435.84
  1128   1128  193.92   18.00   2      2323.68      2323.32
  1129   1129  193.92   20.00   2      2217.78      2217.78
  1130   1130  193.92   22.00   2      2120.56      2120.37
  1131   1131  193.92   24.00   2      2030.44      2030.32
  1132   1132  193.92   26.00   2      1946.78      1946.67
  1133   1133  193.92   28.00   2      1869.60      1869.28
  1134   1134  193.92   30.00   2      1796.55      1796.42
  1135   1135  193.92   32.00   2      1728.91      1728.69
  1136   1136  193.92   34.00   2      1665.28      1665.25
  1137   1137  193.92   36.00   2      1606.03      1605.91
  1138   1138  193.92   38.00   2      1550.53      1550.26
  1139   1139  193.92   40.00   2      1496.53      1496.46
  1140   1140  193.92   42.00   2      1446.61      1446.42
  1141   1141  193.92   44.00   2      1398.67      1398.59
  1142   1142  193.92   46.00   2      1353.47      1353.46
  1143   1143  193.92   48.00   2      1310.34      1310.32
  1144   1144  193.92   50.00   2      1269.42      1269.27
  1145   1145  193.92   52.00   2      1230.66      1230.42
  1146   1146  193.92   54.00   2      1192.80      1192.70
  1147   1147  193.92   56.00   2      1157.09      1156.91
  1148   1148  193.92   58.00   2      1121.78      1121.70
  1149   1149  193.92   60.00   2      1088.05      1087.91
  1150   1150  193.92   62.00   2      1055.02      1054.76
  1151   1151  193.92   64.00   2      1020.83      1020.67
  1152   1152  193.92   66.00   2       986.98       986.70
  1153   1153  193.92   68.00   2       951.54       951.24
  1154   1154  195.92    0.00   2      2670.01      2669.68
  1155   1155  195.92    2.00   2      2942.63      2942.94
  1156   1156  195.92    4.00   2      3019.91      3020.11
  1157   1157  195.92    6.00   2      2986.62      2986.62
  1158   1158  195.92    8.00   2      2897.37      2897.38
  1159   1159  195.92   10.00   2      2784.21      2784.15
  1160   1160  195.92   12.00   2      2660.31      2659.95
  1161   1161  195.92   14.00   2      2536.14      2536.03
  1162   1162  195.92   16.00   2      2417.03      2416.75
  1163   1163  195.92   18.00   2      2304.57      2304.48
  1164   1164  195.92   20.00   2      2200.70      2200.57
  1165   1165  195.92   22.00   2      2104.31      2103.94
  1166   1166  195.92   24.00   2      2014.65      2014.53
  1167   1167  195.92   26.00   2      1931.37      1931.20
  1168   1168  195.92   28.00   2      1854.03      1853.92
  1169   1169  195.92   30.00   2      1782.14      1782.01
  1170   1170  195.92   32.00   2      1715.61      1715.27
  1171   1171  195.92   34.00   2      1652.21      1652.19
  1172   1172  195.92   36.00   2      1593.24      1593.10
  1173   1173  195.92   38.00   2      1537.23      1537.20
  1174   1174  195.92   40.00   2      1485.26      1485.16
  1175   1175  195.92   42.00   2      1435.52      1435.25
  1176   1176  195.92   44.00   2      1387.39      1387.28
  1177   1177  195.92   46.00   2      1342.62      1342.47
  1178   1178  195.92   48.00   2      1299.35      1299.26
  1179   1179  195.92   50.00   2      1258.77      1258.64
  1180   1180  195.92   52.00   2      1219.30      1219.28
  1181   1181  195.92   54.00   2      1181.83      1181.64
  1182   1182  195.92   56.00   2      1146.08      1145.80
  1183   1183  195.92   58.00   2      1109.85      1109.73
  1184   1184  195.92   60.00   2      1075.33      1075.16
  1185   1185  195.92   62.00   2      1040.26      1040.15
  1186   1186  195.92   64.00   2      1005.64      1005.40
  1187   1187  195.92   66.00   2       969.30       969.14
  1188   1188  195.92   68.00   2       931.71       931.37
