# Sensor scan measurement of Sensor IR784
# Iin=    34.77 mA ,  Vin= 12142.40 mV, T=    18.05 C 
# scanRangeX 151.50 mm; scanRangeY  70.00 mm; stepSize   2.00 mm; initialOffset   4.00 mm; sensorX 155.00 mm; start position at (x|y)=(119.92|  0.00) mm
# iStep, iStep, Pos x, Pos y, nMeas, Meas1 ... MeasN
     0      0  121.92    0.00   2      1122.29      1123.75
     1      1  121.92    2.00   2      1099.75      1099.88
     2      2  121.92    4.00   2      1068.43      1068.47
     3      3  121.92    6.00   2      1029.54      1029.45
     4      4  121.92    8.00   2       983.50       983.42
     5      5  121.92   10.00   2       928.62       928.32
     6      6  121.92   12.00   2       860.80       859.52
     7      7  121.92   14.00   2       770.13       768.81
     8      8  121.92   16.00   2       665.34       663.95
     9      9  121.92   18.00   2       561.57       560.05
    10     10  121.92   20.00   2       462.58       459.85
    11     11  121.92   22.00   2       375.59       372.86
    12     12  121.92   24.00   2       294.76       293.24
    13     13  121.92   26.00   2       225.58       224.24
    14     14  123.92   36.00   2       258.87       257.38
    15     15  123.92   34.00   2       324.05       325.36
    16     16  123.92   32.00   2       407.73       409.24
    17     17  123.92   30.00   2       504.65       506.01
    18     18  123.92   28.00   2       613.92       615.56
    19     19  123.92   26.00   2       733.43       736.01
    20     20  123.92   24.00   2       850.66       853.51
    21     21  123.92   22.00   2       938.83       940.14
    22     22  123.92   20.00   2      1009.03      1009.36
    23     23  123.92   18.00   2      1069.97      1070.14
    24     24  123.92   16.00   2      1125.54      1125.66
    25     25  123.92   14.00   2      1178.27      1178.58
    26     26  123.92   12.00   2      1228.47      1228.47
    27     27  123.92   10.00   2      1278.37      1278.46
    28     28  123.92    8.00   2      1327.24      1327.27
    29     29  123.92    6.00   2      1375.84      1375.89
    30     30  123.92    4.00   2      1423.48      1423.64
    31     31  123.92    2.00   2      1470.85      1470.82
    32     32  123.92    0.00   2      1515.69      1515.80
    33     33  125.92    0.00   2      1823.49      1823.75
    34     34  125.92    2.00   2      1764.76      1764.54
    35     35  125.92    4.00   2      1702.60      1702.56
    36     36  125.92    6.00   2      1641.23      1641.03
    37     37  125.92    8.00   2      1579.06      1578.98
    38     38  125.92   10.00   2      1519.99      1519.83
    39     39  125.92   12.00   2      1461.95      1461.88
    40     40  125.92   14.00   2      1405.97      1405.82
    41     41  125.92   16.00   2      1351.33      1351.28
    42     42  125.92   18.00   2      1298.29      1298.16
    43     43  125.92   20.00   2      1246.11      1245.85
    44     44  125.92   22.00   2      1193.56      1193.48
    45     45  125.92   24.00   2      1141.16      1140.91
    46     46  125.92   26.00   2      1086.97      1086.86
    47     47  125.92   28.00   2      1029.94      1029.69
    48     48  125.92   30.00   2       966.65       966.41
    49     49  125.92   32.00   2       893.71       892.17
    50     50  125.92   34.00   2       798.53       797.10
    51     51  125.92   36.00   2       680.29       678.96
    52     52  125.92   38.00   2       565.02       562.36
    53     53  125.92   40.00   2       458.24       456.78
    54     54  125.92   42.00   2       362.29       359.62
    55     55  125.92   44.00   2       279.53       277.90
    56     56  127.92   50.00   2       296.33       295.03
    57     57  127.92   48.00   2       365.87       366.77
    58     58  127.92   46.00   2       451.08       452.62
    59     59  127.92   44.00   2       549.35       550.97
    60     60  127.92   42.00   2       660.14       661.55
    61     61  127.92   40.00   2       777.49       780.08
    62     62  127.92   38.00   2       882.56       884.14
    63     63  127.92   36.00   2       962.59       962.84
    64     64  127.92   34.00   2      1028.23      1028.52
    65     65  127.92   32.00   2      1086.92      1087.23
    66     66  127.92   30.00   2      1142.89      1143.00
    67     67  127.92   28.00   2      1195.59      1195.66
    68     68  127.92   26.00   2      1248.47      1248.70
    69     69  127.92   24.00   2      1301.54      1301.57
    70     70  127.92   22.00   2      1355.41      1355.44
    71     71  127.92   20.00   2      1410.70      1410.93
    72     72  127.92   18.00   2      1469.04      1469.08
    73     73  127.92   16.00   2      1528.84      1528.91
    74     74  127.92   14.00   2      1591.63      1591.62
    75     75  127.92   12.00   2      1656.88      1656.92
    76     76  127.92   10.00   2      1724.97      1725.19
    77     77  127.92    8.00   2      1796.91      1796.95
    78     78  127.92    6.00   2      1870.80      1870.94
    79     79  127.92    4.00   2      1947.52      1947.57
    80     80  127.92    2.00   2      2024.62      2024.70
    81     81  127.92    0.00   2      2100.40      2100.65
    82     82  129.92    0.00   2      2345.53      2345.95
    83     83  129.92    2.00   2      2262.81      2262.79
    84     84  129.92    4.00   2      2174.09      2173.96
    85     85  129.92    6.00   2      2084.46      2084.39
    86     86  129.92    8.00   2      1997.49      1997.38
    87     87  129.92   10.00   2      1913.67      1913.35
    88     88  129.92   12.00   2      1833.37      1833.28
    89     89  129.92   14.00   2      1757.87      1757.66
    90     90  129.92   16.00   2      1686.09      1686.04
    91     91  129.92   18.00   2      1618.38      1618.27
    92     92  129.92   20.00   2      1554.85      1554.59
    93     93  129.92   22.00   2      1493.33      1493.20
    94     94  129.92   24.00   2      1435.86      1435.60
    95     95  129.92   26.00   2      1380.13      1380.04
    96     96  129.92   28.00   2      1326.88      1326.68
    97     97  129.92   30.00   2      1274.93      1274.85
    98     98  129.92   32.00   2      1223.75      1223.58
    99     99  129.92   34.00   2      1173.96      1173.73
   100    100  129.92   36.00   2      1122.71      1122.57
   101    101  129.92   38.00   2      1070.88      1070.58
   102    102  129.92   40.00   2      1015.09      1014.97
   103    103  129.92   42.00   2       955.10       954.69
   104    104  129.92   44.00   2       883.27       882.01
   105    105  129.92   46.00   2       790.27       788.87
   106    106  129.92   48.00   2       677.68       675.94
   107    107  129.92   50.00   2       567.64       565.17
   108    108  129.92   52.00   2       466.14       463.53
   109    109  129.92   54.00   2       372.62       370.02
   110    110  131.92   60.00   2       314.55       313.35
   111    111  131.92   58.00   2       381.64       381.88
   112    112  131.92   56.00   2       463.57       464.59
   113    113  131.92   54.00   2       557.48       558.82
   114    114  131.92   52.00   2       660.91       662.64
   115    115  131.92   50.00   2       773.42       774.80
   116    116  131.92   48.00   2       872.43       874.08
   117    117  131.92   46.00   2       950.30       950.54
   118    118  131.92   44.00   2      1013.66      1013.83
   119    119  131.92   42.00   2      1070.08      1070.31
   120    120  131.92   40.00   2      1123.53      1123.67
   121    121  131.92   38.00   2      1173.88      1173.98
   122    122  131.92   36.00   2      1223.36      1223.63
   123    123  131.92   34.00   2      1274.02      1274.10
   124    124  131.92   32.00   2      1325.06      1325.22
   125    125  131.92   30.00   2      1377.84      1377.87
   126    126  131.92   28.00   2      1432.63      1432.75
   127    127  131.92   26.00   2      1489.25      1489.27
   128    128  131.92   24.00   2      1548.76      1548.79
   129    129  131.92   22.00   2      1611.92      1611.91
   130    130  131.92   20.00   2      1678.18      1678.20
   131    131  131.92   18.00   2      1748.48      1748.67
   132    132  131.92   16.00   2      1823.89      1823.90
   133    133  131.92   14.00   2      1904.08      1904.20
   134    134  131.92   12.00   2      1989.29      1989.34
   135    135  131.92   10.00   2      2078.84      2078.97
   136    136  131.92    8.00   2      2173.38      2173.45
   137    137  131.92    6.00   2      2271.69      2271.73
   138    138  131.92    4.00   2      2371.34      2371.75
   139    139  131.92    2.00   2      2468.74      2468.81
   140    140  131.92    0.00   2      2559.98      2560.20
   141    141  133.92    0.00   2      2732.70      2732.94
   142    142  133.92    2.00   2      2650.09      2650.05
   143    143  133.92    4.00   2      2549.19      2549.09
   144    144  133.92    6.00   2      2442.97      2442.57
   145    145  133.92    8.00   2      2335.09      2334.98
   146    146  133.92   10.00   2      2231.38      2231.08
   147    147  133.92   12.00   2      2131.92      2131.83
   148    148  133.92   14.00   2      2038.01      2037.81
   149    149  133.92   16.00   2      1949.86      1949.77
   150    150  133.92   18.00   2      1867.51      1867.38
   151    151  133.92   20.00   2      1790.78      1790.55
   152    152  133.92   22.00   2      1718.11      1718.04
   153    153  133.92   24.00   2      1650.73      1650.55
   154    154  133.92   26.00   2      1586.85      1586.78
   155    155  133.92   28.00   2      1526.79      1526.71
   156    156  133.92   30.00   2      1469.72      1469.50
   157    157  133.92   32.00   2      1414.81      1414.68
   158    158  133.92   34.00   2      1362.63      1362.48
   159    159  133.92   36.00   2      1311.91      1311.85
   160    160  133.92   38.00   2      1263.31      1263.11
   161    161  133.92   40.00   2      1214.53      1214.51
   162    162  133.92   42.00   2      1167.09      1166.91
   163    163  133.92   44.00   2      1118.98      1118.72
   164    164  133.92   46.00   2      1068.75      1068.57
   165    165  133.92   48.00   2      1016.89      1016.48
   166    166  133.92   50.00   2       958.57       958.34
   167    167  133.92   52.00   2       892.42       891.12
   168    168  133.92   54.00   2       808.71       807.36
   169    169  133.92   56.00   2       702.75       700.28
   170    170  133.92   58.00   2       594.67       591.94
   171    171  133.92   60.00   2       494.03       491.22
   172    172  133.92   62.00   2       402.23       399.60
   173    173  135.92   66.00   2       370.98       368.59
   174    174  135.92   64.00   2       440.09       440.35
   175    175  135.92   62.00   2       526.09       526.43
   176    176  135.92   60.00   2       621.27       624.06
   177    177  135.92   58.00   2       728.72       729.98
   178    178  135.92   56.00   2       831.67       833.16
   179    179  135.92   54.00   2       914.34       915.55
   180    180  135.92   52.00   2       980.19       980.50
   181    181  135.92   50.00   2      1037.59      1037.65
   182    182  135.92   48.00   2      1090.03      1090.23
   183    183  135.92   46.00   2      1139.29      1139.41
   184    184  135.92   44.00   2      1187.63      1187.64
   185    185  135.92   42.00   2      1235.19      1235.35
   186    186  135.92   40.00   2      1283.82      1283.87
   187    187  135.92   38.00   2      1333.51      1333.60
   188    188  135.92   36.00   2      1383.63      1383.86
   189    189  135.92   34.00   2      1436.68      1436.77
   190    190  135.92   32.00   2      1490.95      1491.17
   191    191  135.92   30.00   2      1548.83      1548.90
   192    192  135.92   28.00   2      1609.35      1609.44
   193    193  135.92   26.00   2      1673.13      1673.18
   194    194  135.92   24.00   2      1740.82      1740.87
   195    195  135.92   22.00   2      1813.95      1814.00
   196    196  135.92   20.00   2      1890.90      1890.96
   197    197  135.92   18.00   2      1973.36      1973.60
   198    198  135.92   16.00   2      2063.34      2063.40
   199    199  135.92   14.00   2      2157.96      2158.19
   200    200  135.92   12.00   2      2259.20      2259.26
   201    201  135.92   10.00   2      2366.96      2367.11
   202    202  135.92    8.00   2      2478.04      2478.12
   203    203  135.92    6.00   2      2591.17      2591.31
   204    204  135.92    4.00   2      2700.74      2700.81
   205    205  135.92    2.00   2      2800.35      2800.44
   206    206  135.92    0.00   2      2870.54      2870.68
   207    207  137.92    0.00   2      2968.46      2968.64
   208    208  137.92    2.00   2      2933.09      2932.82
   209    209  137.92    4.00   2      2842.79      2842.61
   210    210  137.92    6.00   2      2732.90      2732.47
   211    211  137.92    8.00   2      2614.06      2613.99
   212    212  137.92   10.00   2      2495.67      2495.36
   213    213  137.92   12.00   2      2379.05      2378.94
   214    214  137.92   14.00   2      2269.67      2269.52
   215    215  137.92   16.00   2      2166.63      2166.54
   216    216  137.92   18.00   2      2070.79      2070.66
   217    217  137.92   20.00   2      1982.15      1981.82
   218    218  137.92   22.00   2      1898.34      1898.26
   219    219  137.92   24.00   2      1821.11      1820.93
   220    220  137.92   26.00   2      1748.51      1748.47
   221    221  137.92   28.00   2      1680.69      1680.57
   222    222  137.92   30.00   2      1617.64      1617.40
   223    223  137.92   32.00   2      1557.08      1557.01
   224    224  137.92   34.00   2      1500.62      1500.40
   225    225  137.92   36.00   2      1445.83      1445.84
   226    226  137.92   38.00   2      1394.62      1394.50
   227    227  137.92   40.00   2      1345.33      1345.04
   228    228  137.92   42.00   2      1296.40      1296.34
   229    229  137.92   44.00   2      1249.96      1249.75
   230    230  137.92   46.00   2      1203.17      1203.06
   231    231  137.92   48.00   2      1157.16      1156.94
   232    232  137.92   50.00   2      1110.22      1110.14
   233    233  137.92   52.00   2      1061.77      1061.59
   234    234  137.92   54.00   2      1010.86      1010.71
   235    235  137.92   56.00   2       954.62       954.25
   236    236  137.92   58.00   2       889.40       889.11
   237    237  137.92   60.00   2       807.47       806.20
   238    238  137.92   62.00   2       704.18       702.86
   239    239  137.92   64.00   2       600.80       598.23
   240    240  137.92   66.00   2       502.94       500.18
   241    241  137.92   68.00   2       411.93       410.43
   242    242  139.92   70.00   2       422.54       421.27
   243    243  139.92   68.00   2       495.90       496.15
   244    244  139.92   66.00   2       583.54       584.91
   245    245  139.92   64.00   2       680.51       682.84
   246    246  139.92   62.00   2       784.43       785.76
   247    247  139.92   60.00   2       874.46       875.80
   248    248  139.92   58.00   2       944.85       945.16
   249    249  139.92   56.00   2      1004.69      1004.90
   250    250  139.92   54.00   2      1057.42      1058.48
   251    251  139.92   52.00   2      1107.71      1107.81
   252    252  139.92   50.00   2      1155.13      1155.34
   253    253  139.92   48.00   2      1202.39      1202.43
   254    254  139.92   46.00   2      1248.39      1248.51
   255    255  139.92   44.00   2      1295.53      1295.59
   256    256  139.92   42.00   2      1343.39      1343.46
   257    257  139.92   40.00   2      1392.67      1392.94
   258    258  139.92   38.00   2      1445.21      1445.20
   259    259  139.92   36.00   2      1498.06      1498.22
   260    260  139.92   34.00   2      1554.97      1555.00
   261    261  139.92   32.00   2      1614.60      1614.73
   262    262  139.92   30.00   2      1677.85      1677.86
   263    263  139.92   28.00   2      1744.40      1744.47
   264    264  139.92   26.00   2      1816.13      1816.16
   265    265  139.92   24.00   2      1892.50      1892.53
   266    266  139.92   22.00   2      1974.04      1974.28
   267    267  139.92   20.00   2      2062.90      2062.96
   268    268  139.92   18.00   2      2157.96      2158.16
   269    269  139.92   16.00   2      2259.52      2259.61
   270    270  139.92   14.00   2      2370.20      2370.31
   271    271  139.92   12.00   2      2486.64      2486.76
   272    272  139.92   10.00   2      2608.69      2608.77
   273    273  139.92    8.00   2      2732.59      2732.68
   274    274  139.92    6.00   2      2852.33      2852.47
   275    275  139.92    4.00   2      2960.90      2961.23
   276    276  139.92    2.00   2      3035.86      3035.95
   277    277  139.92    0.00   2      3030.00      3029.95
   278    278  141.92    0.00   2      3060.53      3060.70
   279    279  141.92    2.00   2      3121.00      3121.21
   280    280  141.92    4.00   2      3068.88      3068.84
   281    281  141.92    6.00   2      2965.20      2964.91
   282    282  141.92    8.00   2      2842.10      2841.96
   283    283  141.92   10.00   2      2712.50      2712.21
   284    284  141.92   12.00   2      2582.79      2582.65
   285    285  141.92   14.00   2      2458.71      2458.51
   286    286  141.92   16.00   2      2343.04      2342.95
   287    287  141.92   18.00   2      2233.79      2233.68
   288    288  141.92   20.00   2      2132.28      2131.97
   289    289  141.92   22.00   2      2037.89      2037.88
   290    290  141.92   24.00   2      1951.25      1951.09
   291    291  141.92   26.00   2      1870.49      1870.43
   292    292  141.92   28.00   2      1795.81      1795.69
   293    293  141.92   30.00   2      1726.37      1726.13
   294    294  141.92   32.00   2      1660.66      1660.58
   295    295  141.92   34.00   2      1599.20      1599.01
   296    296  141.92   36.00   2      1540.69      1540.63
   297    297  141.92   38.00   2      1486.06      1485.96
   298    298  141.92   40.00   2      1434.10      1433.84
   299    299  141.92   42.00   2      1383.39      1383.26
   300    300  141.92   44.00   2      1319.02      1335.10
   301    301  141.92   46.00   2      1288.30      1288.23
   302    302  141.92   48.00   2      1243.08      1242.93
   303    303  141.92   50.00   2      1197.70      1197.59
   304    304  141.92   52.00   2      1152.97      1152.86
   305    305  141.92   54.00   2      1107.83      1107.56
   306    306  141.92   56.00   2      1060.45      1060.24
   307    307  141.92   58.00   2      1011.10      1010.77
   308    308  141.92   60.00   2       956.58       956.32
   309    309  141.92   62.00   2       894.89       893.65
   310    310  141.92   64.00   2       818.79       817.27
   311    311  141.92   66.00   2       721.30       719.63
   312    312  141.92   68.00   2       620.17       618.31
   313    313  141.92   70.00   2       524.15       521.46
   314    314  143.92   70.00   2       583.45       583.47
   315    315  143.92   68.00   2       668.45       669.96
   316    316  143.92   66.00   2       765.23       765.57
   317    317  143.92   64.00   2       853.59       855.18
   318    318  143.92   62.00   2       925.06       925.36
   319    319  143.92   60.00   2       984.79       985.01
   320    320  143.92   58.00   2      1037.77      1038.03
   321    321  143.92   56.00   2      1087.28      1087.39
   322    322  143.92   54.00   2      1134.22      1134.35
   323    323  143.92   52.00   2      1179.43      1179.51
   324    324  143.92   50.00   2      1224.61      1224.66
   325    325  143.92   48.00   2      1270.01      1270.18
   326    326  143.92   46.00   2      1317.19      1317.25
   327    327  143.92   44.00   2      1364.20      1364.44
   328    328  143.92   42.00   2      1414.09      1414.14
   329    329  143.92   40.00   2      1465.11      1465.27
   330    330  143.92   38.00   2      1519.47      1519.50
   331    331  143.92   36.00   2      1575.80      1575.82
   332    332  143.92   34.00   2      1635.31      1635.60
   333    333  143.92   32.00   2      1699.04      1699.09
   334    334  143.92   30.00   2      1766.67      1766.87
   335    335  143.92   28.00   2      1839.45      1839.52
   336    336  143.92   26.00   2      1916.86      1916.98
   337    337  143.92   24.00   2      2000.65      2000.73
   338    338  143.92   22.00   2      2090.65      2090.78
   339    339  143.92   20.00   2      2188.37      2188.44
   340    340  143.92   18.00   2      2293.17      2293.27
   341    341  143.92   16.00   2      2407.09      2407.19
   342    342  143.92   14.00   2      2529.85      2530.01
   343    343  143.92   12.00   2      2658.97      2659.31
   344    344  143.92   10.00   2      2793.22      2793.34
   345    345  143.92    8.00   2      2927.67      2927.98
   346    346  143.92    6.00   2      3052.54      3052.71
   347    347  143.92    4.00   2      3150.69      3150.87
   348    348  143.92    2.00   2      3178.65      3178.61
   349    349  143.92    0.00   2      3060.04      3059.90
   350    350  145.92    0.00   2      3038.78      3038.65
   351    351  145.92    2.00   2      3215.29      3215.53
   352    352  145.92    4.00   2      3214.58      3214.58
   353    353  145.92    6.00   2      3125.83      3125.72
   354    354  145.92    8.00   2      3000.01      2999.84
   355    355  145.92   10.00   2      2861.57      2861.40
   356    356  145.92   12.00   2      2722.60      2721.41
   357    357  145.92   14.00   2      2587.77      2587.66
   358    358  145.92   16.00   2      2460.52      2460.22
   359    359  145.92   18.00   2      2341.48      2341.35
   360    360  145.92   20.00   2      2231.41      2231.25
   361    361  145.92   22.00   2      2129.44      2129.36
   362    362  145.92   24.00   2      2035.83      2035.74
   363    363  145.92   26.00   2      1949.83      1949.55
   364    364  145.92   28.00   2      1869.41      1869.35
   365    365  145.92   30.00   2      1795.17      1795.05
   366    366  145.92   32.00   2      1725.67      1725.63
   367    367  145.92   34.00   2      1661.21      1661.11
   368    368  145.92   36.00   2      1600.59      1600.37
   369    369  145.92   38.00   2      1542.51      1542.45
   370    370  145.92   40.00   2      1488.36      1488.13
   371    371  145.92   42.00   2      1436.27      1436.21
   372    372  145.92   44.00   2      1386.79      1386.71
   373    373  145.92   46.00   2      1338.74      1338.67
   374    374  145.92   48.00   2      1292.72      1292.65
   375    375  145.92   50.00   2      1248.12      1247.92
   376    376  145.92   52.00   2      1203.46      1203.36
   377    377  145.92   54.00   2      1159.86      1159.66
   378    378  145.92   56.00   2      1115.11      1115.03
   379    379  145.92   58.00   2      1069.56      1069.35
   380    380  145.92   60.00   2      1022.38      1022.06
   381    381  145.92   62.00   2       970.36       970.06
   382    382  145.92   64.00   2       912.21       911.88
   383    383  145.92   66.00   2       842.59       842.30
   384    384  145.92   68.00   2       755.36       752.98
   385    385  145.92   70.00   2       655.97       654.54
   386    386  147.92   70.00   2       681.83       681.72
   387    387  147.92   68.00   2       767.52       769.01
   388    388  147.92   66.00   2       852.60       852.81
   389    389  147.92   64.00   2       919.98       920.20
   390    390  147.92   62.00   2       978.00       978.27
   391    391  147.92   60.00   2      1030.43      1030.54
   392    392  147.92   58.00   2      1078.63      1078.78
   393    393  147.92   56.00   2      1123.98      1124.23
   394    394  147.92   54.00   2      1169.55      1169.62
   395    395  147.92   52.00   2      1214.43      1214.59
   396    396  147.92   50.00   2      1259.64      1259.70
   397    397  147.92   48.00   2      1304.96      1305.09
   398    398  147.92   46.00   2      1352.12      1352.17
   399    399  147.92   44.00   2      1400.25      1400.34
   400    400  147.92   42.00   2      1450.82      1450.84
   401    401  147.92   40.00   2      1503.15      1503.24
   402    402  147.92   38.00   2      1558.35      1558.55
   403    403  147.92   36.00   2      1617.36      1617.42
   404    404  147.92   34.00   2      1679.66      1679.70
   405    405  147.92   32.00   2      1745.66      1745.74
   406    406  147.92   30.00   2      1816.29      1816.36
   407    407  147.92   28.00   2      1891.61      1891.63
   408    408  147.92   26.00   2      1973.09      1973.17
   409    409  147.92   24.00   2      2061.50      2061.80
   410    410  147.92   22.00   2      2157.45      2157.52
   411    411  147.92   20.00   2      2260.65      2260.90
   412    412  147.92   18.00   2      2373.42      2373.52
   413    413  147.92   16.00   2      2494.97      2495.14
   414    414  147.92   14.00   2      2625.49      2625.57
   415    415  147.92   12.00   2      2763.91      2764.09
   416    416  147.92   10.00   2      2906.47      2906.61
   417    417  147.92    8.00   2      3047.42      3047.60
   418    418  147.92    6.00   2      3172.00      3172.35
   419    419  147.92    4.00   2      3255.18      3255.29
   420    420  147.92    2.00   2      3236.02      3235.95
   421    421  147.92    0.00   2      3009.81      3009.62
   422    422  149.92    0.00   2      2988.28      2988.21
   423    423  149.92    2.00   2      3251.30      3251.50
   424    424  149.92    4.00   2      3288.44      3288.50
   425    425  149.92    6.00   2      3212.44      3212.31
   426    426  149.92    8.00   2      3086.47      3086.27
   427    427  149.92   10.00   2      2942.14      2941.97
   428    428  149.92   12.00   2      2795.40      2795.23
   429    429  149.92   14.00   2      2652.20      2652.05
   430    430  149.92   16.00   2      2517.56      2517.43
   431    431  149.92   18.00   2      2392.52      2392.26
   432    432  149.92   20.00   2      2276.90      2276.77
   433    433  149.92   22.00   2      2170.82      2170.62
   434    434  149.92   24.00   2      2072.91      2072.82
   435    435  149.92   26.00   2      1982.92      1982.86
   436    436  149.92   28.00   2      1900.07      1899.85
   437    437  149.92   30.00   2      1823.05      1822.98
   438    438  149.92   32.00   2      1751.97      1751.80
   439    439  149.92   34.00   2      1685.20      1685.16
   440    440  149.92   36.00   2      1623.06      1622.93
   441    441  149.92   38.00   2      1564.81      1564.54
   442    442  149.92   40.00   2      1508.87      1508.77
   443    443  149.92   42.00   2      1456.84      1456.63
   444    444  149.92   44.00   2      1406.05      1406.05
   445    445  149.92   46.00   2      1358.19      1357.97
   446    446  149.92   48.00   2      1311.40      1311.35
   447    447  149.92   50.00   2      1266.79      1266.66
   448    448  149.92   52.00   2      1222.87      1222.64
   449    449  149.92   54.00   2      1179.03      1178.89
   450    450  149.92   56.00   2      1136.39      1136.14
   451    451  149.92   58.00   2      1091.43      1091.32
   452    452  149.92   60.00   2      1045.56      1045.28
   453    453  149.92   62.00   2       996.97       996.87
   454    454  149.92   64.00   2       943.86       943.53
   455    455  149.92   66.00   2       882.32       882.03
   456    456  149.92   68.00   2       807.88       805.62
   457    457  149.92   70.00   2       713.71       712.03
   458    458  151.92   70.00   2       708.73       707.33
   459    459  151.92   68.00   2       791.12       792.24
   460    460  151.92   66.00   2       867.97       869.11
   461    461  151.92   64.00   2       932.47       933.53
   462    462  151.92   62.00   2       988.03       988.22
   463    463  151.92   60.00   2      1037.84      1038.03
   464    464  151.92   58.00   2      1085.17      1085.31
   465    465  151.92   56.00   2      1130.63      1130.77
   466    466  151.92   54.00   2      1174.60      1174.85
   467    467  151.92   52.00   2      1219.19      1219.25
   468    468  151.92   50.00   2      1263.43      1263.60
   469    469  151.92   48.00   2      1309.16      1309.15
   470    470  151.92   46.00   2      1355.95      1356.08
   471    471  151.92   44.00   2      1404.58      1404.64
   472    472  151.92   42.00   2      1454.92      1455.00
   473    473  151.92   40.00   2      1507.33      1507.36
   474    474  151.92   38.00   2      1563.34      1563.34
   475    475  151.92   36.00   2      1620.99      1621.26
   476    476  151.92   34.00   2      1683.79      1683.79
   477    477  151.92   32.00   2      1749.68      1749.89
   478    478  151.92   30.00   2      1821.23      1821.27
   479    479  151.92   28.00   2      1897.37      1897.49
   480    480  151.92   26.00   2      1980.53      1980.56
   481    481  151.92   24.00   2      2069.86      2069.96
   482    482  151.92   22.00   2      2167.10      2167.17
   483    483  151.92   20.00   2      2273.06      2273.18
   484    484  151.92   18.00   2      2387.15      2387.56
   485    485  151.92   16.00   2      2512.81      2512.87
   486    486  151.92   14.00   2      2647.27      2647.58
   487    487  151.92   12.00   2      2791.88      2792.00
   488    488  151.92   10.00   2      2940.05      2940.29
   489    489  151.92    8.00   2      3086.96      3087.10
   490    490  151.92    6.00   2      3216.54      3216.79
   491    491  151.92    4.00   2      3296.53      3296.79
   492    492  151.92    2.00   2      3262.10      3261.00
   493    493  151.92    0.00   2      2986.80      2985.80
   494    494  153.92    0.00   2      2987.80      2989.40
   495    495  153.92    2.00   2      3252.10      3252.60
   496    496  153.92    4.00   2      3286.30      3285.90
   497    497  153.92    6.00   2      3210.50      3207.60
   498    498  153.92    8.00   2      3075.30      3074.00
   499    499  153.92   10.00   2      2931.40      2928.10
   500    500  153.92   12.00   2      2777.10      2776.10
   501    501  153.92   14.00   2      2630.59      2630.40
   502    502  153.92   16.00   2      2496.67      2496.56
   503    503  153.92   18.00   2      2372.18      2372.06
   504    504  153.92   20.00   2      2257.92      2257.50
   505    505  153.92   22.00   2      2152.08      2151.97
   506    506  153.92   24.00   2      2055.58      2055.41
   507    507  153.92   26.00   2      1966.00      1965.95
   508    508  153.92   28.00   2      1884.54      1884.40
   509    509  153.92   30.00   2      1808.21      1808.18
   510    510  153.92   32.00   2      1737.87      1737.81
   511    511  153.92   34.00   2      1672.78      1672.53
   512    512  153.92   36.00   2      1610.44      1610.41
   513    513  153.92   38.00   2      1552.42      1552.27
   514    514  153.92   40.00   2      1497.30      1497.25
   515    515  153.92   42.00   2      1445.30      1445.16
   516    516  153.92   44.00   2      1396.05      1395.79
   517    517  153.92   46.00   2      1347.78      1347.71
   518    518  153.92   48.00   2      1301.93      1301.74
   519    519  153.92   50.00   2      1256.89      1256.85
   520    520  153.92   52.00   2      1213.24      1213.07
   521    521  153.92   54.00   2      1169.38      1169.37
   522    522  153.92   56.00   2      1126.22      1126.09
   523    523  153.92   58.00   2      1082.32      1082.07
   524    524  153.92   60.00   2      1036.06      1035.86
   525    525  153.92   62.00   2       987.86       987.52
   526    526  153.92   64.00   2       933.60       933.31
   527    527  153.92   66.00   2       870.56       870.24
   528    528  153.92   68.00   2       794.28       793.02
   529    529  153.92   70.00   2       699.85       698.34
   530    530  155.92   70.00   2       660.84       658.21
   531    531  155.92   68.00   2       739.76       740.04
   532    532  155.92   66.00   2       824.80       825.97
   533    533  155.92   64.00   2       895.82       896.25
   534    534  155.92   62.00   2       956.71       956.89
   535    535  155.92   60.00   2      1010.16      1010.31
   536    536  155.92   58.00   2      1058.36      1058.65
   537    537  155.92   56.00   2      1104.95      1105.04
   538    538  155.92   54.00   2      1149.58      1149.77
   539    539  155.92   52.00   2      1193.70      1193.76
   540    540  155.92   50.00   2      1238.05      1238.12
   541    541  155.92   48.00   2      1283.29      1283.31
   542    542  155.92   46.00   2      1329.71      1329.77
   543    543  155.92   44.00   2      1377.34      1377.57
   544    544  155.92   42.00   2      1427.79      1427.85
   545    545  155.92   40.00   2      1479.52      1479.62
   546    546  155.92   38.00   2      1534.83      1534.94
   547    547  155.92   36.00   2      1593.05      1593.12
   548    548  155.92   34.00   2      1654.02      1654.07
   549    549  155.92   32.00   2      1719.62      1719.67
   550    550  155.92   30.00   2      1788.38      1788.63
   551    551  155.92   28.00   2      1863.75      1863.79
   552    552  155.92   26.00   2      1944.17      1944.45
   553    553  155.92   24.00   2      2032.20      2032.26
   554    554  155.92   22.00   2      2127.12      2127.27
   555    555  155.92   20.00   2      2230.67      2230.75
   556    556  155.92   18.00   2      2343.20      2343.34
   557    557  155.92   16.00   2      2465.71      2465.83
   558    558  155.92   14.00   2      2598.36      2598.54
   559    559  155.92   12.00   2      2740.19      2740.36
   560    560  155.92   10.00   2      2888.43      2888.62
   561    561  155.92    8.00   2      3037.33      3037.73
   562    562  155.92    6.00   2      3172.60      3172.79
   563    563  155.92    4.00   2      3264.00      3264.18
   564    564  155.92    2.00   2      3250.48      3250.47
   565    565  155.92    0.00   2      3016.57      3016.20
   566    566  157.92    0.00   2      3052.28      3052.53
   567    567  157.92    2.00   2      3241.17      3241.40
   568    568  157.92    4.00   2      3234.49      3234.47
   569    569  157.92    6.00   2      3134.53      3134.29
   570    570  157.92    8.00   2      2996.07      2995.88
   571    571  157.92   10.00   2      2845.72      2845.48
   572    572  157.92   12.00   2      2696.95      2696.78
   573    573  157.92   14.00   2      2555.65      2555.51
   574    574  157.92   16.00   2      2424.70      2424.32
   575    575  157.92   18.00   2      2303.13      2303.03
   576    576  157.92   20.00   2      2192.14      2191.88
   577    577  157.92   22.00   2      2089.97      2089.89
   578    578  157.92   24.00   2      1996.79      1996.63
   579    579  157.92   26.00   2      1911.38      1911.08
   580    580  157.92   28.00   2      1831.66      1831.60
   581    581  157.92   30.00   2      1758.47      1758.27
   582    582  157.92   32.00   2      1689.65      1689.62
   583    583  157.92   34.00   2      1626.00      1625.87
   584    584  157.92   36.00   2      1565.96      1565.71
   585    585  157.92   38.00   2      1508.85      1508.78
   586    586  157.92   40.00   2      1455.36      1455.18
   587    587  157.92   42.00   2      1403.80      1403.75
   588    588  157.92   44.00   2      1354.85      1354.71
   589    589  157.92   46.00   2      1308.00      1307.75
   590    590  157.92   48.00   2      1262.05      1261.95
   591    591  157.92   50.00   2      1217.65      1217.39
   592    592  157.92   52.00   2      1173.36      1173.24
   593    593  157.92   54.00   2      1129.89      1129.70
   594    594  157.92   56.00   2      1085.34      1085.22
   595    595  157.92   58.00   2      1039.44      1039.15
   596    596  157.92   60.00   2       990.47       990.30
   597    597  157.92   62.00   2       936.96       936.63
   598    598  157.92   64.00   2       875.10       873.79
   599    599  157.92   66.00   2       799.06       797.65
   600    600  157.92   68.00   2       708.41       705.78
   601    601  157.92   70.00   2       615.35       612.60
   602    602  159.92   70.00   2       542.35       540.76
   603    603  159.92   68.00   2       613.06       613.41
   604    604  159.92   66.00   2       696.63       697.70
   605    605  159.92   64.00   2       787.28       788.73
   606    606  159.92   62.00   2       867.03       868.36
   607    607  159.92   60.00   2       932.62       932.92
   608    608  159.92   58.00   2       989.80       990.04
   609    609  159.92   56.00   2      1040.46      1040.76
   610    610  159.92   54.00   2      1089.12      1089.20
   611    611  159.92   52.00   2      1135.21      1135.39
   612    612  159.92   50.00   2      1181.42      1181.45
   613    613  159.92   48.00   2      1227.20      1227.27
   614    614  159.92   46.00   2      1274.04      1274.06
   615    615  159.92   44.00   2      1321.48      1321.58
   616    616  159.92   42.00   2      1370.41      1370.63
   617    617  159.92   40.00   2      1422.17      1422.22
   618    618  159.92   38.00   2      1475.06      1475.20
   619    619  159.92   36.00   2      1531.32      1531.34
   620    620  159.92   34.00   2      1590.19      1590.35
   621    621  159.92   32.00   2      1653.28      1653.32
   622    622  159.92   30.00   2      1720.09      1720.20
   623    623  159.92   28.00   2      1792.02      1792.03
   624    624  159.92   26.00   2      1869.10      1869.12
   625    625  159.92   24.00   2      1951.75      1951.99
   626    626  159.92   22.00   2      2042.90      2042.95
   627    627  159.92   20.00   2      2141.03      2141.29
   628    628  159.92   18.00   2      2248.19      2248.28
   629    629  159.92   16.00   2      2365.15      2365.33
   630    630  159.92   14.00   2      2493.53      2493.64
   631    631  159.92   12.00   2      2630.38      2630.57
   632    632  159.92   10.00   2      2776.10      2776.25
   633    633  159.92    8.00   2      2925.83      2925.97
   634    634  159.92    6.00   2      3067.29      3068.45
   635    635  159.92    4.00   2      3180.98      3181.17
   636    636  159.92    2.00   2      3217.78      3217.84
   637    637  159.92    0.00   2      3091.95      3091.90
   638    638  161.92    0.00   2      3111.45      3111.35
   639    639  161.92    2.00   2      3174.41      3174.38
   640    640  161.92    4.00   2      3107.85      3107.76
   641    641  161.92    6.00   2      2982.65      2984.00
   642    642  161.92    8.00   2      2839.13      2839.02
   643    643  161.92   10.00   2      2688.38      2691.06
   644    644  161.92   12.00   2      2548.58      2548.52
   645    645  161.92   14.00   2      2393.61      2414.86
   646    646  161.92   16.00   2      2291.89      2291.80
   647    647  161.92   18.00   2      2129.28      2178.38
   648    648  161.92   20.00   2      2074.11      2074.10
   649    649  161.92   22.00   2      1979.78      1979.70
   650    650  161.92   24.00   2      1893.28      1893.25
   651    651  161.92   26.00   2      1813.20      1813.02
   652    652  161.92   28.00   2      1739.36      1739.08
   653    653  161.92   30.00   2      1669.36      1669.26
   654    654  161.92   32.00   2      1605.14      1604.85
   655    655  161.92   34.00   2      1543.43      1543.37
   656    656  161.92   36.00   2      1486.40      1486.24
   657    657  161.92   38.00   2      1431.72      1431.68
   658    658  161.92   40.00   2      1379.83      1379.69
   659    659  161.92   42.00   2      1330.42      1330.16
   660    660  161.92   44.00   2      1281.43      1281.35
   661    661  161.92   46.00   2      1234.84      1234.65
   662    662  161.92   48.00   2      1188.13      1187.95
   663    663  161.92   50.00   2      1142.33      1142.19
   664    664  161.92   52.00   2      1095.74      1095.70
   665    665  161.92   54.00   2      1049.14      1048.88
   666    666  161.92   56.00   2       998.85       998.68
   667    667  161.92   58.00   2       944.92       944.68
   668    668  161.92   60.00   2       884.15       882.86
   669    669  161.92   62.00   2       808.99       807.58
   670    670  161.92   64.00   2       718.26       715.96
   671    671  161.92   66.00   2       623.81       622.34
   672    672  161.92   68.00   2       536.51       533.85
   673    673  161.92   70.00   2       453.69       452.35
   674    674  163.92   70.00   2       356.25       354.91
   675    675  163.92   68.00   2       409.86       409.90
   676    676  163.92   66.00   2       476.21       477.56
   677    677  163.92   64.00   2       553.51       554.90
   678    678  163.92   62.00   2       640.98       642.21
   679    679  163.92   60.00   2       734.62       737.03
   680    680  163.92   58.00   2       830.07       832.57
   681    681  163.92   56.00   2       908.05       908.33
   682    682  163.92   54.00   2       972.34       972.63
   683    683  163.92   52.00   2      1028.36      1028.65
   684    684  163.92   50.00   2      1080.92      1080.99
   685    685  163.92   48.00   2      1130.62      1130.74
   686    686  163.92   46.00   2      1179.68      1179.70
   687    687  163.92   44.00   2      1228.29      1228.37
   688    688  163.92   42.00   2      1276.76      1276.95
   689    689  163.92   40.00   2      1327.32      1327.34
   690    690  163.92   38.00   2      1378.93      1379.37
   691    691  163.92   36.00   2      1433.00      1433.00
   692    692  163.92   34.00   2      1489.49      1489.53
   693    693  163.92   32.00   2      1548.86      1548.82
   694    694  163.92   30.00   2      1610.92      1611.16
   695    695  163.92   28.00   2      1678.42      1678.38
   696    696  163.92   26.00   2      1744.78      1750.06
   697    697  163.92   24.00   2      1826.85      1826.85
   698    698  163.92   22.00   2      1910.37      1910.33
   699    699  163.92   20.00   2      2000.58      2000.57
   700    700  163.92   18.00   2      2098.92      2098.90
   701    701  163.92   16.00   2      2205.89      2205.97
   702    702  163.92   14.00   2      2323.15      2323.08
   703    703  163.92   12.00   2      2442.44      2449.76
   704    704  163.92   10.00   2      2586.35      2586.36
   705    705  163.92    8.00   2      2708.35      2730.40
   706    706  163.92    6.00   2      2875.93      2876.04
   707    707  163.92    4.00   2      2961.21      3010.19
   708    708  163.92    2.00   2      3104.43      3104.44
   709    709  163.92    0.00   2      3104.18      3104.14
   710    710  165.92    0.00   2      3056.75      3056.71
   711    711  165.92    2.00   2      2969.81      3003.25
   712    712  165.92    4.00   2      2886.51      2886.45
   713    713  165.92    6.00   2      2684.15      2745.73
   714    714  165.92    8.00   2      2600.98      2600.96
   715    715  165.92   10.00   2      2461.96      2461.83
   716    716  165.92   12.00   2      2330.00      2331.66
   717    717  165.92   14.00   2      2211.51      2211.46
   718    718  165.92   16.00   2      2082.80      2101.40
   719    719  165.92   18.00   2      2000.25      2000.23
   720    720  165.92   20.00   2      1887.73      1907.51
   721    721  165.92   22.00   2      1822.31      1822.32
   722    722  165.92   24.00   2      1743.72      1743.61
   723    723  165.92   26.00   2      1670.41      1670.40
   724    724  165.92   28.00   2      1602.75      1602.66
   725    725  165.92   30.00   2      1537.78      1538.00
   726    726  165.92   32.00   2      1478.40      1478.37
   727    727  165.92   34.00   2      1412.19      1421.74
   728    728  165.92   36.00   2      1367.17      1367.11
   729    729  165.92   38.00   2      1288.72      1315.15
   730    730  165.92   40.00   2      1264.40      1264.41
   731    731  165.92   42.00   2      1215.60      1215.49
   732    732  165.92   44.00   2      1167.56      1167.28
   733    733  165.92   46.00   2      1118.00      1117.86
   734    734  165.92   48.00   2      1068.33      1068.07
   735    735  165.92   50.00   2      1014.87      1014.70
   736    736  165.92   52.00   2       958.12       957.68
   737    737  165.92   54.00   2       892.91       892.64
   738    738  165.92   56.00   2       813.59       812.12
   739    739  165.92   58.00   2       715.94       713.88
   740    740  165.92   60.00   2       616.83       614.23
   741    741  165.92   62.00   2       525.56       523.19
   742    742  165.92   64.00   2       441.85       439.54
   743    743  165.92   66.00   2       368.68       367.09
   744    744  165.92   68.00   2       304.15       302.90
   745    745  165.92   70.00   2       249.24       247.77
   746    746  167.92   70.00   2       164.30       162.82
   747    747  167.92   68.00   2       189.37       189.38
   748    748  167.92   66.00   2       226.57       226.69
   749    749  167.92   64.00   2       273.78       275.06
   750    750  167.92   62.00   2       332.43       332.70
   751    751  167.92   60.00   2       400.86       403.07
   752    752  167.92   58.00   2       481.95       483.32
   753    753  167.92   56.00   2       572.86       575.22
   754    754  167.92   54.00   2       677.15       678.45
   755    755  167.92   52.00   2       788.09       789.50
   756    756  167.92   50.00   2       884.37       885.78
   757    757  167.92   48.00   2       954.61       962.85
   758    758  167.92   46.00   2      1025.40      1025.53
   759    759  167.92   44.00   2      1061.30      1082.36
   760    760  167.92   42.00   2      1135.50      1135.56
   761    761  167.92   40.00   2      1187.49      1187.47
   762    762  167.92   38.00   2      1237.29      1238.68
   763    763  167.92   36.00   2      1290.96      1290.94
   764    764  167.92   34.00   2      1342.19      1344.48
   765    765  167.92   32.00   2      1399.67      1399.66
   766    766  167.92   30.00   2      1450.50      1457.86
   767    767  167.92   28.00   2      1518.99      1519.06
   768    768  167.92   26.00   2      1561.99      1584.38
   769    769  167.92   24.00   2      1653.30      1653.35
   770    770  167.92   22.00   2      1697.97      1727.73
   771    771  167.92   20.00   2      1807.41      1807.45
   772    772  167.92   18.00   2      1894.10      1894.06
   773    773  167.92   16.00   2      1987.80      1987.82
   774    774  167.92   14.00   2      2090.38      2090.35
   775    775  167.92   12.00   2      1465.88      1465.90
   776    776  167.92   10.00   2      2322.98      2323.02
   777    777  167.92    8.00   2      2433.67      2453.58
   778    778  167.92    6.00   2      2591.74      2591.83
   779    779  167.92    4.00   2      2733.75      2733.72
   780    780  167.92    2.00   2      2865.38      2865.47
   781    781  167.92    0.00   2      2961.27      2961.28
   782    782  169.92    0.00   2      2811.57      2811.52
   783    783  169.92    2.00   2      2688.54      2688.40
   784    784  169.92    4.00   2      2550.49      2550.42
   785    785  169.92    6.00   2      2412.79      2412.69
   786    786  169.92    8.00   2      2275.58      2281.42
   787    787  169.92   10.00   2      2160.95      2160.85
   788    788  169.92   12.00   2      2044.31      2049.50
   789    789  169.92   14.00   2      1947.00      1946.98
   790    790  169.92   16.00   2      1836.60      1853.10
   791    791  169.92   18.00   2      1766.74      1766.68
   792    792  169.92   20.00   2      1668.51      1686.95
   793    793  169.92   22.00   2      1612.69      1612.67
   794    794  169.92   24.00   2      1527.41      1543.82
   795    795  169.92   26.00   2      1478.97      1479.00
   796    796  169.92   28.00   2      1386.55      1418.10
   797    797  169.92   30.00   2      1360.16      1360.19
   798    798  169.92   32.00   2      1304.69      1304.55
   799    799  169.92   34.00   2      1250.75      1250.75
   800    800  169.92   36.00   2      1198.04      1197.97
   801    801  169.92   38.00   2      1143.76      1145.62
   802    802  169.92   40.00   2      1092.71      1092.70
   803    803  169.92   42.00   2      1028.58      1037.16
   804    804  169.92   44.00   2       976.77       976.65
   805    805  169.92   46.00   2       897.95       907.96
   806    806  169.92   48.00   2       821.98       821.74
   807    807  169.92   50.00   2       709.83       708.84
   808    808  169.92   52.00   2       595.96       595.86
   809    809  169.92   54.00   2       493.25       491.98
   810    810  169.92   56.00   2       406.60       405.25
   811    811  169.92   58.00   2       328.51       327.09
   812    812  169.92   60.00   2       262.57       261.24
   813    813  169.92   62.00   2       209.40       208.04
   814    814  169.92   64.00   2       169.24       168.93
   815    815  169.92   66.00   2       141.60       141.55
   816    816  169.92   68.00   2       126.71       126.33
   817    817  169.92   70.00   2       118.51       118.30
   818    818  171.92   70.00   2       115.61       115.46
   819    819  171.92   68.00   2       115.22       115.21
   820    820  171.92   66.00   2       115.30       115.31
   821    821  171.92   64.00   2       115.64       115.78
   822    822  171.92   62.00   2       121.82       121.97
   823    823  171.92   60.00   2       135.29       135.35
   824    824  171.92   58.00   2       160.11       160.14
   825    825  171.92   56.00   2       200.19       200.29
   826    826  171.92   54.00   2       255.62       255.87
   827    827  171.92   52.00   2       325.35       327.15
   828    828  171.92   50.00   2       412.72       413.02
   829    829  171.92   48.00   2       506.57       512.33
   830    830  171.92   46.00   2       623.30       624.90
   831    831  171.92   44.00   2       727.05       744.61
   832    832  171.92   42.00   2       856.29       858.26
   833    833  171.92   40.00   2       944.44       944.67
   834    834  171.92   38.00   2      1007.06      1014.73
   835    835  171.92   36.00   2      1076.09      1076.21
   836    836  171.92   34.00   2      1122.13      1134.33
   837    837  171.92   32.00   2      1190.17      1190.17
   838    838  171.92   30.00   2      1225.14      1246.52
   839    839  171.92   28.00   2      1303.28      1303.23
   840    840  171.92   26.00   2      1333.04      1361.89
   841    841  171.92   24.00   2      1423.00      1423.01
   842    842  171.92   22.00   2      1487.36      1487.32
   843    843  171.92   20.00   2      1554.55      1554.76
   844    844  171.92   18.00   2      1626.38      1628.32
   845    845  171.92   16.00   2      1705.54      1706.58
   846    846  171.92   14.00   2      1777.71      1791.11
   847    847  171.92   12.00   2      1880.25      1883.01
   848    848  171.92   10.00   2      1940.60      1982.82
   849    849  171.92    8.00   2      2085.76      2091.33
   850    850  171.92    6.00   2      2209.03      2209.04
   851    851  171.92    4.00   2      2325.47      2336.00
   852    852  171.92    2.00   2      2469.25      2469.23
   853    853  171.92    0.00   2      2601.36      2601.42
   854    854  173.92    0.00   2      2336.70      2336.57
   855    855  173.92    2.00   2      2209.70      2209.95
   856    856  173.92    4.00   2      2044.66      2089.78
   857    857  173.92    6.00   2      1977.91      1977.91
   858    858  173.92    8.00   2      1841.24      1874.94
   859    859  173.92   10.00   2      1780.53      1780.55
   860    860  173.92   12.00   2      1670.68      1693.29
   861    861  173.92   14.00   2      1605.55      1612.57
   862    862  173.92   16.00   2      1530.97      1537.74
   863    863  173.92   18.00   2      1461.57      1467.99
   864    864  173.92   20.00   2      1407.00      1401.86
   865    865  173.92   22.00   2      1333.56      1339.70
   866    866  173.92   24.00   2      1299.34      1279.88
   867    867  173.92   26.00   2      1214.31      1222.13
   868    868  173.92   28.00   2      1164.66      1164.61
   869    869  173.92   30.00   2      1096.84      1107.28
   870    870  173.92   32.00   2      1046.98      1046.94
   871    871  173.92   34.00   2       975.92       982.22
   872    872  173.92   36.00   2       907.87       907.75
   873    873  173.92   38.00   2       826.43       814.29
   874    874  173.92   40.00   2       693.98       692.68
   875    875  173.92   42.00   2       574.09       572.74
   876    876  173.92   44.00   2       465.11       463.80
   877    877  173.92   46.00   2       367.34       366.98
   878    878  173.92   48.00   2       282.84       281.50
   879    879  173.92   50.00   2       214.48       214.39
   880    880  173.92   52.00   2       163.91       163.71
   881    881  173.92   54.00   2       133.97       133.83
   882    882  173.92   56.00   2       119.52       119.49
   883    883  173.92   58.00   2       115.57       115.51
   884    884  173.92   60.00   2       115.21       115.21
   885    885  173.92   62.00   2       115.24       115.17
   886    886  173.92   64.00   2       115.06       115.05
   887    887  173.92   66.00   2       115.02       115.00
   889    889  175.92   64.00   2       114.93       114.94
   890    890  175.92   62.00   2       114.85       114.88
   891    891  175.92   60.00   2       115.08       115.02
   892    892  175.92   58.00   2       115.09       115.05
   893    893  175.92   56.00   2       115.05       115.01
   894    894  175.92   54.00   2       116.02       115.68
   895    895  175.92   52.00   2       115.16       115.14
   896    896  175.92   50.00   2       115.56       115.50
   897    897  175.92   48.00   2       122.19       122.18
   898    898  175.92   46.00   2       141.08       141.01
   899    899  175.92   44.00   2       176.75       176.74
   900    900  175.92   42.00   2       231.39       231.44
   901    901  175.92   40.00   2       304.44       304.42
   902    902  175.92   38.00   2       393.19       393.45
   903    903  175.92   36.00   2       498.06       498.13
   904    904  175.92   34.00   2       616.67       618.24
   905    905  175.92   32.00   2       749.70       750.89
   906    906  175.92   30.00   2       873.34       874.53
   907    907  175.92   28.00   2       962.86       964.08
   908    908  175.92   26.00   2      1037.28      1037.41
   909    909  175.92   24.00   2      1102.99      1102.97
   910    910  175.92   22.00   2      1164.65      1164.72
   911    911  175.92   20.00   2      1238.82      1225.82
   912    912  175.92   18.00   2      1287.60      1287.68
   913    913  175.92   16.00   2      1350.96      1350.97
   914    914  175.92   14.00   2      1413.20      1417.33
   915    915  175.92   12.00   2      1487.15      1487.19
   916    916  175.92   10.00   2      1556.98      1562.10
   917    917  175.92    8.00   2      1641.66      1641.70
   918    918  175.92    6.00   2      1724.71      1728.09
   919    919  175.92    4.00   2      1820.59      1820.62
   920    920  175.92    2.00   2      1933.60      1920.68
   921    921  175.92    0.00   2      2027.16      2027.22
   922    922  177.92    0.00   2      1695.18      1692.87
   923    923  177.92    2.00   2      1609.06      1609.05
   924    924  177.92    4.00   2      1554.76      1530.26
   925    925  177.92    6.00   2      1456.16      1456.12
   926    926  177.92    8.00   2      1386.06      1386.00
   927    927  177.92   10.00   2      1319.21      1319.32
   928    928  177.92   12.00   2      1256.22      1256.13
   929    929  177.92   14.00   2      1195.97      1193.95
   930    930  177.92   16.00   2      1131.57      1131.54
   931    931  177.92   18.00   2      1075.76      1068.05
   932    932  177.92   20.00   2       999.92       999.88
   933    933  177.92   22.00   2       922.78       922.54
   934    934  177.92   24.00   2       824.23       823.95
   935    935  177.92   26.00   2       692.35       690.94
   936    936  177.92   28.00   2       563.36       562.09
   937    937  177.92   30.00   2       444.40       442.94
   938    938  177.92   32.00   2       343.36       340.71
   939    939  177.92   34.00   2       254.13       252.87
   940    940  177.92   36.00   2       187.31       187.05
   941    941  177.92   38.00   2       144.18       144.14
   942    942  177.92   40.00   2       122.59       122.52
   943    943  177.92   42.00   2       115.52       115.52
   944    944  177.92   44.00   2       115.36       115.31
   945    945  177.92   46.00   2       115.12       115.12
   946    946  177.92   48.00   2       115.17       115.11
   947    947  177.92   50.00   2       115.02       115.01
   948    948  177.92   52.00   2       115.10       115.05
   949    949  177.92   54.00   2       115.29       115.18
   950    950  177.92   56.00   2       115.01       114.97
   951    951  177.92   58.00   2       115.04       114.98
   952    952  177.92   60.00   2       114.93       114.92
   964    964  179.92   56.00   2       114.90       114.88
   965    965  179.92   54.00   2       114.94       114.90
   966    966  179.92   52.00   2       114.92       114.89
   967    967  179.92   50.00   2       114.99       114.92
   968    968  179.92   48.00   2       114.94       114.92
   969    969  179.92   46.00   2       115.01       114.95
   970    970  179.92   44.00   2       114.91       114.90
   971    971  179.92   42.00   2       114.99       114.94
   972    972  179.92   40.00   2       116.90       114.98
   973    973  179.92   38.00   2       114.97       114.95
   974    974  179.92   36.00   2       115.05       115.00
   975    975  179.92   34.00   2       115.06       115.04
   976    976  179.92   32.00   2       115.41       115.36
   977    977  179.92   30.00   2       121.03       121.00
   978    978  179.92   28.00   2       141.32       141.30
   979    979  179.92   26.00   2       184.02       183.78
   980    980  179.92   24.00   2       248.34       248.43
   981    981  179.92   22.00   2       341.41       334.18
   982    982  179.92   20.00   2       438.15       438.46
   983    983  179.92   18.00   2       559.52       560.94
   984    984  179.92   16.00   2       695.55       695.79
   985    985  179.92   14.00   2       836.81       838.12
   986    986  179.92   12.00   2       941.66       941.71
   987    987  179.92   10.00   2      1022.99      1023.06
   988    988  179.92    8.00   2      1092.69      1092.81
   989    989  179.92    6.00   2      1158.09      1158.15
   990    990  179.92    4.00   2      1220.53      1220.55
   991    991  179.92    2.00   2      1282.48      1282.48
   992    992  179.92    0.00   2      1347.27      1344.90
   993    993  181.92    0.00   2       915.37       914.08
   994    994  181.92    2.00   2       816.96       815.38
   995    995  181.92    4.00   2       686.02       684.83
   996    996  181.92    6.00   2       561.75       558.75
   997    997  181.92    8.00   2       442.91       441.53
   998    998  181.92   10.00   2       345.64       339.62
   999    999  181.92   12.00   2       252.02       251.74
  1000   1000  181.92   14.00   2       184.44       184.12
  1001   1001  181.92   16.00   2       140.74       140.67
  1002   1002  181.92   18.00   2       120.47       120.40
  1003   1003  181.92   20.00   2       115.42       115.41
  1004   1004  181.92   22.00   2       115.28       115.22
  1005   1005  181.92   24.00   2       115.28       115.20
  1006   1006  181.92   26.00   2       115.04       115.03
  1007   1007  181.92   28.00   2       116.77       115.07
  1008   1008  181.92   30.00   2       114.98       114.96
  1009   1009  181.92   32.00   2       115.04       114.99
  1010   1010  181.92   34.00   2       114.98       114.95
  1011   1011  181.92   36.00   2       115.03       114.96
  1012   1012  181.92   38.00   2       114.95       114.92
  1013   1013  181.92   40.00   2       114.98       114.92
  1014   1014  181.92   42.00   2       115.71       115.41
  1015   1015  181.92   44.00   2       114.89       114.87
  1016   1016  181.92   46.00   2       114.96       114.90
  1017   1017  181.92   48.00   2       114.86       114.85
  1018   1018  181.92   50.00   2       114.93       114.87
  1042   1042  183.92   44.00   2       114.91       114.85
  1043   1043  183.92   42.00   2       115.24       115.08
  1044   1044  183.92   40.00   2       114.83       114.80
  1045   1045  183.92   38.00   2       117.37       114.90
  1046   1046  183.92   36.00   2       114.78       114.78
  1047   1047  183.92   34.00   2       114.92       114.86
  1048   1048  183.92   32.00   2       114.82       114.83
  1049   1049  183.92   30.00   2       114.93       114.86
  1050   1050  183.92   28.00   2       114.87       114.84
  1051   1051  183.92   26.00   2       114.99       114.92
  1052   1052  183.92   24.00   2       115.34       115.17
  1053   1053  183.92   22.00   2       114.96       114.91
  1054   1054  183.92   20.00   2       114.99       114.92
  1055   1055  183.92   18.00   2       114.89       114.89
  1056   1056  183.92   16.00   2       115.00       114.94
  1057   1057  183.92   14.00   2       114.97       114.94
  1058   1058  183.92   12.00   2       115.04       114.98
  1059   1059  183.92   10.00   2       114.98       114.97
  1060   1060  183.92    8.00   2       115.09       115.02
  1061   1061  183.92    6.00   2       115.02       115.00
  1062   1062  183.92    4.00   2       115.15       115.08
  1063   1063  183.92    2.00   2       115.14       115.12
  1064   1064  183.92    0.00   2       115.26       115.21
  1065   1065  185.92    0.00   2       114.80       114.84
  1066   1066  185.92    2.00   2       115.02       114.96
  1067   1067  185.92    4.00   2       114.92       114.92
  1068   1068  185.92    6.00   2       115.01       114.96
  1069   1069  185.92    8.00   2       115.16       115.06
  1070   1070  185.92   10.00   2       114.98       114.93
  1071   1071  185.92   12.00   2       117.60       114.94
  1072   1072  185.92   14.00   2       114.83       114.83
  1073   1073  185.92   16.00   2       115.00       114.92
  1074   1074  185.92   18.00   2       114.87       114.85
  1075   1075  185.92   20.00   2       114.97       114.88
  1076   1076  185.92   22.00   2       114.87       114.85
  1077   1077  185.92   24.00   2       114.92       114.87
  1078   1078  185.92   26.00   2       114.82       114.81
  1079   1079  185.92   28.00   2       114.91       114.85
  1080   1080  185.92   30.00   2       115.39       115.18
  1081   1081  185.92   32.00   2       114.82       114.79
  1082   1082  185.92   34.00   2       116.59       114.88
  1083   1083  185.92   36.00   2       114.83       114.79
  1123   1123  187.92   26.00   2       114.93       114.87
  1124   1124  187.92   24.00   2       114.79       114.78
  1125   1125  187.92   22.00   2       114.89       114.83
  1126   1126  187.92   20.00   2       115.02       114.94
  1127   1127  187.92   18.00   2       114.86       114.81
  1128   1128  187.92   16.00   2       114.90       114.83
  1129   1129  187.92   14.00   2       114.88       114.85
  1130   1130  187.92   12.00   2       114.96       114.89
  1131   1131  187.92   10.00   2       114.84       114.83
  1132   1132  187.92    8.00   2       114.99       114.92
  1133   1133  187.92    6.00   2       114.88       114.86
  1134   1134  187.92    4.00   2       114.95       114.90
  1135   1135  187.92    2.00   2       114.94       114.91
  1136   1136  187.92    0.00   2       114.94       114.88
  1137   1137  189.92    0.00   2       114.75       114.76
  1138   1138  189.92    2.00   2       114.95       114.89
  1139   1139  189.92    4.00   2       114.88       114.86
# END: scan time was  11518.8874631  seconds
