# Sensor scan measurement of Sensor IR2
# Iin=    34.79 mA ,  Vin= 12140.80 mV, T=    18.12 C 
# scanRangeX 151.50 mm; scanRangeY  70.00 mm; stepSize   2.00 mm; initialOffset   4.00 mm; sensorX 195.50 mm; start position at (x|y)=(119.92|  0.00) mm
# iStep, iStep, Pos x, Pos y, nMeas, Meas1 ... MeasN
   638    638  161.92    0.00   2       112.32       112.26
   639    639  161.92    2.00   2       112.13       112.15
   640    640  161.92    4.00   2       112.29       112.25
   641    641  161.92    6.00   2       112.13       112.16
   642    642  161.92    8.00   2       112.25       112.23
   643    643  161.92   10.00   2       112.11       112.13
   644    644  161.92   12.00   2       112.21       112.21
   645    645  161.92   14.00   2       112.13       112.16
   646    646  161.92   16.00   2       112.14       112.14
   647    647  161.92   18.00   2       112.09       112.11
   648    648  161.92   20.00   2       112.08       112.10
   649    649  161.92   22.00   2       112.12       112.13
   692    692  163.92   34.00   2       112.13       112.13
   693    693  163.92   32.00   2       112.09       112.11
   694    694  163.92   30.00   2       112.10       112.11
   695    695  163.92   28.00   2       112.13       112.15
   696    696  163.92   26.00   2       112.12       112.14
   697    697  163.92   24.00   2       112.25       112.26
   698    698  163.92   22.00   2       112.25       112.30
   699    699  163.92   20.00   2       116.71       116.64
   700    700  163.92   18.00   2       136.37       136.43
   701    701  163.92   16.00   2       188.25       188.42
   702    702  163.92   14.00   2       241.58       241.88
   703    703  163.92   12.00   2       276.66       276.91
   704    704  163.92   10.00   2       309.20       309.42
   705    705  163.92    8.00   2       356.01       356.34
   706    706  163.92    6.00   2       410.88       412.14
   707    707  163.92    4.00   2       474.26       474.32
   708    708  163.92    2.00   2       537.05       538.31
   709    709  163.92    0.00   2       595.40       596.65
   710    710  165.92    0.00   2      1310.19      1311.67
   711    711  165.92    2.00   2      1271.91      1272.03
   712    712  165.92    4.00   2      1227.03      1227.02
   713    713  165.92    6.00   2      1178.75      1178.76
   714    714  165.92    8.00   2      1130.04      1130.00
   715    715  165.92   10.00   2      1081.09      1081.07
   716    716  165.92   12.00   2      1032.90      1032.85
   717    717  165.92   14.00   2       979.18       979.07
   718    718  165.92   16.00   2       901.58       901.42
   719    719  165.92   18.00   2       781.34       780.09
   720    720  165.92   20.00   2       640.37       638.99
   721    721  165.92   22.00   2       513.82       511.52
   722    722  165.92   24.00   2       400.46       399.13
   723    723  165.92   26.00   2       301.62       300.30
   724    724  165.92   28.00   2       220.56       219.27
   725    725  165.92   30.00   2       162.06       161.83
   726    726  165.92   32.00   2       129.11       129.05
   727    727  165.92   34.00   2       115.70       115.71
   728    728  165.92   36.00   2       112.43       112.47
   729    729  165.92   38.00   2       112.28       112.30
   730    730  165.92   40.00   2       112.28       112.29
   731    731  165.92   42.00   2       112.17       112.19
   757    757  167.92   48.00   2       112.18       112.19
   758    758  167.92   46.00   2       112.35       112.36
   759    759  167.92   44.00   2       114.65       114.67
   760    760  167.92   42.00   2       124.81       124.78
   761    761  167.92   40.00   2       149.16       149.26
   762    762  167.92   38.00   2       194.90       195.04
   763    763  167.92   36.00   2       261.67       262.69
   764    764  167.92   34.00   2       347.51       348.72
   765    765  167.92   32.00   2       451.41       452.59
   766    766  167.92   30.00   2       571.01       572.36
   767    767  167.92   28.00   2       704.13       705.31
   768    768  167.92   26.00   2       838.60       839.75
   769    769  167.92   24.00   2       937.99       939.39
   770    770  167.92   22.00   2      1015.18      1015.40
   771    771  167.92   20.00   2      1082.36      1082.50
   772    772  167.92   18.00   2      1144.57      1144.73
   773    773  167.92   16.00   2      1208.56      1208.68
   774    774  167.92   14.00   2      1270.49      1270.59
   775    775  167.92   12.00   2      1325.80      1325.88
   776    776  167.92   10.00   2      1381.09      1381.14
   777    777  167.92    8.00   2      1438.97      1439.02
   778    778  167.92    6.00   2      1499.58      1499.63
   779    779  167.92    4.00   2      1562.38      1562.46
   780    780  167.92    2.00   2      1626.04      1626.04
   781    781  167.92    0.00   2      1689.19      1689.27
   782    782  169.92    0.00   2      2015.85      2016.04
   783    783  169.92    2.00   2      1935.44      1935.43
   784    784  169.92    4.00   2      1887.49      1854.02
   785    785  169.92    6.00   2      1773.93      1773.94
   786    786  169.92    8.00   2      1717.19      1697.42
   787    787  169.92   10.00   2      1625.18      1625.14
   788    788  169.92   12.00   2      1556.81      1556.74
   789    789  169.92   14.00   2      1490.52      1490.50
   790    790  169.92   16.00   2      1423.33      1423.28
   791    791  169.92   18.00   2      1360.67      1360.64
   792    792  169.92   20.00   2      1300.65      1300.61
   793    793  169.92   22.00   2      1242.05      1242.02
   794    794  169.92   24.00   2      1183.80      1183.71
   795    795  169.92   26.00   2      1125.20      1125.13
   796    796  169.92   28.00   2      1065.04      1065.00
   797    797  169.92   30.00   2      1001.40      1001.34
   798    798  169.92   32.00   2       930.05       929.87
   799    799  169.92   34.00   2       843.53       842.20
   800    800  169.92   36.00   2       725.69       724.33
   801    801  169.92   38.00   2       597.95       596.68
   802    802  169.92   40.00   2       480.27       478.89
   803    803  169.92   42.00   2       375.67       374.33
   804    804  169.92   44.00   2       285.40       284.11
   805    805  169.92   46.00   2       212.79       211.48
   806    806  169.92   48.00   2       160.66       160.49
   807    807  169.92   50.00   2       130.01       129.97
   808    808  169.92   52.00   2       116.88       116.80
   809    809  169.92   54.00   2       112.54       112.57
   824    824  171.92   58.00   2       119.76       119.78
   825    825  171.92   56.00   2       134.69       134.69
   826    826  171.92   54.00   2       163.96       164.06
   827    827  171.92   52.00   2       211.72       212.03
   828    828  171.92   50.00   2       276.81       277.98
   829    829  171.92   48.00   2       358.52       358.58
   830    830  171.92   46.00   2       453.57       453.74
   831    831  171.92   44.00   2       562.06       563.23
   832    832  171.92   42.00   2       683.19       684.62
   833    833  171.92   40.00   2       810.76       812.12
   834    834  171.92   38.00   2       911.06       912.28
   835    835  171.92   36.00   2       975.07       988.56
   836    836  171.92   34.00   2      1054.41      1054.61
   837    837  171.92   32.00   2      1093.71      1115.08
   838    838  171.92   30.00   2      1172.95      1173.04
   839    839  171.92   28.00   2      1209.83      1230.28
   840    840  171.92   26.00   2      1288.03      1288.10
   841    841  171.92   24.00   2      1328.65      1346.81
   842    842  171.92   22.00   2      1408.00      1408.04
   843    843  171.92   20.00   2      1464.15      1471.24
   844    844  171.92   18.00   2      1537.39      1537.44
   845    845  171.92   16.00   2      1617.61      1607.17
   846    846  171.92   14.00   2      1682.00      1682.04
   847    847  171.92   12.00   2      1760.75      1760.82
   848    848  171.92   10.00   2      1802.32      1842.72
   849    849  171.92    8.00   2      1929.98      1930.06
   850    850  171.92    6.00   2      1985.80      2022.31
   851    851  171.92    4.00   2      2118.57      2118.70
   852    852  171.92    2.00   2      2194.21      2217.19
   853    853  171.92    0.00   2      2315.18      2315.27
   854    854  173.92    0.00   2      2575.45      2575.71
   855    855  173.92    2.00   2      2471.89      2471.80
   856    856  173.92    4.00   2      2361.17      2361.12
   857    857  173.92    6.00   2      2250.41      2250.35
   858    858  173.92    8.00   2      2143.64      2143.55
   859    859  173.92   10.00   2      2042.07      2041.95
   860    860  173.92   12.00   2      1946.73      1946.66
   861    861  173.92   14.00   2      1856.43      1856.39
   862    862  173.92   16.00   2      1772.44      1772.40
   863    863  173.92   18.00   2      1694.10      1694.05
   864    864  173.92   20.00   2      1620.63      1620.59
   865    865  173.92   22.00   2      1551.26      1551.23
   866    866  173.92   24.00   2      1485.75      1485.71
   867    867  173.92   26.00   2      1423.63      1423.58
   868    868  173.92   28.00   2      1364.49      1364.48
   869    869  173.92   30.00   2      1307.43      1307.35
   870    870  173.92   32.00   2      1252.00      1252.03
   871    871  173.92   34.00   2      1197.89      1197.82
   872    872  173.92   36.00   2      1143.79      1143.74
   873    873  173.92   38.00   2      1089.02      1088.94
   874    874  173.92   40.00   2      1031.72      1031.69
   875    875  173.92   42.00   2       970.58       970.39
   876    876  173.92   44.00   2       900.23       900.02
   877    877  173.92   46.00   2       814.31       812.92
   878    878  173.92   48.00   2       699.30       698.03
   879    879  173.92   50.00   2       583.15       581.85
   880    880  173.92   52.00   2       475.67       474.48
   881    881  173.92   54.00   2       379.65       379.45
   882    882  173.92   56.00   2       297.32       297.14
   883    883  173.92   58.00   2       229.54       228.18
   884    884  173.92   60.00   2       177.60       177.27
   885    885  173.92   62.00   2       143.26       143.15
   888    888  175.92   66.00   2       160.04       160.09
   889    889  175.92   64.00   2       196.08       196.36
   890    890  175.92   62.00   2       246.91       247.11
   891    891  175.92   60.00   2       310.45       311.62
   892    892  175.92   58.00   2       386.80       387.95
   893    893  175.92   56.00   2       476.02       476.21
   894    894  175.92   54.00   2       576.52       577.81
   895    895  175.92   52.00   2       686.82       689.16
   896    896  175.92   50.00   2       804.32       805.55
   897    897  175.92   48.00   2       897.59       898.00
   898    898  175.92   46.00   2       970.10       970.36
   899    899  175.92   44.00   2      1033.23      1033.38
   900    900  175.92   42.00   2      1090.34      1090.51
   901    901  175.92   40.00   2      1144.64      1144.71
   902    902  175.92   38.00   2      1198.00      1198.06
   903    903  175.92   36.00   2      1251.17      1251.27
   904    904  175.92   34.00   2      1305.40      1305.48
   905    905  175.92   32.00   2      1361.09      1361.16
   906    906  175.92   30.00   2      1418.63      1418.64
   907    907  175.92   28.00   2      1478.76      1478.84
   908    908  175.92   26.00   2      1542.02      1542.11
   909    909  175.92   24.00   2      1608.77      1608.78
   910    910  175.92   22.00   2      1679.39      1679.47
   911    911  175.92   20.00   2      1754.67      1754.74
   912    912  175.92   18.00   2      1835.44      1835.49
   913    913  175.92   16.00   2      1921.83      1921.90
   914    914  175.92   14.00   2      2014.19      2014.30
   915    915  175.92   12.00   2      2113.85      2113.91
   916    916  175.92   10.00   2      2219.79      2219.88
   917    917  175.92    8.00   2      2332.12      2332.14
   918    918  175.92    6.00   2      2449.40      2449.50
   919    919  175.92    4.00   2      2569.08      2569.22
   920    920  175.92    2.00   2      2685.72      2685.79
   921    921  175.92    0.00   2      2788.74      2788.86
   922    922  177.92    0.00   2      2945.78      2948.64
   923    923  177.92    2.00   2      2868.31      2868.24
   924    924  177.92    4.00   2      2755.72      2755.63
   925    925  177.92    6.00   2      2631.55      2631.46
   926    926  177.92    8.00   2      2505.63      2505.54
   927    927  177.92   10.00   2      2383.25      2383.18
   928    928  177.92   12.00   2      2266.92      2266.80
   929    929  177.92   14.00   2      2157.77      2157.71
   930    930  177.92   16.00   2      2056.51      2056.43
   931    931  177.92   18.00   2      1962.24      1962.17
   932    932  177.92   20.00   2      1874.64      1874.58
   933    933  177.92   22.00   2      1793.04      1793.02
   934    934  177.92   24.00   2      1716.95      1716.89
   935    935  177.92   26.00   2      1645.58      1645.60
   936    936  177.92   28.00   2      1579.00      1578.94
   937    937  177.92   30.00   2      1516.02      1516.00
   938    938  177.92   32.00   2      1456.42      1456.34
   939    939  177.92   34.00   2      1399.60      1399.54
   940    940  177.92   36.00   2      1344.76      1344.73
   941    941  177.92   38.00   2      1292.00      1291.94
   942    942  177.92   40.00   2      1240.55      1240.50
   943    943  177.92   42.00   2      1190.00      1189.95
   944    944  177.92   44.00   2      1139.47      1139.42
   945    945  177.92   46.00   2      1088.49      1088.35
   946    946  177.92   48.00   2      1035.46      1035.48
   947    947  177.92   50.00   2       978.75       978.56
   948    948  177.92   52.00   2       915.39       915.23
   949    949  177.92   54.00   2       840.03       838.89
   950    950  177.92   56.00   2       741.25       739.91
   951    951  177.92   58.00   2       631.60       630.45
   952    952  177.92   60.00   2       530.82       529.33
   953    953  177.92   62.00   2       438.57       437.13
   954    954  177.92   64.00   2       361.76       360.28
   955    955  177.92   66.00   2       292.66       291.20
   956    956  177.92   68.00   2       235.23       233.87
   957    957  179.92   70.00   2       287.36       287.17
   958    958  179.92   68.00   2       342.61       342.80
   959    959  179.92   66.00   2       409.13       410.32
   960    960  179.92   64.00   2       486.55       487.87
   961    961  179.92   62.00   2       575.14       576.40
   962    962  179.92   60.00   2       672.68       675.02
   963    963  179.92   58.00   2       778.93       780.31
   964    964  179.92   56.00   2       871.04       872.27
   965    965  179.92   54.00   2       945.11       945.24
   966    966  179.92   52.00   2      1006.88      1007.05
   967    967  179.92   50.00   2      1062.12      1062.23
   968    968  179.92   48.00   2      1114.46      1114.50
   969    969  179.92   46.00   2      1164.66      1164.79
   970    970  179.92   44.00   2      1214.72      1214.82
   971    971  179.92   42.00   2      1264.98      1265.01
   972    972  179.92   40.00   2      1316.14      1316.20
   973    973  179.92   38.00   2      1368.91      1368.90
   974    974  179.92   36.00   2      1423.06      1423.17
   975    975  179.92   34.00   2      1480.06      1480.07
   976    976  179.92   32.00   2      1539.51      1539.57
   977    977  179.92   30.00   2      1602.51      1602.52
   978    978  179.92   28.00   2      1669.08      1669.17
   979    979  179.92   26.00   2      1740.24      1740.23
   980    980  179.92   24.00   2      1815.75      1815.80
   981    981  179.92   22.00   2      1896.68      1896.74
   982    982  179.92   20.00   2      1983.94      1984.03
   983    983  179.92   18.00   2      2078.05      2078.13
   984    984  179.92   16.00   2      2179.20      2179.26
   985    985  179.92   14.00   2      2288.01      2288.13
   986    986  179.92   12.00   2      2405.22      2405.31
   987    987  179.92   10.00   2      1065.17      1065.38
   988    988  179.92    8.00   2      2659.18      2659.31
   989    989  179.92    6.00   2      2790.33      2790.47
   990    990  179.92    4.00   2      2914.74      2914.88
   991    991  179.92    2.00   2      3017.56      3017.68
   992    992  179.92    0.00   2      3065.11      3065.23
   993    993  181.92    0.00   2      3106.97      3133.18
   994    994  181.92    2.00   2      3139.23      3139.30
   995    995  181.92    4.00   2      3056.77      3056.72
   996    996  181.92    6.00   2      2936.66      2936.54
   997    997  181.92    8.00   2      2802.60      2802.35
   998    998  181.92   10.00   2      2665.79      2665.65
   999    999  181.92   12.00   2      2533.31      2533.08
  1000   1000  181.92   14.00   2      2407.59      2407.51
  1001   1001  181.92   16.00   2      2290.63      2290.45
  1002   1002  181.92   18.00   2      2181.80      2181.76
  1003   1003  181.92   20.00   2      2080.93      2080.86
  1004   1004  181.92   22.00   2      1987.88      1987.84
  1005   1005  181.92   24.00   2      1901.51      1901.46
  1006   1006  181.92   26.00   2      1821.52      1821.42
  1007   1007  181.92   28.00   2      1746.64      1746.61
  1008   1008  181.92   30.00   2      1676.77      1676.67
  1009   1009  181.92   32.00   2      1611.02      1611.01
  1010   1010  181.92   34.00   2      1549.34      1549.21
  1011   1011  181.92   36.00   2      1490.51      1490.48
  1012   1012  181.92   38.00   2      1435.06      1434.98
  1013   1013  181.92   40.00   2      1381.60      1381.58
  1014   1014  181.92   42.00   2      1330.23      1330.15
  1015   1015  181.92   44.00   2      1280.59      1280.57
  1016   1016  181.92   46.00   2      1232.32      1232.30
  1017   1017  181.92   48.00   2      1184.49      1184.43
  1018   1018  181.92   50.00   2      1136.40      1136.38
  1019   1019  181.92   52.00   2      1088.30      1088.19
  1020   1020  181.92   54.00   2      1038.79      1038.72
  1021   1021  181.92   56.00   2       986.92       986.58
  1022   1022  181.92   58.00   2       929.82       929.59
  1023   1023  181.92   60.00   2       865.03       863.82
  1024   1024  181.92   62.00   2       783.43       783.18
  1025   1025  181.92   64.00   2       687.81       685.61
  1026   1026  181.92   66.00   2       594.30       591.25
  1027   1027  181.92   68.00   2       506.05       504.74
  1028   1028  181.92   70.00   2       427.23       424.84
  1029   1029  183.92   70.00   2       526.19       527.64
  1030   1030  183.92   68.00   2       603.79       605.18
  1031   1031  183.92   66.00   2       689.94       691.38
  1032   1032  183.92   64.00   2       783.12       785.37
  1033   1033  183.92   62.00   2       865.01       866.29
  1034   1034  183.92   60.00   2       931.12       931.49
  1035   1035  183.92   58.00   2       988.93       989.24
  1036   1036  183.92   56.00   2      1041.77      1041.97
  1037   1037  183.92   54.00   2      1091.39      1091.61
  1038   1038  183.92   52.00   2      1139.72      1139.82
  1039   1039  183.92   50.00   2      1187.23      1187.35
  1040   1040  183.92   48.00   2      1234.36      1234.63
  1041   1041  183.92   46.00   2      1283.06      1283.13
  1042   1042  183.92   44.00   2      1331.87      1332.08
  1043   1043  183.92   42.00   2      1383.38      1383.40
  1044   1044  183.92   40.00   2      1435.85      1435.95
  1045   1045  183.92   38.00   2      1490.84      1490.88
  1046   1046  183.92   36.00   2      1548.17      1548.25
  1047   1047  183.92   34.00   2      1609.05      1609.06
  1048   1048  183.92   32.00   2      1673.48      1673.53
  1049   1049  183.92   30.00   2      1741.86      1741.93
  1050   1050  183.92   28.00   2      1815.34      1815.38
  1051   1051  183.92   26.00   2      1893.66      1893.71
  1052   1052  183.92   24.00   2      1978.33      1978.33
  1053   1053  183.92   22.00   2      2069.21      2069.30
  1054   1054  183.92   20.00   2      2167.76      2167.78
  1055   1055  183.92   18.00   2      2273.87      2273.99
  1056   1056  183.92   16.00   2      2388.79      2388.91
  1057   1057  183.92   14.00   2      2512.75      2512.88
  1058   1058  183.92   12.00   2      2645.38      2645.53
  1059   1059  183.92   10.00   2      2784.26      2784.42
  1060   1060  183.92    8.00   2      2925.92      2926.09
  1061   1061  183.92    6.00   2      3061.93      3062.12
  1062   1062  183.92    4.00   2      3175.93      3176.06
  1063   1063  183.92    2.00   2      3233.32      3233.32
  1064   1064  183.92    0.00   2      3163.94      3163.90
  1065   1065  185.92    0.00   2      3159.52      3159.48
  1066   1066  185.92    2.00   2      3297.33      3297.41
  1067   1067  185.92    4.00   2      3274.27      3274.31
  1068   1068  185.92    6.00   2      3171.94      3171.79
  1069   1069  185.92    8.00   2      3036.15      3035.94
  1070   1070  185.92   10.00   2      2889.47      2889.38
  1071   1071  185.92   12.00   2      2743.38      2743.11
  1072   1072  185.92   14.00   2      2602.78      2602.70
  1073   1073  185.92   16.00   2      2471.58      2471.42
  1074   1074  185.92   18.00   2      2349.84      2349.74
  1075   1075  185.92   20.00   2      2237.62      2237.53
  1076   1076  185.92   22.00   2      2134.10      2134.01
  1077   1077  185.92   24.00   2      2038.72      2038.67
  1078   1078  185.92   26.00   2      1950.86      1950.70
  1079   1079  185.92   28.00   2      1869.13      1869.10
  1080   1080  185.92   30.00   2      1793.52      1793.43
  1081   1081  185.92   32.00   2      1722.78      1722.74
  1082   1082  185.92   34.00   2      1656.48      1656.46
  1083   1083  185.92   36.00   2      1594.36      1594.33
  1084   1084  185.92   38.00   2      1535.55      1535.54
  1085   1085  185.92   40.00   2      1479.99      1479.97
  1086   1086  185.92   42.00   2      1427.50      1427.24
  1087   1087  185.92   44.00   2      1376.18      1376.13
  1088   1088  185.92   46.00   2      1327.44      1327.28
  1089   1089  185.92   48.00   2      1280.59      1280.27
  1090   1090  185.92   50.00   2      1233.62      1233.44
  1091   1091  185.92   52.00   2      1188.28      1188.13
  1092   1092  185.92   54.00   2      1142.87      1142.77
  1093   1093  185.92   56.00   2      1097.97      1097.72
  1094   1094  185.92   58.00   2      1051.35      1051.22
  1095   1095  185.92   60.00   2      1003.40      1003.20
  1096   1096  185.92   62.00   2       952.41       952.20
  1097   1097  185.92   64.00   2       896.51       895.00
  1098   1098  185.92   66.00   2       830.52       829.26
  1099   1099  185.92   68.00   2       749.93       746.93
  1100   1100  185.92   70.00   2       660.40       658.06
  1101   1101  187.92   70.00   2       732.78       733.02
  1102   1102  187.92   68.00   2       809.17       810.28
  1103   1103  187.92   66.00   2       876.72       877.97
  1104   1104  187.92   64.00   2       934.45       935.57
  1105   1105  187.92   62.00   2       987.80       987.93
  1106   1106  187.92   60.00   2      1036.04      1036.27
  1107   1107  187.92   58.00   2      1083.09      1083.11
  1108   1108  187.92   56.00   2      1128.26      1128.43
  1109   1109  187.92   54.00   2      1173.03      1173.33
  1110   1110  187.92   52.00   2      1219.01      1219.06
  1111   1111  187.92   50.00   2      1264.39      1264.61
  1112   1112  187.92   48.00   2      1311.57      1311.58
  1113   1113  187.92   46.00   2      1359.39      1359.56
  1114   1114  187.92   44.00   2      1409.44      1409.47
  1115   1115  187.92   42.00   2      1461.13      1461.18
  1116   1116  187.92   40.00   2      1514.60      1514.88
  1117   1117  187.92   38.00   2      1572.32      1572.38
  1118   1118  187.92   36.00   2      1632.14      1632.36
  1119   1119  187.92   34.00   2      1696.36      1696.40
  1120   1120  187.92   32.00   2      1764.25      1764.42
  1121   1121  187.92   30.00   2      1837.26      1837.32
  1122   1122  187.92   28.00   2      1915.30      1915.46
  1123   1123  187.92   26.00   2      1999.64      1999.67
  1124   1124  187.92   24.00   2      2090.77      2090.80
  1125   1125  187.92   22.00   2      2188.81      2188.94
  1126   1126  187.92   20.00   2      2295.70      2295.79
  1127   1127  187.92   18.00   2      2411.26      2411.42
  1128   1128  187.92   16.00   2      2536.86      2536.97
  1129   1129  187.92   14.00   2      2672.74      2672.80
  1130   1130  187.92   12.00   2      2817.18      2817.33
  1131   1131  187.92   10.00   2      2968.05      2968.18
  1132   1132  187.92    8.00   2      3117.43      3117.63
  1133   1133  187.92    6.00   2      3252.77      3252.92
  1134   1134  187.92    4.00   2      3345.90      3345.90
  1135   1135  187.92    2.00   2      3338.60      3338.40
  1136   1136  187.92    0.00   2      3073.78      3132.70
  1137   1137  189.92    0.00   2      3090.95      3090.84
  1138   1138  189.92    2.00   2      3353.30      3353.40
  1139   1139  189.92    4.00   2      3392.90      3392.90
  1140   1140  189.92    6.00   2      3248.18      3313.60
  1141   1141  189.92    8.00   2      3188.60      3185.70
  1142   1142  189.92   10.00   2      3033.70      3032.80
  1143   1143  189.92   12.00   2      2883.20      2880.60
  1144   1144  189.92   14.00   2      2730.20      2729.30
  1145   1145  189.92   16.00   2      2589.03      2588.85
  1146   1146  189.92   18.00   2      2459.66      2459.22
  1147   1147  189.92   20.00   2      2339.14      2339.06
  1148   1148  189.92   22.00   2      2229.52      2229.28
  1149   1149  189.92   24.00   2      2128.00      2127.90
  1150   1150  189.92   26.00   2      2034.93      2034.74
  1151   1151  189.92   28.00   2      1949.27      1948.94
  1152   1152  189.92   30.00   2      1868.83      1868.74
  1153   1153  189.92   32.00   2      1794.90      1794.66
  1154   1154  189.92   34.00   2      1725.39      1725.29
  1155   1155  189.92   36.00   2      1660.52      1660.39
  1156   1156  189.92   38.00   2      1599.58      1599.53
  1157   1157  189.92   40.00   2      1542.26      1542.15
  1158   1158  189.92   42.00   2      1488.19      1487.94
  1159   1159  189.92   44.00   2      1435.86      1435.78
  1160   1160  189.92   46.00   2      1386.43      1386.20
  1161   1161  189.92   48.00   2      1338.42      1338.32
  1162   1162  189.92   50.00   2      1292.21      1292.02
  1163   1163  189.92   52.00   2      1247.18      1247.14
  1164   1164  189.92   54.00   2      1203.36      1203.20
  1165   1165  189.92   56.00   2      1160.36      1160.09
  1166   1166  189.92   58.00   2      1116.96      1116.81
  1167   1167  189.92   60.00   2      1073.82      1073.59
  1168   1168  189.92   62.00   2      1029.30      1029.13
  1169   1169  189.92   64.00   2       983.23       982.95
  1170   1170  189.92   66.00   2       933.45       933.16
  1171   1171  189.92   68.00   2       878.13       877.81
  1172   1172  189.92   70.00   2       813.33       812.17
  1173   1173  191.92   70.00   2       843.43       843.50
  1174   1174  191.92   68.00   2       899.03       899.19
  1175   1175  191.92   66.00   2       950.17       950.49
  1176   1176  191.92   64.00   2       998.74       998.78
  1177   1177  191.92   62.00   2      1043.68      1043.79
  1178   1178  191.92   60.00   2      1087.47      1087.69
  1179   1179  191.92   58.00   2      1131.28      1131.32
  1180   1180  191.92   56.00   2      1173.84      1173.98
  1181   1181  191.92   54.00   2      1217.28      1217.31
  1182   1182  191.92   52.00   2      1261.19      1261.31
  1183   1183  191.92   50.00   2      1305.85      1306.17
  1184   1184  191.92   48.00   2      1353.18      1353.21
  1185   1185  191.92   46.00   2      1401.01      1401.23
  1186   1186  191.92   44.00   2      1451.69      1451.74
  1187   1187  191.92   42.00   2      1503.84      1504.02
  1188   1188  191.92   40.00   2      1559.25      1559.30
  1189   1189  191.92   38.00   2      1617.34      1617.42
  1190   1190  191.92   36.00   2      1678.89      1678.96
  1191   1191  191.92   34.00   2      1744.45      1744.52
  1192   1192  191.92   32.00   2      1813.86      1814.15
  1193   1193  191.92   30.00   2      1889.67      1889.69
  1194   1194  191.92   28.00   2      1970.00      1970.28
  1195   1195  191.92   26.00   2      2057.62      2057.70
  1196   1196  191.92   24.00   2      2151.73      2151.93
  1197   1197  191.92   22.00   2      2254.47      2254.56
  1198   1198  191.92   20.00   2      2366.11      2366.25
  1199   1199  191.92   18.00   2      2487.64      2487.77
  1200   1200  191.92   16.00   2      2619.49      2619.70
  1201   1201  191.92   14.00   2      2762.14      2762.38
  1202   1202  191.92   12.00   2      2913.88      2914.10
  1203   1203  191.92   10.00   2      3070.49      3071.80
  1204   1204  191.92    8.00   2      3224.04      3224.26
  1205   1205  191.92    6.00   2      3355.20      3355.40
  1206   1206  191.92    4.00   2      3426.80      3427.50
  1207   1207  191.92    2.00   2      3374.10      3372.30
  1208   1208  191.92    0.00   2      3062.60      3060.80
  1209   1209  193.92    0.00   2      3042.50      3042.20
  1210   1210  193.92    2.00   2      3371.00      3372.10
  1211   1211  193.92    4.00   2      3445.60      3445.50
  1212   1212  193.92    6.00   2      3384.70      3382.10
  1213   1213  193.92    8.00   2      3251.80      3250.10
  1214   1214  193.92   10.00   2      3094.40      3093.70
  1215   1215  193.92   12.00   2      2937.40      2936.00
  1216   1216  193.92   14.00   2      2786.80      2783.70
  1217   1217  193.92   16.00   2      2635.29      2635.15
  1218   1218  193.92   18.00   2      2501.66      2501.39
  1219   1219  193.92   20.00   2      2378.42      2378.29
  1220   1220  193.92   22.00   2      2265.65      2265.49
  1221   1221  193.92   24.00   2      2162.53      2162.20
  1222   1222  193.92   26.00   2      2067.01      2066.91
  1223   1223  193.92   28.00   2      1979.34      1979.12
  1224   1224  193.92   30.00   2      1897.75      1897.67
  1225   1225  193.92   32.00   2      1822.61      1822.47
  1226   1226  193.92   34.00   2      1753.08      1752.84
  1227   1227  193.92   36.00   2      1686.84      1686.78
  1228   1228  193.92   38.00   2      1625.68      1625.48
  1229   1229  193.92   40.00   2      1567.41      1567.37
  1230   1230  193.92   42.00   2      1512.50      1512.36
  1231   1231  193.92   44.00   2      1460.98      1460.69
  1232   1232  193.92   46.00   2      1410.45      1410.36
  1233   1233  193.92   48.00   2      1363.17      1362.96
  1234   1234  193.92   50.00   2      1316.88      1316.81
  1235   1235  193.92   52.00   2      1272.65      1272.48
  1236   1236  193.92   54.00   2      1229.38      1229.34
  1237   1237  193.92   56.00   2      1187.30      1187.16
  1238   1238  193.92   58.00   2      1145.90      1145.56
  1239   1239  193.92   60.00   2      1103.61      1103.44
  1240   1240  193.92   62.00   2      1061.72      1061.44
  1241   1241  193.92   64.00   2      1017.94      1017.75
  1242   1242  193.92   66.00   2       972.58       972.27
  1243   1243  193.92   68.00   2       923.53       923.29
  1244   1244  193.92   70.00   2       869.65       868.41
  1245   1245  195.92   70.00   2       872.32       872.11
  1246   1246  195.92   68.00   2       922.01       922.20
  1247   1247  195.92   66.00   2       970.17       970.36
  1248   1248  195.92   64.00   2      1015.25      1015.47
  1249   1249  195.92   62.00   2      1059.03      1059.08
  1250   1250  195.92   60.00   2      1101.27      1101.38
  1251   1251  195.92   58.00   2      1142.67      1142.95
  1252   1252  195.92   56.00   2      1185.26      1185.32
  1253   1253  195.92   54.00   2      1227.56      1227.67
  1254   1254  195.92   52.00   2      1271.18      1271.23
  1255   1255  195.92   50.00   2      1315.21      1315.35
  1256   1256  195.92   48.00   2      1361.33      1361.34
  1257   1257  195.92   46.00   2      1409.01      1409.09
  1258   1258  195.92   44.00   2      1458.05      1458.29
  1259   1259  195.92   42.00   2      1510.68      1510.78
  1260   1260  195.92   40.00   2      1565.27      1565.47
  1261   1261  195.92   38.00   2      1623.63      1623.66
  1262   1262  195.92   36.00   2      1684.67      1684.81
  1263   1263  195.92   34.00   2      1750.27      1750.34
  1264   1264  195.92   32.00   2      1819.71      1819.84
  1265   1265  195.92   30.00   2      1894.81      1894.81
  1266   1266  195.92   28.00   2      1975.11      1975.22
  1267   1267  195.92   26.00   2      2061.26      2062.28
  1268   1268  195.92   24.00   2      2155.86      2155.96
  1269   1269  195.92   22.00   2      2257.75      2258.06
  1270   1270  195.92   20.00   2      2369.44      2369.58
  1271   1271  195.92   18.00   2      2490.58      2490.79
  1272   1272  195.92   16.00   2      2622.79      2622.97
  1273   1273  195.92   14.00   2      2765.89      2766.17
  1274   1274  195.92   12.00   2      2919.14      2919.28
  1275   1275  195.92   10.00   2      3077.74      3077.98
  1276   1276  195.92    8.00   2      3233.78      3233.96
  1277   1277  195.92    6.00   2      3364.60      3365.50
  1278   1278  195.92    4.00   2      3437.90      3438.40
  1279   1279  195.92    2.00   2      3375.90      3374.90
  1280   1280  195.92    0.00   2      3044.00      3043.00
  1281   1281  197.92    0.00   2      3066.90      3066.90
  1282   1282  197.92    2.00   2      3370.70      3371.10
  1283   1283  197.92    4.00   2      3427.20      3426.60
  1284   1284  197.92    6.00   2      3353.40      3351.30
  1285   1285  197.92    8.00   2      3215.40      3214.50
  1286   1286  197.92   10.00   2      3062.60      3060.20
  1287   1287  197.92   12.00   2      2900.30      2899.30
  1288   1288  197.92   14.00   2      2749.50      2748.20
  1289   1289  197.92   16.00   2      2604.73      2603.40
  1290   1290  197.92   18.00   2      2472.53      2472.39
  1291   1291  197.92   20.00   2      2352.37      2352.08
  1292   1292  197.92   22.00   2      2241.64      2241.50
  1293   1293  197.92   24.00   2      2140.28      2140.09
  1294   1294  197.92   26.00   2      2046.81      2046.73
  1295   1295  197.92   28.00   2      1960.90      1960.76
  1296   1296  197.92   30.00   2      1881.61      1881.36
  1297   1297  197.92   32.00   2      1807.54      1807.50
  1298   1298  197.92   34.00   2      1738.91      1738.72
  1299   1299  197.92   36.00   2      1674.32      1674.28
  1300   1300  197.92   38.00   2      1613.83      1613.72
  1301   1301  197.92   40.00   2      1557.29      1557.06
  1302   1302  197.92   42.00   2      1502.73      1502.64
  1303   1303  197.92   44.00   2      1451.75      1451.47
  1304   1304  197.92   46.00   2      1402.47      1402.37
  1305   1305  197.92   48.00   2      1355.72      1355.55
  1306   1306  197.92   50.00   2      1311.17      1310.86
  1307   1307  197.92   52.00   2      1266.89      1266.77
  1308   1308  197.92   54.00   2      1225.05      1224.85
  1309   1309  197.92   56.00   2      1183.17      1183.00
  1310   1310  197.92   58.00   2      1142.34      1142.13
  1311   1311  197.92   60.00   2      1101.15      1101.07
  1312   1312  197.92   62.00   2      1059.87      1059.67
  1313   1313  197.92   64.00   2      1017.15      1017.01
  1314   1314  197.92   66.00   2       972.53       972.31
  1315   1315  197.92   68.00   2       924.88       923.60
  1316   1316  197.92   70.00   2       870.59       869.04
  1317   1317  199.92   70.00   2       848.35       847.99
  1318   1318  199.92   68.00   2       899.91       900.10
  1319   1319  199.92   66.00   2       949.57       949.61
  1320   1320  199.92   64.00   2       995.88       996.02
  1321   1321  199.92   62.00   2      1039.49      1039.73
  1322   1322  199.92   60.00   2      1082.52      1082.55
  1323   1323  199.92   58.00   2      1123.98      1124.19
  1324   1324  199.92   56.00   2      1165.82      1165.87
  1325   1325  199.92   54.00   2      1207.53      1207.65
  1326   1326  199.92   52.00   2      1249.32      1250.32
  1327   1327  199.92   50.00   2      1293.68      1293.75
  1328   1328  199.92   48.00   2      1338.37      1338.58
  1329   1329  199.92   46.00   2      1385.48      1385.54
  1330   1330  199.92   44.00   2      1433.98      1434.21
  1331   1331  199.92   42.00   2      1485.67      1485.72
  1332   1332  199.92   40.00   2      1538.96      1539.07
  1333   1333  199.92   38.00   2      1595.52      1595.55
  1334   1334  199.92   36.00   2      1655.21      1655.28
  1335   1335  199.92   34.00   2      1718.59      1718.64
  1336   1336  199.92   32.00   2      1786.16      1786.22
  1337   1337  199.92   30.00   2      1858.02      1858.26
  1338   1338  199.92   28.00   2      1936.44      1936.52
  1339   1339  199.92   26.00   2      2020.02      2020.26
  1340   1340  199.92   24.00   2      2111.48      2111.61
  1341   1341  199.92   22.00   2      2210.24      2210.45
  1342   1342  199.92   20.00   2      2318.17      2318.21
  1343   1343  199.92   18.00   2      2435.37      2435.60
  1344   1344  199.92   16.00   2      2563.48      2563.63
  1345   1345  199.92   14.00   2      2702.08      2702.32
  1346   1346  199.92   12.00   2      2851.33      2851.50
  1347   1347  199.92   10.00   2      3007.59      3007.80
  1348   1348  199.92    8.00   2      3163.40      3164.59
  1349   1349  199.92    6.00   2      3303.80      3303.80
  1350   1350  199.92    4.00   2      3387.30      3390.20
  1351   1351  199.92    2.00   2      3376.10      3373.70
  1352   1352  199.92    0.00   2      3109.70      3109.30
  1353   1353  201.92    0.00   2      3159.52      3159.50
  1354   1354  201.92    2.00   2      3357.00      3357.00
  1355   1355  201.92    4.00   2      3350.90      3350.80
  1356   1356  201.92    6.00   2      3247.67      3247.64
  1357   1357  201.92    8.00   2      3103.99      3103.96
  1358   1358  201.92   10.00   2      2948.04      2947.91
  1359   1359  201.92   12.00   2      2781.33      2793.41
  1360   1360  201.92   14.00   2      2648.63      2648.33
  1361   1361  201.92   16.00   2      2512.82      2512.64
  1362   1362  201.92   18.00   2      2388.02      2387.78
  1363   1363  201.92   20.00   2      2273.96      2273.56
  1364   1364  201.92   22.00   2      2168.40      2168.32
  1365   1365  201.92   24.00   2      2072.59      2072.33
  1366   1366  201.92   26.00   2      1983.79      1983.72
  1367   1367  201.92   28.00   2      1901.98      1901.85
  1368   1368  201.92   30.00   2      1826.60      1826.31
  1369   1369  201.92   32.00   2      1755.17      1755.10
  1370   1370  201.92   34.00   2      1689.42      1689.22
  1371   1371  201.92   36.00   2      1627.37      1627.31
  1372   1372  201.92   38.00   2      1569.13      1568.97
  1373   1373  201.92   40.00   2      1513.58      1513.54
  1374   1374  201.92   42.00   2      1461.47      1461.35
  1375   1375  201.92   44.00   2      1411.87      1411.63
  1376   1376  201.92   46.00   2      1363.82      1363.73
  1377   1377  201.92   48.00   2      1318.03      1317.85
  1378   1378  201.92   50.00   2      1273.73      1273.69
  1379   1379  201.92   52.00   2      1230.94      1230.75
  1380   1380  201.92   54.00   2      1189.23      1188.97
  1381   1381  201.92   56.00   2      1147.43      1147.29
  1382   1382  201.92   58.00   2      1106.56      1106.33
  1383   1383  201.92   60.00   2      1064.70      1064.59
  1384   1384  201.92   62.00   2      1022.29      1022.00
  1385   1385  201.92   64.00   2       977.32       977.16
  1386   1386  201.92   66.00   2       928.85       928.57
  1387   1387  201.92   68.00   2       875.36       875.07
  1388   1388  201.92   70.00   2       811.97       810.39
  1389   1389  203.92   70.00   2       744.89       743.44
  1390   1390  203.92   68.00   2       809.95       811.19
  1391   1391  203.92   66.00   2       872.46       872.63
  1392   1392  203.92   64.00   2       927.07       927.35
  1393   1393  203.92   62.00   2       976.61       976.91
  1394   1394  203.92   60.00   2      1023.49      1023.59
  1395   1395  203.92   58.00   2      1067.48      1067.68
  1396   1396  203.92   56.00   2      1110.96      1111.02
  1397   1397  203.92   54.00   2      1153.59      1153.70
  1398   1398  203.92   52.00   2      1196.82      1196.85
  1399   1399  203.92   50.00   2      1240.33      1240.40
  1400   1400  203.92   48.00   2      1284.48      1284.69
  1401   1401  203.92   46.00   2      1330.95      1331.02
  1402   1402  203.92   44.00   2      1378.32      1378.45
  1403   1403  203.92   42.00   2      1427.86      1427.92
  1404   1404  203.92   40.00   2      1479.36      1479.46
  1405   1405  203.92   38.00   2      1533.61      1533.65
  1406   1406  203.92   36.00   2      1590.44      1590.49
  1407   1407  203.92   34.00   2      1650.43      1650.62
  1408   1408  203.92   32.00   2      1714.98      1715.05
  1409   1409  203.92   30.00   2      1783.17      1783.42
  1410   1410  203.92   28.00   2      1845.95      1857.65
  1411   1411  203.92   26.00   2      1936.58      1936.60
  1412   1412  203.92   24.00   2      2022.16      2022.13
  1413   1413  203.92   22.00   2      2114.52      2114.53
  1414   1414  203.92   20.00   2      2214.95      2214.94
  1415   1415  203.92   18.00   2      2323.94      2324.07
  1416   1416  203.92   16.00   2      2443.52      2443.55
  1417   1417  203.92   14.00   2      2568.34      2573.55
  1418   1418  203.92   12.00   2      2713.84      2713.86
  1419   1419  203.92   10.00   2      2802.49      2863.38
  1420   1420  203.92    8.00   2      3016.96      3017.02
  1421   1421  203.92    6.00   2      3163.92      3163.95
  1422   1422  203.92    4.00   2      3281.32      3281.42
  1423   1423  203.92    2.00   2      3324.40      3324.40
  1424   1424  203.92    0.00   2      3197.86      3200.76
  1425   1425  205.92    0.00   2      3179.78      3217.37
  1426   1426  205.92    2.00   2      3264.75      3264.81
  1427   1427  205.92    4.00   2      3189.21      3189.11
  1428   1428  205.92    6.00   2      3059.34      3059.33
  1429   1429  205.92    8.00   2      2910.91      2910.71
  1430   1430  205.92   10.00   2      2759.92      2759.98
  1431   1431  205.92   12.00   2      2616.38      2616.28
  1432   1432  205.92   14.00   2      2479.40      2481.99
  1433   1433  205.92   16.00   2      2358.09      2358.01
  1434   1434  205.92   18.00   2      2234.46      2244.53
  1435   1435  205.92   20.00   2      2140.38      2140.31
  1436   1436  205.92   22.00   2      2014.56      2044.85
  1437   1437  205.92   24.00   2      1956.60      1956.59
  1438   1438  205.92   26.00   2      1875.49      1875.37
  1439   1439  205.92   28.00   2      1799.87      1799.85
  1440   1440  205.92   30.00   2      1729.55      1729.47
  1441   1441  205.92   32.00   2      1663.68      1663.71
  1442   1442  205.92   34.00   2      1602.20      1602.15
  1443   1443  205.92   36.00   2      1543.41      1543.60
  1444   1444  205.92   38.00   2      1489.06      1488.96
  1445   1445  205.92   40.00   2      1436.90      1436.88
  1446   1446  205.92   42.00   2      1387.15      1387.03
  1447   1447  205.92   44.00   2      1338.86      1338.82
  1448   1448  205.92   46.00   2      1292.52      1292.40
  1449   1449  205.92   48.00   2      1247.96      1247.73
  1450   1450  205.92   50.00   2      1203.38      1203.30
  1451   1451  205.92   52.00   2      1160.18      1159.94
  1452   1452  205.92   54.00   2      1116.75      1116.68
  1453   1453  205.92   56.00   2      1073.79      1073.57
  1454   1454  205.92   58.00   2      1029.62      1029.29
  1455   1455  205.92   60.00   2       982.88       982.58
  1456   1456  205.92   62.00   2       933.76       933.38
  1457   1457  205.92   64.00   2       878.36       877.98
  1458   1458  205.92   66.00   2       814.26       811.54
  1459   1459  205.92   68.00   2       733.44       731.42
  1460   1460  205.92   70.00   2       650.03       648.51
  1461   1461  207.92   70.00   2       538.57       535.35
  1462   1462  207.92   68.00   2       595.96       595.93
  1463   1463  207.92   66.00   2       668.45       669.67
  1464   1464  207.92   64.00   2       750.78       752.30
  1465   1465  207.92   62.00   2       831.03       832.13
  1466   1466  207.92   60.00   2       897.66       898.95
  1467   1467  207.92   58.00   2       955.22       955.46
  1468   1468  207.92   56.00   2      1007.16      1007.38
  1469   1469  207.92   54.00   2      1055.43      1055.67
  1470   1470  207.92   52.00   2      1102.59      1102.64
  1471   1471  207.92   50.00   2      1148.24      1148.42
  1472   1472  207.92   48.00   2      1194.26      1194.28
  1473   1473  207.92   46.00   2      1240.59      1240.64
  1474   1474  207.92   44.00   2      1287.73      1287.67
  1475   1475  207.92   42.00   2      1335.04      1335.17
  1476   1476  207.92   40.00   2      1384.84      1384.79
  1477   1477  207.92   38.00   2      1433.79      1436.15
  1478   1478  207.92   36.00   2      1489.59      1489.58
  1479   1479  207.92   34.00   2      1530.14      1546.08
  1480   1480  207.92   32.00   2      1605.28      1605.30
  1481   1481  207.92   30.00   2      1668.50      1668.42
  1482   1482  207.92   28.00   2      1735.49      1735.51
  1483   1483  207.92   26.00   2      1807.56      1807.51
  1484   1484  207.92   24.00   2      1884.59      1884.59
  1485   1485  207.92   22.00   2      1967.79      1967.83
  1486   1486  207.92   20.00   2      2057.60      2057.67
  1487   1487  207.92   18.00   2      2155.67      2155.68
  1488   1488  207.92   16.00   2      2255.12      2262.05
  1489   1489  207.92   14.00   2      2377.66      2377.73
  1490   1490  207.92   12.00   2      2449.81      2503.84
  1491   1491  207.92   10.00   2      2639.66      2639.75
  1492   1492  207.92    8.00   2      2783.95      2783.95
  1493   1493  207.92    6.00   2      2928.96      2931.45
  1494   1494  207.92    4.00   2      3069.95      3069.99
  1495   1495  207.92    2.00   2      3170.54      3175.31
  1496   1496  207.92    0.00   2      3196.05      3196.05
  1497   1497  209.92    0.00   2      3123.99      3124.01
  1498   1498  209.92    2.00   2      3049.54      3049.45
  1499   1499  209.92    4.00   2      2913.40      2924.04
  1500   1500  209.92    6.00   2      2781.08      2780.94
  1501   1501  209.92    8.00   2      2624.43      2637.09
  1502   1502  209.92   10.00   2      2500.20      2500.13
  1503   1503  209.92   12.00   2      2343.89      2372.97
  1504   1504  209.92   14.00   2      2255.40      2255.38
  1505   1505  209.92   16.00   2      2111.99      2147.73
  1506   1506  209.92   18.00   2      2048.70      2048.70
  1507   1507  209.92   20.00   2      1957.61      1957.50
  1508   1508  209.92   22.00   2      1873.33      1873.33
  1509   1509  209.92   24.00   2      1795.72      1795.62
  1510   1510  209.92   26.00   2      1721.11      1723.19
  1511   1511  209.92   28.00   2      1655.82      1655.78
  1512   1512  209.92   30.00   2      1584.51      1592.44
  1513   1513  209.92   32.00   2      1532.48      1532.45
  1514   1514  209.92   34.00   2      1444.18      1476.22
  1515   1515  209.92   36.00   2      1422.22      1422.23
  1516   1516  209.92   38.00   2      1371.18      1371.10
  1517   1517  209.92   40.00   2      1321.62      1321.66
  1518   1518  209.92   42.00   2      1273.84      1273.76
  1519   1519  209.92   44.00   2      1224.50      1227.24
  1520   1520  209.92   46.00   2      1181.03      1181.00
  1521   1521  209.92   48.00   2      1117.31      1135.19
  1522   1522  209.92   50.00   2      1088.46      1088.46
  1523   1523  209.92   52.00   2      1040.94      1040.81
  1524   1524  209.92   54.00   2       991.58       991.48
  1525   1525  209.92   56.00   2       938.53       938.26
  1526   1526  209.92   58.00   2       878.89       878.62
  1527   1527  209.92   60.00   2       808.39       806.82
  1528   1528  209.92   62.00   2       721.21       718.44
  1529   1529  209.92   64.00   2       631.19       629.81
  1530   1530  209.92   66.00   2       547.63       545.97
  1531   1531  209.92   68.00   2       470.99       469.84
  1532   1532  209.92   70.00   2       403.00       401.70
  1533   1533  211.92   70.00   2       280.88       279.24
  1534   1534  211.92   68.00   2       319.09       319.16
  1535   1535  211.92   66.00   2       371.51       371.68
  1536   1536  211.92   64.00   2       433.07       434.38
  1537   1537  211.92   62.00   2       506.03       507.29
  1538   1538  211.92   60.00   2       588.54       589.78
  1539   1539  211.92   58.00   2       680.65       681.97
  1540   1540  211.92   56.00   2       784.31       784.64
  1541   1541  211.92   54.00   2       870.89       871.03
  1542   1542  211.92   52.00   2       939.50       939.59
  1543   1543  211.92   50.00   2       997.85       997.98
  1544   1544  211.92   48.00   2      1051.34      1051.42
  1545   1545  211.92   46.00   2      1098.12      1101.46
  1546   1546  211.92   44.00   2      1149.86      1149.91
  1547   1547  211.92   42.00   2      1183.50      1198.01
  1548   1548  211.92   40.00   2      1245.62      1245.64
  1549   1549  211.92   38.00   2      1266.53      1294.40
  1550   1550  211.92   36.00   2      1344.33      1344.40
  1551   1551  211.92   34.00   2      1396.50      1396.49
  1552   1552  211.92   32.00   2      1450.56      1450.56
  1553   1553  211.92   30.00   2      1507.60      1507.55
  1554   1554  211.92   28.00   2      1567.34      1567.33
  1555   1555  211.92   26.00   2      1630.80      1630.73
  1556   1556  211.92   24.00   2      1696.52      1698.15
  1557   1557  211.92   22.00   2      1770.28      1770.26
  1558   1558  211.92   20.00   2      1835.40      1847.95
  1559   1559  211.92   18.00   2      1931.47      1931.49
  1560   1560  211.92   16.00   2      2022.24      2022.17
  1561   1561  211.92   14.00   2      2120.54      2120.54
  1562   1562  211.92   12.00   2      2227.82      2227.78
  1563   1563  211.92   10.00   2      2343.71      2343.81
  1564   1564  211.92    8.00   2      2470.02      2470.04
  1565   1565  211.92    6.00   2      2601.73      2604.68
  1566   1566  211.92    4.00   2      2744.42      2744.45
  1567   1567  211.92    2.00   2      2856.47      2880.37
  1568   1568  211.92    0.00   2      2990.75      2990.82
  1569   1569  213.92    0.00   2      2796.80      2796.78
  1570   1570  213.92    2.00   2      2669.15      2669.04
  1571   1571  213.92    4.00   2      2527.28      2534.48
  1572   1572  213.92    6.00   2      2403.15      2403.11
  1573   1573  213.92    8.00   2      2269.75      2280.28
  1574   1574  213.92   10.00   2      2166.58      2166.51
  1575   1575  213.92   12.00   2      2051.81      2062.12
  1576   1576  213.92   14.00   2      1965.84      1965.79
  1577   1577  213.92   16.00   2      1857.72      1877.71
  1578   1578  213.92   18.00   2      1795.64      1795.59
  1579   1579  213.92   20.00   2      1687.99      1719.94
  1580   1580  213.92   22.00   2      1649.16      1649.16
  1581   1581  213.92   24.00   2      1583.23      1583.18
  1582   1582  213.92   26.00   2      1519.82      1521.27
  1583   1583  213.92   28.00   2      1462.60      1462.56
  1584   1584  213.92   30.00   2      1403.78      1406.86
  1585   1585  213.92   32.00   2      1353.19      1353.20
  1586   1586  213.92   34.00   2      1295.91      1302.07
  1587   1587  213.92   36.00   2      1252.10      1252.04
  1588   1588  213.92   38.00   2      1181.44      1203.80
  1589   1589  213.92   40.00   2      1155.57      1155.62
  1590   1590  213.92   42.00   2      1107.57      1107.52
  1591   1591  213.92   44.00   2      1057.81      1057.83
  1592   1592  213.92   46.00   2      1005.64      1005.60
  1593   1593  213.92   48.00   2       947.17       948.87
  1594   1594  213.92   50.00   2       883.19       882.87
  1595   1595  213.92   52.00   2       794.21       801.54
  1596   1596  213.92   54.00   2       699.41       698.08
  1597   1597  213.92   56.00   2       583.81       597.51
  1598   1598  213.92   58.00   2       504.26       502.81
  1599   1599  213.92   60.00   2       421.08       419.71
  1600   1600  213.92   62.00   2       352.73       351.48
  1601   1601  213.92   64.00   2       291.66       290.31
  1602   1602  213.92   66.00   2       238.96       237.72
  1603   1603  213.92   68.00   2       197.00       196.60
  1604   1604  215.92   64.00   2       159.32       159.25
  1605   1605  215.92   62.00   2       187.28       188.52
  1606   1606  215.92   60.00   2       229.19       229.26
  1607   1607  215.92   58.00   2       279.71       282.67
  1608   1608  215.92   56.00   2       347.78       347.98
  1609   1609  215.92   54.00   2       418.82       425.57
  1610   1610  215.92   52.00   2       514.60       516.00
  1611   1611  215.92   50.00   2       614.53       615.87
  1612   1612  215.92   48.00   2       722.21       723.52
  1613   1613  215.92   46.00   2       828.96       830.22
  1614   1614  215.92   44.00   2       907.70       910.83
  1615   1615  215.92   42.00   2       952.23       976.37
  1616   1616  215.92   40.00   2      1031.23      1033.86
  1617   1617  215.92   38.00   2      1067.30      1086.92
  1618   1618  215.92   36.00   2      1135.25      1138.40
  1619   1619  215.92   34.00   2      1189.07      1189.07
  1620   1620  215.92   32.00   2      1216.72      1240.00
  1621   1621  215.92   30.00   2      1272.79      1291.43
  1622   1622  215.92   28.00   2      1340.57      1344.73
  1623   1623  215.92   26.00   2      1399.40      1399.42
  1624   1624  215.92   24.00   2      1433.85      1456.57
  1625   1625  215.92   22.00   2      1496.86      1516.74
  1626   1626  215.92   20.00   2      1576.72      1580.57
  1627   1627  215.92   18.00   2      1648.16      1648.19
  1628   1628  215.92   16.00   2      1693.82      1720.47
  1629   1629  215.92   14.00   2      1773.29      1798.16
  1630   1630  215.92   12.00   2      1876.71      1882.12
  1631   1631  215.92   10.00   2      1972.66      1972.70
  1632   1632  215.92    8.00   2      2071.01      2071.07
  1633   1633  215.92    6.00   2      2124.09      2178.12
  1634   1634  215.92    4.00   2      2285.38      2293.61
  1635   1635  215.92    2.00   2      2416.14      2416.19
  1636   1636  215.92    0.00   2      2517.86      2542.08
  1637   1637  217.92    0.00   2      2243.66      2243.56
  1638   1638  217.92    2.00   2      2137.77      2133.50
  1639   1639  217.92    4.00   2      2029.40      2029.35
  1640   1640  217.92    6.00   2      1955.39      1933.27
  1641   1641  217.92    8.00   2      1843.57      1843.54
  1642   1642  217.92   10.00   2      1797.99      1761.31
  1643   1643  217.92   12.00   2      1684.34      1684.32
  1644   1644  217.92   14.00   2      1612.88      1612.78
  1645   1645  217.92   16.00   2      1547.57      1545.99
  1646   1646  217.92   18.00   2      1482.90      1482.87
  1647   1647  217.92   20.00   2      1425.43      1423.17
  1648   1648  217.92   22.00   2      1366.04      1366.02
  1649   1649  217.92   24.00   2      1317.89      1311.59
  1650   1650  217.92   26.00   2      1258.67      1258.67
  1651   1651  217.92   28.00   2      1221.66      1207.16
  1652   1652  217.92   30.00   2      1155.74      1155.68
  1653   1653  217.92   32.00   2      1129.50      1104.25
  1654   1654  217.92   34.00   2      1051.44      1051.43
  1655   1655  217.92   36.00   2       995.59       995.46
  1656   1656  217.92   38.00   2       935.73       935.42
  1657   1657  217.92   40.00   2       864.21       864.07
  1658   1658  217.92   42.00   2       778.07       774.05
  1659   1659  217.92   44.00   2       665.17       663.88
  1660   1660  217.92   46.00   2       569.97       558.85
  1661   1661  217.92   48.00   2       461.21       460.91
  1662   1662  217.92   50.00   2       374.06       372.73
  1663   1663  217.92   52.00   2       297.37       297.15
  1664   1664  217.92   54.00   2       232.78       232.48
  1665   1665  217.92   56.00   2       184.36       182.82
  1666   1666  217.92   58.00   2       148.44       148.39
  1667   1667  217.92   60.00   2       128.48       128.37
  1678   1678  219.92   56.00   2       113.27       113.30
  1679   1679  219.92   54.00   2       118.58       118.52
  1680   1680  219.92   52.00   2       130.73       130.54
  1681   1681  219.92   50.00   2       153.61       153.59
  1682   1682  219.92   48.00   2       191.69       191.75
  1683   1683  219.92   46.00   2       243.62       243.69
  1684   1684  219.92   44.00   2       309.01       309.15
  1685   1685  219.92   42.00   2       385.02       385.02
  1686   1686  219.92   40.00   2       472.25       473.44
  1687   1687  219.92   38.00   2       570.17       570.26
  1688   1688  219.92   36.00   2       679.18       680.42
  1689   1689  219.92   34.00   2       795.01       795.02
  1690   1690  219.92   32.00   2       889.73       890.05
  1691   1691  219.92   30.00   2       966.42       963.67
  1692   1692  219.92   28.00   2      1026.53      1026.57
  1693   1693  219.92   26.00   2      1096.09      1083.80
  1694   1694  219.92   24.00   2      1137.88      1137.96
  1695   1695  219.92   22.00   2      1215.73      1191.26
  1696   1696  219.92   20.00   2      1244.02      1244.09
  1697   1697  219.92   18.00   2      1298.21      1298.21
  1698   1698  219.92   16.00   2      1353.49      1353.48
  1699   1699  219.92   14.00   2      1411.01      1410.96
  1700   1700  219.92   12.00   2      1471.19      1471.05
  1701   1701  219.92   10.00   2      1534.04      1534.08
  1702   1702  219.92    8.00   2      2346.20      2301.31
  1703   1703  219.92    6.00   2      1671.45      1671.46
  1704   1704  219.92    4.00   2      1754.73      1747.04
  1705   1705  219.92    2.00   2      1827.31      1827.33
  1706   1706  219.92    0.00   2      1926.05      1912.84
  1707   1707  221.92    0.00   2      1568.77      1568.64
  1708   1708  221.92    2.00   2      1509.92      1508.19
  1709   1709  221.92    4.00   2      1450.30      1450.23
  1710   1710  221.92    6.00   2      1398.61      1394.57
  1711   1711  221.92    8.00   2      1339.95      1339.90
  1712   1712  221.92   10.00   2      1290.99      1287.35
  1713   1713  221.92   12.00   2      1235.53      1235.51
  1714   1714  221.92   14.00   2      1196.43      1184.48
  1715   1715  221.92   16.00   2      1132.55      1132.54
  1716   1716  221.92   18.00   2      1079.95      1079.87
  1717   1717  221.92   20.00   2      1024.88      1024.85
  1718   1718  221.92   22.00   2       965.47       965.29
  1719   1719  221.92   24.00   2       898.17       897.02
  1720   1720  221.92   26.00   2       813.09       812.67
  1721   1721  221.92   28.00   2       709.06       703.28
  1722   1722  221.92   30.00   2       592.21       590.83
  1723   1723  221.92   32.00   2       488.32       487.00
  1724   1724  221.92   34.00   2       395.56       395.40
  1725   1725  221.92   36.00   2       315.18       313.67
  1726   1726  221.92   38.00   2       246.61       246.44
  1727   1727  221.92   40.00   2       192.12       191.84
  1728   1728  221.92   42.00   2       153.79       153.52
  1729   1729  221.92   44.00   2       129.49       129.39
  1730   1730  221.92   46.00   2       117.84       117.74
  1731   1731  221.92   48.00   2       112.87       112.86
  1732   1732  221.92   50.00   2       112.58       112.52
  1733   1733  221.92   52.00   2       112.39       112.38
  1755   1755  223.92   46.00   2       112.15       112.17
  1756   1756  223.92   44.00   2       112.15       112.16
  1757   1757  223.92   42.00   2       112.35       112.28
  1758   1758  223.92   40.00   2       112.47       112.40
  1759   1759  223.92   38.00   2       112.54       112.47
  1760   1760  223.92   36.00   2       116.28       114.54
  1761   1761  223.92   34.00   2       121.47       121.47
  1762   1762  223.92   32.00   2       136.96       136.91
  1763   1763  223.92   30.00   2       165.69       165.72
  1764   1764  223.92   28.00   2       209.72       209.80
  1765   1765  223.92   26.00   2       267.18       267.29
  1766   1766  223.92   24.00   2       338.72       338.86
  1767   1767  223.92   22.00   2       422.36       420.83
  1768   1768  223.92   20.00   2       512.84       513.99
  1769   1769  223.92   18.00   2       622.72       614.61
  1770   1770  223.92   16.00   2       723.89       725.55
  1771   1771  223.92   14.00   2       831.11       831.37
  1772   1772  223.92   12.00   2       911.72       911.77
  1773   1773  223.92   10.00   2       975.98       976.07
  1774   1774  223.92    8.00   2      1031.71      1031.65
  1775   1775  223.92    6.00   2      1081.39      1081.43
  1776   1776  223.92    4.00   2      1133.26      1127.23
  1777   1777  223.92    2.00   2      1170.18      1170.25
  1778   1778  223.92    0.00   2      1240.73      1210.66
  1779   1779  225.92    0.00   2       599.52       596.25
  1780   1780  225.92    2.00   2       528.48       527.27
  1781   1781  225.92    4.00   2       463.92       462.45
  1782   1782  225.92    6.00   2       401.39       401.08
  1783   1783  225.92    8.00   2       341.70       341.59
  1784   1784  225.92   10.00   2       285.24       284.87
  1785   1785  225.92   12.00   2       233.78       233.67
  1786   1786  225.92   14.00   2       190.44       190.28
  1787   1787  225.92   16.00   2       156.72       156.47
  1788   1788  225.92   18.00   2       133.25       133.19
  1789   1789  225.92   20.00   2       120.43       120.37
  1790   1790  225.92   22.00   2       114.25       114.24
  1791   1791  225.92   24.00   2       112.60       112.54
  1792   1792  225.92   26.00   2       112.43       112.39
  1793   1793  225.92   28.00   2       112.39       112.33
  1794   1794  225.92   30.00   2       112.28       112.27
  1795   1795  225.92   32.00   2       112.33       112.28
  1796   1796  225.92   34.00   2       114.00       112.29
  1797   1797  225.92   36.00   2       112.22       112.21
  1798   1798  225.92   38.00   2       112.30       112.23
  1835   1835  227.92   30.00   2       112.15       112.13
  1836   1836  227.92   28.00   2       113.34       112.19
  1837   1837  227.92   26.00   2       112.15       112.13
  1838   1838  227.92   24.00   2       112.26       112.20
  1839   1839  227.92   22.00   2       112.16       112.13
  1840   1840  227.92   20.00   2       112.23       112.17
  1841   1841  227.92   18.00   2       112.18       112.16
  1842   1842  227.92   16.00   2       112.27       112.21
  1843   1843  227.92   14.00   2       112.18       112.17
  1844   1844  227.92   12.00   2       112.31       112.25
  1845   1845  227.92   10.00   2       112.42       112.34
  1846   1846  227.92    8.00   2       112.29       112.24
  1847   1847  227.92    6.00   2       114.30       112.35
  1848   1848  227.92    4.00   2       112.26       112.24
  1849   1849  227.92    2.00   2       112.30       112.25
  1850   1850  227.92    0.00   2       112.17       112.19
  1851   1851  229.92    0.00   2       112.03       112.06
  1852   1852  229.92    2.00   2       112.20       112.15
  1853   1853  229.92    4.00   2       112.22       112.17
  1854   1854  229.92    6.00   2       112.20       112.17
  1855   1855  229.92    8.00   2       112.24       112.18
  1856   1856  229.92   10.00   2       112.14       112.12
  1857   1857  229.92   12.00   2       112.22       112.16
  1858   1858  229.92   14.00   2       114.67       112.17
# END: scan time was  11527.495348  seconds
