# Sensor scan measurement of Sensor IR782
# Iin=    34.81 mA ,  Vin= 12130.91 mV 
# scanRangeX 151.50 mm; scanRangeY  70.00 mm; stepSize   1.00 mm; initialOffset   4.00 mm; sensorX 155.00 mm; start position at (x|y)=(119.92|  0.00) mm
# iStep, Pos x, Pos y, nMeas, Meas1 ... MeasN
     0      0  120.92    0.00   2       115.01       115.01
     1      1  121.92    0.00   2       115.01       115.01
     2      2  122.92    0.00   2       115.01       115.02
     3      3  123.92    0.00   2       115.05       115.05
     4      4  124.92    0.00   2       115.09       115.09
     5      5  125.92    0.00   2       115.10       115.10
     6      6  126.92    0.00   2       115.11       115.11
     7      7  127.92    0.00   2       115.12       115.12
     8      8  128.92    0.00   2       115.13       115.13
     9      9  129.92    0.00   2       115.14       115.14
    10     10  130.92    0.00   2       115.15       115.15
    11     11  131.92    0.00   2       115.15       115.16
    12     12  132.92    0.00   2       115.16       115.16
    13     13  133.92    0.00   2       115.17       115.17
    14     14  134.92    0.00   2       115.17       115.17
    15     15  135.92    0.00   2       115.18       115.18
    16     16  136.92    0.00   2       115.18       115.18
    17     17  137.92    0.00   2       115.18       115.18
    18     18  138.92    0.00   2       115.18       115.18
    19     19  139.92    0.00   2       115.19       115.19
    20     20  140.92    0.00   2       115.19       115.19
    21     21  141.92    0.00   2       115.19       115.19
    22     22  142.92    0.00   2       115.19       115.19
    23     23  143.92    0.00   2       115.19       115.19
    24     24  144.92    0.00   2       115.19       115.18
    25     25  145.92    0.00   2       115.18       115.18
    26     26  146.92    0.00   2       115.18       115.18
    27     27  147.92    0.00   2       115.18       115.18
    28     28  148.92    0.00   2       115.18       115.18
    29     29  149.92    0.00   2       115.18       115.18
    30     30  150.92    0.00   2       115.18       115.18
    31     31  151.92    0.00   2       115.18       115.18
    32     32  152.92    0.00   2       115.18       115.18
    33     33  153.92    0.00   2       115.18       115.18
    34     34  154.92    0.00   2       115.18       115.18
    35     35  155.92    0.00   2       115.19       115.19
    36     36  156.92    0.00   2       115.18       115.18
    37     37  157.92    0.00   2       115.19       115.19
    38     38  158.92    0.00   2       115.19       115.19
    39     39  159.92    0.00   2       115.19       115.19
    40     40  160.92    0.00   2       115.19       115.19
    41     41  161.92    0.00   2       115.19       115.19
    42     42  162.92    0.00   2       115.20       115.20
    43     43  163.92    0.00   2       115.20       115.20
    44     44  164.92    0.00   2       115.24       115.25
    45     45  165.92    0.00   2       115.27       115.27
    46     46  166.92    0.00   2       115.29       115.29
    47     47  167.92    0.00   2       115.30       115.30
    48     48  168.92    0.00   2       115.31       115.31
    49     49  169.92    0.00   2       115.32       115.32
    50     50  170.92    0.00   2       115.33       115.33
    51     51  171.92    0.00   2       115.34       115.34
    52     52  172.92    0.00   2       115.34       115.34
    53     53  173.92    0.00   2       115.34       115.35
    54     54  174.92    0.00   2       115.35       115.35
    55     55  175.92    0.00   2       115.35       115.35
    56     56  176.92    0.00   2       115.34       115.35
    57     57  177.92    0.00   2       115.34       115.34
    58     58  178.92    0.00   2       115.34       115.34
    59     59  179.92    0.00   2       115.33       115.33
    60     60  180.92    0.00   2       115.32       115.32
    61     61  181.92    0.00   2       115.31       115.31
    62     62  182.92    0.00   2       115.29       115.29
    63     63  183.92    0.00   2       115.26       115.26
    64     64  184.92    0.00   2       115.25       115.25
    65     65  185.92    0.00   2       115.25       115.25
    66     66  186.92    0.00   2       115.26       115.26
    67     67  187.92    0.00   2       115.26       115.26
    68     68  188.92    0.00   2       115.26       115.26
    69     69  189.92    0.00   2       115.26       115.26
    70     70  120.92    1.00   2       115.03       115.03
    71     71  121.92    1.00   2       115.04       115.04
    72     72  122.92    1.00   2       115.04       115.04
    73     73  123.92    1.00   2       115.07       115.07
    74     74  124.92    1.00   2       115.11       115.11
    75     75  125.92    1.00   2       115.13       115.12
    76     76  126.92    1.00   2       115.14       115.14
    77     77  127.92    1.00   2       115.15       115.15
    78     78  128.92    1.00   2       115.16       115.16
    79     79  129.92    1.00   2       115.17       115.17
    80     80  130.92    1.00   2       115.18       115.18
    81     81  131.92    1.00   2       115.18       115.18
    82     82  132.92    1.00   2       115.19       115.19
    83     83  133.92    1.00   2       115.20       115.20
    84     84  134.92    1.00   2       115.20       115.20
    85     85  135.92    1.00   2       115.21       115.21
    86     86  136.92    1.00   2       115.21       115.21
    87     87  137.92    1.00   2       115.22       115.22
    88     88  138.92    1.00   2       115.22       115.22
    89     89  139.92    1.00   2       115.22       115.22
    90     90  140.92    1.00   2       115.22       115.22
    91     91  141.92    1.00   2       115.23       115.23
    92     92  142.92    1.00   2       115.23       115.23
    93     93  143.92    1.00   2       115.23       115.23
    94     94  144.92    1.00   2       115.23       115.23
    95     95  145.92    1.00   2       115.23       115.23
    96     96  146.92    1.00   2       115.23       115.23
    97     97  147.92    1.00   2       115.23       115.23
    98     98  148.92    1.00   2       115.23       115.23
    99     99  149.92    1.00   2       115.23       115.23
   100    100  150.92    1.00   2       115.23       115.22
   101    101  151.92    1.00   2       115.22       115.22
   102    102  152.92    1.00   2       115.22       115.22
   103    103  153.92    1.00   2       115.22       115.22
   104    104  154.92    1.00   2       115.22       115.22
   105    105  155.92    1.00   2       115.22       115.22
   106    106  156.92    1.00   2       115.23       115.22
   107    107  157.92    1.00   2       115.23       115.23
   108    108  158.92    1.00   2       115.23       115.23
   109    109  159.92    1.00   2       115.23       115.23
   110    110  160.92    1.00   2       115.23       115.23
   111    111  161.92    1.00   2       115.23       115.23
   112    112  162.92    1.00   2       115.23       115.23
   113    113  163.92    1.00   2       115.23       115.23
   114    114  164.92    1.00   2       115.27       115.27
   115    115  165.92    1.00   2       115.30       115.30
   116    116  166.92    1.00   2       115.32       115.32
   117    117  167.92    1.00   2       115.33       115.33
   118    118  168.92    1.00   2       115.34       115.34
   119    119  169.92    1.00   2       115.35       115.35
   120    120  170.92    1.00   2       115.35       115.35
   121    121  171.92    1.00   2       115.36       115.36
   122    122  172.92    1.00   2       115.36       115.36
   123    123  173.92    1.00   2       115.37       115.37
   124    124  174.92    1.00   2       115.37       115.37
   125    125  175.92    1.00   2       115.36       115.37
   126    126  176.92    1.00   2       115.36       115.36
   127    127  177.92    1.00   2       115.36       115.36
   128    128  178.92    1.00   2       115.36       115.36
   129    129  179.92    1.00   2       115.35       115.35
   130    130  180.92    1.00   2       115.34       115.35
   131    131  181.92    1.00   2       115.34       115.34
   132    132  182.92    1.00   2       115.32       115.32
   133    133  183.92    1.00   2       115.28       115.28
   134    134  184.92    1.00   2       115.28       115.28
   135    135  185.92    1.00   2       115.28       115.28
   136    136  186.92    1.00   2       115.29       115.29
   137    137  187.92    1.00   2       115.29       115.29
   138    138  188.92    1.00   2       115.29       115.29
   139    139  189.92    1.00   2       115.29       115.29
   140    140  120.92    2.00   2       115.05       115.05
   141    141  121.92    2.00   2       115.05       115.05
   142    142  122.92    2.00   2       115.05       115.05
   143    143  123.92    2.00   2       115.08       115.08
   144    144  124.92    2.00   2       115.12       115.12
   145    145  125.92    2.00   2       115.14       115.14
   146    146  126.92    2.00   2       115.15       115.15
   147    147  127.92    2.00   2       115.16       115.16
   148    148  128.92    2.00   2       115.17       115.17
   149    149  129.92    2.00   2       115.18       115.18
   150    150  130.92    2.00   2       115.19       115.19
   151    151  131.92    2.00   2       115.20       115.20
   152    152  132.92    2.00   2       115.20       115.20
   153    153  133.92    2.00   2       115.21       115.21
   154    154  134.92    2.00   2       115.21       115.21
   155    155  135.92    2.00   2       115.22       115.22
   156    156  136.92    2.00   2       115.22       115.22
   157    157  137.92    2.00   2       115.23       115.23
   158    158  138.92    2.00   2       115.23       115.23
   159    159  139.92    2.00   2       115.23       115.23
   160    160  140.92    2.00   2       115.24       115.24
   161    161  141.92    2.00   2       115.24       115.24
   162    162  142.92    2.00   2       115.24       115.24
   163    163  143.92    2.00   2       115.24       115.24
   164    164  144.92    2.00   2       115.24       115.24
   165    165  145.92    2.00   2       115.24       115.24
   166    166  146.92    2.00   2       115.24       115.24
   167    167  147.92    2.00   2       115.24       115.24
   168    168  148.92    2.00   2       115.24       115.24
   169    169  149.92    2.00   2       115.24       115.24
   170    170  150.92    2.00   2       115.24       115.24
   171    171  151.92    2.00   2       115.24       115.24
   172    172  152.92    2.00   2       115.24       115.24
   173    173  153.92    2.00   2       115.24       115.24
   174    174  154.92    2.00   2       115.24       115.24
   175    175  155.92    2.00   2       115.24       115.24
   176    176  156.92    2.00   2       115.24       115.24
   177    177  157.92    2.00   2       115.24       115.24
   178    178  158.92    2.00   2       115.25       115.24
   179    179  159.92    2.00   2       115.24       115.24
   180    180  160.92    2.00   2       115.24       115.24
   181    181  161.92    2.00   2       115.24       115.24
   182    182  162.92    2.00   2       115.24       115.24
   183    183  163.92    2.00   2       115.24       115.24
   184    184  164.92    2.00   2       115.28       115.28
   185    185  165.92    2.00   2       115.31       115.31
   186    186  166.92    2.00   2       115.32       115.32
   187    187  167.92    2.00   2       115.33       115.33
   188    188  168.92    2.00   2       115.34       115.34
   189    189  169.92    2.00   2       115.35       115.35
   190    190  170.92    2.00   2       115.35       115.36
   191    191  171.92    2.00   2       115.36       115.36
   192    192  172.92    2.00   2       115.37       115.36
   193    193  173.92    2.00   2       115.37       115.37
   194    194  174.92    2.00   2       115.37       115.37
   195    195  175.92    2.00   2       115.37       115.37
   196    196  176.92    2.00   2       115.37       115.37
   197    197  177.92    2.00   2       115.37       115.37
   198    198  178.92    2.00   2       115.36       115.36
   199    199  179.92    2.00   2       115.36       115.36
   200    200  180.92    2.00   2       115.35       115.35
   201    201  181.92    2.00   2       115.35       115.34
   202    202  182.92    2.00   2       115.32       115.32
   203    203  183.92    2.00   2       115.29       115.29
   204    204  184.92    2.00   2       115.29       115.29
   205    205  185.92    2.00   2       115.29       115.29
   206    206  186.92    2.00   2       115.30       115.30
   207    207  187.92    2.00   2       115.30       115.30
   208    208  188.92    2.00   2       115.30       115.30
   209    209  189.92    2.00   2       115.30       115.30
   210    210  120.92    3.00   2       115.06       115.06
   211    211  121.92    3.00   2       115.06       115.06
   212    212  122.92    3.00   2       115.06       115.06
   213    213  123.92    3.00   2       115.09       115.09
   214    214  124.92    3.00   2       115.12       115.13
   215    215  125.92    3.00   2       115.14       115.14
   216    216  126.92    3.00   2       115.15       115.15
   217    217  127.92    3.00   2       115.16       115.16
   218    218  128.92    3.00   2       115.17       115.17
   219    219  129.92    3.00   2       115.18       115.18
   220    220  130.92    3.00   2       115.19       115.19
   221    221  131.92    3.00   2       115.20       115.20
   222    222  132.92    3.00   2       115.21       115.21
   223    223  133.92    3.00   2       115.21       115.21
   224    224  134.92    3.00   2       115.22       115.22
   225    225  135.92    3.00   2       115.22       115.22
   226    226  136.92    3.00   2       115.23       115.23
   227    227  137.92    3.00   2       115.23       115.23
   228    228  138.92    3.00   2       115.23       115.24
   229    229  139.92    3.00   2       115.24       115.24
   230    230  140.92    3.00   2       115.24       115.24
   231    231  141.92    3.00   2       115.24       115.24
   232    232  142.92    3.00   2       115.25       115.25
   233    233  143.92    3.00   2       115.25       115.25
   234    234  144.92    3.00   2       115.25       115.25
   235    235  145.92    3.00   2       115.25       115.25
   236    236  146.92    3.00   2       115.25       115.25
   237    237  147.92    3.00   2       115.25       115.25
   238    238  148.92    3.00   2       115.25       115.25
   239    239  149.92    3.00   2       115.25       115.25
   240    240  150.92    3.00   2       115.25       115.25
   241    241  151.92    3.00   2       115.25       115.25
   242    242  152.92    3.00   2       115.25       115.25
   243    243  153.92    3.00   2       115.25       115.25
   244    244  154.92    3.00   2       115.25       115.25
   245    245  155.92    3.00   2       115.25       115.25
   246    246  156.92    3.00   2       115.25       115.25
   247    247  157.92    3.00   2       115.25       115.25
   248    248  158.92    3.00   2       115.25       115.25
   249    249  159.92    3.00   2       115.25       115.25
   250    250  160.92    3.00   2       115.25       115.25
   251    251  161.92    3.00   2       115.25       115.25
   252    252  162.92    3.00   2       115.25       115.25
   253    253  163.92    3.00   2       115.24       115.24
   254    254  164.92    3.00   2       115.28       115.28
   255    255  165.92    3.00   2       115.31       115.31
   256    256  166.92    3.00   2       115.32       115.32
   257    257  167.92    3.00   2       115.33       115.33
   258    258  168.92    3.00   2       115.34       115.34
   259    259  169.92    3.00   2       115.35       115.35
   260    260  170.92    3.00   2       115.35       115.35
   261    261  171.92    3.00   2       115.36       115.36
   262    262  172.92    3.00   2       115.36       115.36
   263    263  173.92    3.00   2       115.36       115.37
   264    264  174.92    3.00   2       115.37       115.37
   265    265  175.92    3.00   2       115.37       115.37
   266    266  176.92    3.00   2       115.36       115.36
   267    267  177.92    3.00   2       115.36       115.36
   268    268  178.92    3.00   2       115.36       115.36
   269    269  179.92    3.00   2       115.35       115.35
   270    270  180.92    3.00   2       115.35       115.35
