# Sensor scan measurement of Sensor IR793
# Iin=    34.79 mA ,  Vin= 12138.30 mV, T=    18.55 C 
# scanRangeX 151.50 mm; scanRangeY  70.00 mm; stepSize   2.00 mm; initialOffset   4.00 mm; sensorX 236.50 mm; start position at (x|y)=(119.92|  0.00) mm
# iStep, iStep, Pos x, Pos y, nMeas, Meas1 ... MeasN
  1259   1259  201.92    0.00   2       115.21       115.20
  1260   1260  201.92    2.00   2       115.19       115.17
  1261   1261  201.92    4.00   2       115.21       115.20
  1262   1262  201.92    6.00   2       115.20       115.20
  1263   1263  201.92    8.00   2       115.21       115.20
  1264   1264  201.92   10.00   2       115.08       115.11
  1315   1315  203.92   24.00   2       115.17       115.16
  1316   1316  203.92   22.00   2       115.11       115.12
  1317   1317  203.92   20.00   2       115.10       115.11
  1318   1318  203.92   18.00   2       115.16       115.17
  1319   1319  203.92   16.00   2       115.08       115.12
  1320   1320  203.92   14.00   2       115.26       115.23
  1321   1321  203.92   12.00   2       115.11       115.15
  1322   1322  203.92   10.00   2       115.30       115.25
  1323   1323  203.92    8.00   2       115.12       115.16
  1324   1324  203.92    6.00   2       115.24       115.23
  1325   1325  203.92    4.00   2       115.16       115.19
  1326   1326  203.92    2.00   2       115.18       115.19
  1327   1327  203.92    0.00   2       115.21       115.23
  1328   1328  205.92    0.00   2       115.33       115.32
  1329   1329  205.92    2.00   2       115.24       115.26
  1330   1330  205.92    4.00   2       115.24       115.25
  1331   1331  205.92    6.00   2       115.27       115.28
  1332   1332  205.92    8.00   2       115.23       115.24
  1333   1333  205.92   10.00   2       115.35       115.31
  1334   1334  205.92   12.00   2       115.15       115.19
  1335   1335  205.92   14.00   2       115.35       115.29
  1336   1336  205.92   16.00   2       115.17       115.19
  1337   1337  205.92   18.00   2       115.22       115.22
  1338   1338  205.92   20.00   2       115.15       115.17
  1339   1339  205.92   22.00   2       115.16       115.16
  1340   1340  205.92   24.00   2       115.11       115.15
  1341   1341  205.92   26.00   2       115.10       115.12
  1342   1342  205.92   28.00   2       115.13       115.14
  1343   1343  205.92   30.00   2       115.07       115.09
  1344   1344  205.92   32.00   2       115.24       115.20
  1345   1345  205.92   34.00   2       115.02       115.07
  1374   1374  207.92   40.00   2       115.06       115.08
  1375   1375  207.92   38.00   2       115.18       115.16
  1376   1376  207.92   36.00   2       115.06       115.10
  1377   1377  207.92   34.00   2       115.23       115.19
  1378   1378  207.92   32.00   2       115.10       115.13
  1379   1379  207.92   30.00   2       115.14       115.14
  1380   1380  207.92   28.00   2       115.15       115.17
  1381   1381  207.92   26.00   2       115.11       115.15
  1382   1382  207.92   24.00   2       115.17       115.19
  1383   1383  207.92   22.00   2       115.13       115.18
  1384   1384  207.92   20.00   2       115.32       115.28
  1385   1385  207.92   18.00   2       115.17       115.21
  1386   1386  207.92   16.00   2       115.40       115.37
  1387   1387  207.92   14.00   2       115.65       115.67
  1388   1388  207.92   12.00   2       124.34       124.40
  1389   1389  207.92   10.00   2       146.46       146.54
  1390   1390  207.92    8.00   2       191.67       191.71
  1391   1391  207.92    6.00   2       264.58       265.78
  1392   1392  207.92    4.00   2       364.12       364.18
  1393   1393  207.92    2.00   2       479.24       480.85
  1394   1394  207.92    0.00   2       608.71       610.22
  1395   1395  209.92    0.00   2      1333.12      1334.37
  1396   1396  209.92    2.00   2      1270.02      1270.12
  1397   1397  209.92    4.00   2      1200.88      1200.86
  1398   1398  209.92    6.00   2      1127.47      1127.51
  1399   1399  209.92    8.00   2      1049.40      1049.34
  1400   1400  209.92   10.00   2       961.04       960.92
  1401   1401  209.92   12.00   2       849.16       847.71
  1402   1402  209.92   14.00   2       687.39       687.26
  1403   1403  209.92   16.00   2       514.87       512.86
  1404   1404  209.92   18.00   2       366.76       364.29
  1405   1405  209.92   20.00   2       248.86       248.73
  1406   1406  209.92   22.00   2       167.86       167.56
  1407   1407  209.92   24.00   2       125.65       125.60
  1408   1408  209.92   26.00   2       115.76       115.72
  1409   1409  209.92   28.00   2       115.34       115.39
  1410   1410  209.92   30.00   2       115.40       115.39
  1411   1411  209.92   32.00   2       115.25       115.27
  1412   1412  209.92   34.00   2       115.29       115.29
  1413   1413  209.92   36.00   2       115.23       115.25
  1414   1414  209.92   38.00   2       115.22       115.23
  1415   1415  209.92   40.00   2       115.26       115.27
  1416   1416  209.92   42.00   2       115.14       115.16
  1417   1417  209.92   44.00   2       115.30       115.25
  1433   1433  211.92   48.00   2       115.21       115.19
  1434   1434  211.92   46.00   2       115.15       115.16
  1435   1435  211.92   44.00   2       115.10       115.13
  1436   1436  211.92   42.00   2       115.24       115.24
  1437   1437  211.92   40.00   2       115.14       115.18
  1438   1438  211.92   38.00   2       115.30       115.29
  1439   1439  211.92   36.00   2       115.28       115.31
  1440   1440  211.92   34.00   2       115.97       115.96
  1441   1441  211.92   32.00   2       131.37       131.38
  1442   1442  211.92   30.00   2       174.97       175.12
  1443   1443  211.92   28.00   2       254.33       254.66
  1444   1444  211.92   26.00   2       366.90       368.18
  1445   1445  211.92   24.00   2       506.97       508.70
  1446   1446  211.92   22.00   2       674.69       676.53
  1447   1447  211.92   20.00   2       851.93       854.11
  1448   1448  211.92   18.00   2       980.14       980.29
  1449   1449  211.92   16.00   2      1075.69      1075.84
  1450   1450  211.92   14.00   2      1159.44      1159.66
  1451   1451  211.92   12.00   2      1236.41      1236.50
  1452   1452  211.92   10.00   2      1310.41      1310.55
  1453   1453  211.92    8.00   2      1385.59      1385.65
  1454   1454  211.92    6.00   2      1463.70      1463.78
  1455   1455  211.92    4.00   2      1544.73      1544.81
  1456   1456  211.92    2.00   2      1628.98      1629.06
  1457   1457  211.92    0.00   2      1715.36      1715.46
  1458   1458  213.92    0.00   2      2048.76      2048.96
  1459   1459  213.92    2.00   2      1944.28      1944.26
  1460   1460  213.92    4.00   2      1841.43      1841.39
  1461   1461  213.92    6.00   2      1743.33      1743.32
  1462   1462  213.92    8.00   2      1650.75      1650.69
  1463   1463  213.92   10.00   2      1563.79      1563.76
  1464   1464  213.92   12.00   2      1481.89      1481.81
  1465   1465  213.92   14.00   2      1402.98      1402.98
  1466   1466  213.92   16.00   2      1327.00      1326.93
  1467   1467  213.92   18.00   2      1253.81      1253.68
  1468   1468  213.92   20.00   2      1180.77      1180.67
  1469   1469  213.92   22.00   2      1105.28      1105.10
  1470   1470  213.92   24.00   2      1023.05      1022.88
  1471   1471  213.92   26.00   2       927.63       926.56
  1472   1472  213.92   28.00   2       796.95       795.50
  1473   1473  213.92   30.00   2       632.15       628.96
  1474   1474  213.92   32.00   2       479.25       477.70
  1475   1475  213.92   34.00   2       346.92       345.64
  1476   1476  213.92   36.00   2       241.00       240.69
  1477   1477  213.92   38.00   2       166.31       166.08
  1478   1478  213.92   40.00   2       127.52       127.48
  1479   1479  213.92   42.00   2       115.78       115.79
  1480   1480  213.92   44.00   2       115.64       115.59
  1481   1481  213.92   46.00   2       115.32       115.36
  1482   1482  213.92   48.00   2       115.44       115.40
  1483   1483  213.92   50.00   2       115.23       115.27
  1484   1484  213.92   52.00   2       115.29       115.29
  1488   1488  215.92   56.00   2       115.33       115.31
  1489   1489  215.92   54.00   2       114.40       114.75
  1490   1490  215.92   52.00   2       117.42       115.26
  1491   1491  215.92   50.00   2       115.35       115.37
  1492   1492  215.92   48.00   2       115.55       115.59
  1493   1493  215.92   46.00   2       125.10       125.14
  1494   1494  215.92   44.00   2       155.09       155.22
  1495   1495  215.92   42.00   2       214.36       214.50
  1496   1496  215.92   40.00   2       301.88       303.18
  1497   1497  215.92   38.00   2       414.06       415.33
  1498   1498  215.92   36.00   2       549.18       550.67
  1499   1499  215.92   34.00   2       704.31       705.98
  1500   1500  215.92   32.00   2       864.44       865.73
  1501   1501  215.92   30.00   2       979.76       981.11
  1502   1502  215.92   28.00   2      1068.52      1068.77
  1503   1503  215.92   26.00   2      1145.98      1146.23
  1504   1504  215.92   24.00   2      1219.37      1219.39
  1505   1505  215.92   22.00   2      1290.87      1290.98
  1506   1506  215.92   20.00   2      1363.98      1363.94
  1507   1507  215.92   18.00   2      1438.95      1439.05
  1508   1508  215.92   16.00   2      1517.05      1517.09
  1509   1509  215.92   14.00   2      1600.08      1600.12
  1510   1510  215.92   12.00   2      1688.42      1688.47
  1511   1511  215.92   10.00   2      1782.58      1782.69
  1512   1512  215.92    8.00   2      1883.62      1883.64
  1513   1513  215.92    6.00   2      1992.54      1992.62
  1514   1514  215.92    4.00   2      2108.53      2108.58
  1515   1515  215.92    2.00   2      2271.19      2230.22
  1516   1516  215.92    0.00   2      2367.42      2354.39
  1517   1517  217.92    0.00   2      2618.47      2618.70
  1518   1518  217.92    2.00   2      2488.15      2488.17
  1519   1519  217.92    4.00   2      2353.32      2353.27
  1520   1520  217.92    6.00   2      2222.18      2222.09
  1521   1521  217.92    8.00   2      2097.83      2097.76
  1522   1522  217.92   10.00   2      1981.93      1981.85
  1523   1523  217.92   12.00   2      1874.88      1874.83
  1524   1524  217.92   14.00   2      1776.01      1775.97
  1525   1525  217.92   16.00   2      1684.26      1684.19
  1526   1526  217.92   18.00   2      1598.67      1598.66
  1527   1527  217.92   20.00   2      1518.40      1518.35
  1528   1528  217.92   22.00   2      1442.74      1442.70
  1529   1529  217.92   24.00   2      1371.23      1371.17
  1530   1530  217.92   26.00   2      1301.72      1301.69
  1531   1531  217.92   28.00   2      1234.27      1234.20
  1532   1532  217.92   30.00   2      1167.06      1166.98
  1533   1533  217.92   32.00   2      1098.04      1097.97
  1534   1534  217.92   34.00   2      1023.72      1023.58
  1535   1535  217.92   36.00   2       938.55       938.33
  1536   1536  217.92   38.00   2       827.78       826.43
  1537   1537  217.92   40.00   2       677.83       676.22
  1538   1538  217.92   42.00   2       533.14       531.47
  1539   1539  217.92   44.00   2       404.20       402.68
  1540   1540  217.92   46.00   2       295.91       294.44
  1541   1541  217.92   48.00   2       209.72       208.56
  1542   1542  217.92   50.00   2       152.18       152.00
  1543   1543  217.92   52.00   2       123.75       123.72
  1544   1544  217.92   54.00   2       115.81       115.80
  1545   1545  217.92   56.00   2       115.68       115.61
  1546   1546  217.92   58.00   2       115.49       115.48
  1547   1547  219.92   60.00   2       115.57       115.57
  1548   1548  219.92   58.00   2       115.92       116.12
  1549   1549  219.92   56.00   2       127.65       127.94
  1550   1550  219.92   54.00   2       157.61       157.76
  1551   1551  219.92   52.00   2       210.99       211.27
  1552   1552  219.92   50.00   2       287.88       289.12
  1553   1553  219.92   48.00   2       386.99       388.03
  1554   1554  219.92   46.00   2       504.96       507.39
  1555   1555  219.92   44.00   2       639.58       642.54
  1556   1556  219.92   42.00   2       788.82       791.02
  1557   1557  219.92   40.00   2       918.04       919.41
  1558   1558  219.92   38.00   2       123.52       123.59
  1559   1559  219.92   36.00   2      1087.47      1087.62
  1560   1560  219.92   34.00   2      1156.87      1157.03
  1561   1561  219.92   32.00   2      1223.63      1223.69
  1562   1562  219.92   30.00   2      1289.64      1289.75
  1563   1563  219.92   28.00   2      1356.52      1356.53
  1564   1564  219.92   26.00   2      1425.34      1425.39
  1565   1565  219.92   24.00   2      1497.41      1497.48
  1566   1566  219.92   22.00   2      1573.33      1573.39
  1567   1567  219.92   20.00   2      1654.05      1654.09
  1568   1568  219.92   18.00   2      1740.43      1740.49
  1569   1569  219.92   16.00   2      1833.27      1833.39
  1570   1570  219.92   14.00   2      1933.70      1933.73
  1571   1571  219.92   12.00   2      2042.19      2042.27
  1572   1572  219.92   10.00   2      2159.72      2159.77
  1573   1573  219.92    8.00   2      2286.58      2286.72
  1574   1574  219.92    6.00   2      2421.98      2422.13
  1575   1575  219.92    4.00   2      2563.03      2563.19
  1576   1576  219.92    2.00   2      2704.23      2704.29
  1577   1577  219.92    0.00   2      2833.66      2833.82
  1578   1578  221.92    0.00   2      3006.00      3006.14
  1579   1579  221.92    2.00   2      2896.42      2896.38
  1580   1580  221.92    4.00   2      2756.23      2756.04
  1581   1581  221.92    6.00   2      2607.58      2607.46
  1582   1582  221.92    8.00   2      2461.38      2461.24
  1583   1583  221.92   10.00   2      2322.73      2322.68
  1584   1584  221.92   12.00   2      2194.36      2194.27
  1585   1585  221.92   14.00   2      2075.83      2075.77
  1586   1586  221.92   16.00   2      1966.76      1966.70
  1587   1587  221.92   18.00   2      1866.27      1866.21
  1588   1588  221.92   20.00   2      1773.44      1773.40
  1589   1589  221.92   22.00   2      1687.64      1687.55
  1590   1590  221.92   24.00   2      1607.34      1607.36
  1591   1591  221.92   26.00   2      1532.28      1532.16
  1592   1592  221.92   28.00   2      1461.22      1461.14
  1593   1593  221.92   30.00   2      1393.89      1393.79
  1594   1594  221.92   32.00   2      1329.19      1329.12
  1595   1595  221.92   34.00   2      1266.52      1266.40
  1596   1596  221.92   36.00   2      1204.42      1204.40
  1597   1597  221.92   38.00   2      1142.10      1142.09
  1598   1598  221.92   40.00   2      1052.79      1077.32
  1599   1599  221.92   42.00   2      1006.62      1006.45
  1600   1600  221.92   44.00   2       926.31       925.91
  1601   1601  221.92   46.00   2       820.41       820.14
  1602   1602  221.92   48.00   2       687.92       685.11
  1603   1603  221.92   50.00   2       556.49       551.96
  1604   1604  221.92   52.00   2       434.81       432.82
  1605   1605  221.92   54.00   2       330.78       329.01
  1606   1606  221.92   56.00   2       243.84       242.10
  1607   1607  221.92   58.00   2       178.65       177.30
  1608   1608  221.92   60.00   2       138.19       137.92
  1609   1609  221.92   62.00   2       119.98       119.73
  1610   1610  223.92   64.00   2       132.29       132.13
  1611   1611  223.92   62.00   2       160.27       160.28
  1612   1612  223.92   60.00   2       208.47       208.68
  1613   1613  223.92   58.00   2       276.98       278.22
  1614   1614  223.92   56.00   2       362.20       363.78
  1615   1615  223.92   54.00   2       464.20       467.02
  1616   1616  223.92   52.00   2       582.09       584.80
  1617   1617  223.92   50.00   2       713.85       716.45
  1618   1618  223.92   48.00   2       850.03       852.66
  1619   1619  223.92   46.00   2       953.01       953.33
  1620   1620  223.92   44.00   2      1032.78      1033.02
  1621   1621  223.92   42.00   2      1101.78      1102.13
  1622   1622  223.92   40.00   2      1166.13      1166.23
  1623   1623  223.92   38.00   2      1228.39      1228.48
  1624   1624  223.92   36.00   2      1265.70      1290.29
  1625   1625  223.92   34.00   2      1352.02      1352.11
  1626   1626  223.92   32.00   2      1416.28      1416.31
  1627   1627  223.92   30.00   2      1482.76      1482.83
  1628   1628  223.92   28.00   2      1553.01      1553.08
  1629   1629  223.92   26.00   2      1627.26      1627.33
  1630   1630  223.92   24.00   2      1706.52      1706.56
  1631   1631  223.92   22.00   2      1790.93      1790.96
  1632   1632  223.92   20.00   2      1882.00      1882.04
  1633   1633  223.92   18.00   2      1951.94      1980.95
  1634   1634  223.92   16.00   2      2088.16      2088.26
  1635   1635  223.92   14.00   2      2204.83      2204.92
  1636   1636  223.92   12.00   2      2331.53      2331.67
  1637   1637  223.92   10.00   2      2469.50      2469.54
  1638   1638  223.92    8.00   2      2616.31      2616.44
  1639   1639  223.92    6.00   2      2769.27      2769.42
  1640   1640  223.92    4.00   2      2920.54      2920.78
  1641   1641  223.92    2.00   2      3054.59      3054.75
  1642   1642  223.92    0.00   2      3136.79      3136.93
  1643   1643  225.92    0.00   2      3225.55      3225.58
  1644   1644  225.92    2.00   2      3191.56      3191.56
  1645   1645  225.92    4.00   2      3073.47      3073.31
  1646   1646  225.92    6.00   2      2922.03      2921.91
  1647   1647  225.92    8.00   2      2761.99      2761.82
  1648   1648  225.92   10.00   2      2605.50      2605.41
  1649   1649  225.92   12.00   2      2458.06      2457.89
  1650   1650  225.92   14.00   2      2321.14      2321.09
  1651   1651  225.92   16.00   2      2195.86      2195.76
  1652   1652  225.92   18.00   2      2063.23      2081.29
  1653   1653  225.92   20.00   2      1976.05      1975.93
  1654   1654  225.92   22.00   2      1879.49      1879.34
  1655   1655  225.92   24.00   2      1790.01      1790.00
  1656   1656  225.92   26.00   2      1707.62      1707.46
  1657   1657  225.92   28.00   2      1630.51      1630.45
  1658   1658  225.92   30.00   2      1558.31      1558.25
  1659   1659  225.92   32.00   2      1490.20      1490.16
  1660   1660  225.92   34.00   2      1425.60      1425.51
  1661   1661  225.92   36.00   2      1363.61      1363.58
  1662   1662  225.92   38.00   2      1304.30      1304.16
  1663   1663  225.92   40.00   2      1245.81      1245.76
  1664   1664  225.92   42.00   2      1188.31      1188.10
  1665   1665  225.92   44.00   2      1130.10      1129.75
  1666   1666  225.92   46.00   2      1068.72      1068.57
  1667   1667  225.92   48.00   2      1003.57      1002.31
  1668   1668  225.92   50.00   2       928.32       928.02
  1669   1669  225.92   52.00   2       833.98       832.53
  1670   1670  225.92   54.00   2       708.70       706.99
  1671   1671  225.92   56.00   2       583.28       579.70
  1672   1672  225.92   58.00   2       465.30       463.65
  1673   1673  225.92   60.00   2       362.41       361.19
  1674   1674  225.92   62.00   2       274.78       273.43
  1675   1675  225.92   64.00   2       205.65       204.29
  1676   1676  225.92   66.00   2       156.41       155.01
  1677   1677  227.92   66.00   2       216.49       216.69
  1678   1678  227.92   64.00   2       278.48       278.90
  1679   1679  227.92   62.00   2       357.24       358.41
  1680   1680  227.92   60.00   2       450.64       452.30
  1681   1681  227.92   58.00   2       557.07       560.14
  1682   1682  227.92   56.00   2       678.12       680.23
  1683   1683  227.92   54.00   2       807.44       809.92
  1684   1684  227.92   52.00   2       916.32       917.54
  1685   1685  227.92   50.00   2       997.64       998.86
  1686   1686  227.92   48.00   2      1066.17      1066.39
  1687   1687  227.92   46.00   2      1128.29      1128.53
  1688   1688  227.92   44.00   2      1187.67      1187.79
  1689   1689  227.92   42.00   2      1245.31      1245.46
  1690   1690  227.92   40.00   2      1302.76      1303.00
  1691   1691  227.92   38.00   2      1362.43      1362.52
  1692   1692  227.92   36.00   2      1422.91      1423.14
  1693   1693  227.92   34.00   2      1486.69      1486.78
  1694   1694  227.92   32.00   2      1553.09      1553.26
  1695   1695  227.92   30.00   2      1623.89      1623.92
  1696   1696  227.92   28.00   2      1698.47      1698.53
  1697   1697  227.92   26.00   2      1778.77      1778.80
  1698   1698  227.92   24.00   2      1865.36      1865.37
  1699   1699  227.92   22.00   2      1958.62      1958.72
  1700   1700  227.92   20.00   2      2060.15      2060.16
  1701   1701  227.92   18.00   2      2170.62      2170.68
  1702   1702  227.92   16.00   2      2291.34      2291.41
  1703   1703  227.92   14.00   2      2423.21      2423.40
  1704   1704  227.92   12.00   2      2567.15      2567.33
  1705   1705  227.92   10.00   2      2699.30      2721.88
  1706   1706  227.92    8.00   2      2884.49      2884.69
  1707   1707  227.92    6.00   2      3048.19      3048.34
  1708   1708  227.92    4.00   2      3196.38      3196.52
  1709   1709  227.92    2.00   2      3296.69      3296.81
  1710   1710  227.92    0.00   2      3278.71      3278.72
  1711   1711  229.92    0.00   2      3291.17      3291.18
  1712   1712  229.92    2.00   2      3372.10      3372.10
  1713   1713  229.92    4.00   2      3299.09      3298.93
  1714   1714  229.92    6.00   2      3157.23      3157.18
  1715   1715  229.92    8.00   2      2991.59      2991.33
  1716   1716  229.92   10.00   2      2822.55      2822.36
  1717   1717  229.92   12.00   2      2660.08      2659.93
  1718   1718  229.92   14.00   2      2508.61      2508.47
  1719   1719  229.92   16.00   2      2370.91      2370.60
  1720   1720  229.92   18.00   2      2243.95      2243.79
  1721   1721  229.92   20.00   2      2128.17      2128.01
  1722   1722  229.92   22.00   2      2022.45      2022.36
  1723   1723  229.92   24.00   2      1925.66      1925.54
  1724   1724  229.92   26.00   2      1836.48      1836.23
  1725   1725  229.92   28.00   2      1753.51      1753.43
  1726   1726  229.92   30.00   2      1676.85      1676.70
  1727   1727  229.92   32.00   2      1604.82      1604.77
  1728   1728  229.92   34.00   2      1537.54      1537.40
  1729   1729  229.92   36.00   2      1474.24      1474.01
  1730   1730  229.92   38.00   2      1412.92      1412.86
  1731   1731  229.92   40.00   2      1355.13      1354.85
  1732   1732  229.92   42.00   2      1298.29      1298.18
  1733   1733  229.92   44.00   2      1242.96      1242.75
  1734   1734  229.92   46.00   2      1187.88      1187.85
  1735   1735  229.92   48.00   2      1132.73      1132.54
  1736   1736  229.92   50.00   2      1076.19      1075.88
  1737   1737  229.92   52.00   2      1014.62      1014.36
  1738   1738  229.92   54.00   2       946.41       944.82
  1739   1739  229.92   56.00   2       862.83       861.46
  1740   1740  229.92   58.00   2       751.09       747.93
  1741   1741  229.92   60.00   2       628.33       625.02
  1742   1742  229.92   62.00   2       512.72       509.62
  1743   1743  229.92   64.00   2       409.37       406.69
  1744   1744  229.92   66.00   2       317.68       316.07
  1745   1745  229.92   68.00   2       243.96       241.20
  1746   1746  231.92   68.00   2       299.81       299.84
  1747   1747  231.92   66.00   2       372.89       373.10
  1748   1748  231.92   64.00   2       460.86       462.05
  1749   1749  231.92   62.00   2       562.76       564.19
  1750   1750  231.92   60.00   2       675.26       678.43
  1751   1751  231.92   58.00   2       798.48       801.78
  1752   1752  231.92   56.00   2       904.62       906.00
  1753   1753  231.92   54.00   2       984.03       985.33
  1754   1754  231.92   52.00   2      1051.68      1051.88
  1755   1755  231.92   50.00   2      1111.74      1111.90
  1756   1756  231.92   48.00   2      1168.11      1168.38
  1757   1757  231.92   46.00   2      1223.73      1223.80
  1758   1758  231.92   44.00   2      1278.69      1278.79
  1759   1759  231.92   42.00   2      1334.61      1334.67
  1760   1760  231.92   40.00   2      1391.92      1391.97
  1761   1761  231.92   38.00   2      1450.47      1450.75
  1762   1762  231.92   36.00   2      1513.29      1513.34
  1763   1763  231.92   34.00   2      1578.02      1578.19
  1764   1764  231.92   32.00   2      1647.36      1647.46
  1765   1765  231.92   30.00   2      1720.64      1720.77
  1766   1766  231.92   28.00   2      1799.54      1799.60
  1767   1767  231.92   26.00   2      1884.04      1884.16
  1768   1768  231.92   24.00   2      1975.75      1975.83
  1769   1769  231.92   22.00   2      2075.22      2075.35
  1770   1770  231.92   20.00   2      2183.73      2183.88
  1771   1771  231.92   18.00   2      2302.60      2302.74
  1772   1772  231.92   16.00   2      2432.05      2432.45
  1773   1773  231.92   14.00   2      2575.09      2575.26
  1774   1774  231.92   12.00   2      2729.64      2729.91
  1775   1775  231.92   10.00   2      2895.43      2895.65
  1776   1776  231.92    8.00   2      3067.28      3067.58
  1777   1777  231.92    6.00   2      3233.74      3233.92
  1778   1778  231.92    4.00   2      3366.60      3367.70
  1779   1779  231.92    2.00   2      3422.20      3422.10
  1780   1780  231.92    0.00   2      3291.10      3289.30
  1781   1781  233.92    0.00   2      3262.60      3262.10
  1782   1782  233.92    2.00   2      3446.80      3446.80
  1783   1783  233.92    4.00   2      3425.90      3423.60
  1784   1784  233.92    6.00   2      3300.00      3298.50
  1785   1785  233.92    8.00   2      3133.00      3132.50
  1786   1786  233.92   10.00   2      2961.10      2960.00
  1787   1787  233.92   12.00   2      2795.20      2792.30
  1788   1788  233.92   14.00   2      2629.81      2629.63
  1789   1789  233.92   16.00   2      2483.07      2482.77
  1790   1790  233.92   18.00   2      2348.73      2348.54
  1791   1791  233.92   20.00   2      2226.64      2226.49
  1792   1792  233.92   22.00   2      2115.35      2115.02
  1793   1793  233.92   24.00   2      2013.02      2012.87
  1794   1794  233.92   26.00   2      1919.55      1919.28
  1795   1795  233.92   28.00   2      1833.12      1833.05
  1796   1796  233.92   30.00   2      1753.31      1753.17
  1797   1797  233.92   32.00   2      1679.26      1679.01
  1798   1798  233.92   34.00   2      1609.30      1609.21
  1799   1799  233.92   36.00   2      1544.05      1543.84
  1800   1800  233.92   38.00   2      1481.76      1481.67
  1801   1801  233.92   40.00   2      1422.63      1422.53
  1802   1802  233.92   42.00   2      1366.46      1366.17
  1803   1803  233.92   44.00   2      1311.05      1310.92
  1804   1804  233.92   46.00   2      1257.87      1257.67
  1805   1805  233.92   48.00   2      1204.34      1204.30
  1806   1806  233.92   50.00   2      1151.77      1151.56
  1807   1807  233.92   52.00   2      1097.58      1097.40
  1808   1808  233.92   54.00   2      1040.20      1039.95
  1809   1809  233.92   56.00   2       977.68       977.50
  1810   1810  233.92   58.00   2       905.20       903.84
  1811   1811  233.92   60.00   2       811.85       809.84
  1812   1812  233.92   62.00   2       693.89       691.59
  1813   1813  233.92   64.00   2       579.75       575.82
  1814   1814  233.92   66.00   2       473.41       470.69
  1815   1815  233.92   68.00   2       378.22       375.67
  1816   1816  235.92   68.00   2       414.71       414.63
  1817   1817  235.92   66.00   2       498.19       498.40
  1818   1818  235.92   64.00   2       595.93       597.09
  1819   1819  235.92   62.00   2       706.27       707.78
  1820   1820  235.92   60.00   2       822.48       824.14
  1821   1821  235.92   58.00   2       917.05       918.49
  1822   1822  235.92   56.00   2       991.98       992.20
  1823   1823  235.92   54.00   2      1055.38      1055.51
  1824   1824  235.92   52.00   2      1112.71      1113.03
  1825   1825  235.92   50.00   2      1168.09      1168.19
  1826   1826  235.92   48.00   2      1221.31      1221.45
  1827   1827  235.92   46.00   2      1274.13      1274.42
  1828   1828  235.92   44.00   2      1328.48      1328.56
  1829   1829  235.92   42.00   2      1383.31      1383.59
  1830   1830  235.92   40.00   2      1440.94      1441.01
  1831   1831  235.92   38.00   2      1500.15      1500.31
  1832   1832  235.92   36.00   2      1563.13      1563.15
  1833   1833  235.92   34.00   2      1628.88      1629.03
  1834   1834  235.92   32.00   2      1699.22      1699.21
  1835   1835  235.92   30.00   2      1773.76      1773.85
  1836   1836  235.92   28.00   2      1853.44      1854.50
  1837   1837  235.92   26.00   2      1940.93      1941.01
  1838   1838  235.92   24.00   2      2034.27      2034.55
  1839   1839  235.92   22.00   2      2137.23      2137.36
  1840   1840  235.92   20.00   2      2249.10      2249.32
  1841   1841  235.92   18.00   2      2371.94      2372.14
  1842   1842  235.92   16.00   2      2506.85      2507.06
  1843   1843  235.92   14.00   2      2654.62      2654.78
  1844   1844  235.92   12.00   2      2814.62      2814.86
  1845   1845  235.92   10.00   2      2985.49      2985.72
  1846   1846  235.92    8.00   2      3160.55      3160.82
  1847   1847  235.92    6.00   2      3325.40      3325.40
  1848   1848  235.92    4.00   2      3440.50      3443.20
  1849   1849  235.92    2.00   2      3464.70      3464.60
  1850   1850  235.92    0.00   2      3251.20      3249.90
  1851   1851  237.92    0.00   2      3245.70      3244.80
  1852   1852  237.92    2.00   2      3467.20      3467.20
  1853   1853  237.92    4.00   2      3457.00      3456.90
  1854   1854  237.92    6.00   2      3339.10      3338.40
  1855   1855  237.92    8.00   2      3179.50      3176.90
  1856   1856  237.92   10.00   2      2999.90      2999.10
  1857   1857  237.92   12.00   2      2831.10      2829.40
  1858   1858  237.92   14.00   2      2665.77      2665.61
  1859   1859  237.92   16.00   2      2518.27      2517.83
  1860   1860  237.92   18.00   2      2382.60      2382.42
  1861   1861  237.92   20.00   2      2259.36      2259.10
  1862   1862  237.92   22.00   2      2146.75      2146.65
  1863   1863  237.92   24.00   2      2044.18      2044.08
  1864   1864  237.92   26.00   2      1950.49      1950.17
  1865   1865  237.92   28.00   2      1863.28      1863.21
  1866   1866  237.92   30.00   2      1783.08      1782.90
  1867   1867  237.92   32.00   2      1708.43      1708.35
  1868   1868  237.92   34.00   2      1638.57      1638.45
  1869   1869  237.92   36.00   2      1573.76      1573.47
  1870   1870  237.92   38.00   2      1511.35      1511.23
  1871   1871  237.92   40.00   2      1452.58      1452.40
  1872   1872  237.92   42.00   2      1396.05      1395.94
  1873   1873  237.92   44.00   2      1342.06      1341.88
  1874   1874  237.92   46.00   2      1289.83      1289.52
  1875   1875  237.92   48.00   2      1237.72      1237.53
  1876   1876  237.92   50.00   2      1186.73      1186.45
  1877   1877  237.92   52.00   2      1134.22      1134.10
  1878   1878  237.92   54.00   2      1081.20      1080.86
  1879   1879  237.92   56.00   2      1023.88      1023.71
  1880   1880  237.92   58.00   2       961.55       960.07
  1881   1881  237.92   60.00   2       887.62       886.17
  1882   1882  237.92   62.00   2       791.37       788.83
  1883   1883  237.92   64.00   2       675.01       672.74
  1884   1884  237.92   66.00   2       565.57       561.75
  1885   1885  237.92   68.00   2       464.65       461.89
  1886   1886  239.92   68.00   2       469.97       469.70
  1887   1887  239.92   66.00   2       554.29       555.66
  1888   1888  239.92   64.00   2       652.72       655.07
  1889   1889  239.92   62.00   2       764.05       765.57
  1890   1890  239.92   60.00   2       868.95       870.53
  1891   1891  239.92   58.00   2       950.48       951.90
  1892   1892  239.92   56.00   2      1017.91      1018.10
  1893   1893  239.92   54.00   2      1077.65      1077.80
  1894   1894  239.92   52.00   2      1132.78      1132.85
  1895   1895  239.92   50.00   2      1185.79      1185.85
  1896   1896  239.92   48.00   2      1237.49      1237.68
  1897   1897  239.92   46.00   2      1290.05      1290.04
  1898   1898  239.92   44.00   2      1342.59      1342.78
  1899   1899  239.92   42.00   2      1397.30      1397.35
  1900   1900  239.92   40.00   2      1453.28      1453.39
  1901   1901  239.92   38.00   2      1512.32      1512.34
  1902   1902  239.92   36.00   2      1573.76      1573.84
  1903   1903  239.92   34.00   2      1638.64      1638.86
  1904   1904  239.92   32.00   2      1708.47      1708.50
  1905   1905  239.92   30.00   2      1782.11      1782.27
  1906   1906  239.92   28.00   2      1861.83      1861.88
  1907   1907  239.92   26.00   2      1947.26      1947.38
  1908   1908  239.92   24.00   2      2040.19      2040.29
  1909   1909  239.92   22.00   2      2141.31      2141.45
  1910   1910  239.92   20.00   2      2251.32      2251.73
  1911   1911  239.92   18.00   2      2372.97      2373.11
  1912   1912  239.92   16.00   2      2505.55      2505.92
  1913   1913  239.92   14.00   2      2652.11      2652.29
  1914   1914  239.92   12.00   2      2810.56      2810.96
  1915   1915  239.92   10.00   2      2980.53      2980.82
  1916   1916  239.92    8.00   2      3155.73      3156.10
  1917   1917  239.92    6.00   2      3320.90      3321.20
  1918   1918  239.92    4.00   2      3443.90      3444.60
  1919   1919  239.92    2.00   2      3473.10      3470.70
  1920   1920  239.92    0.00   2      3264.20      3261.70
  1921   1921  241.92    0.00   2      3280.70      3280.60
  1922   1922  241.92    2.00   2      3450.50      3453.10
  1923   1923  241.92    4.00   2      3431.50      3429.00
  1924   1924  241.92    6.00   2      3300.80      3299.60
  1925   1925  241.92    8.00   2      3132.60      3132.10
  1926   1926  241.92   10.00   2      2960.70      2959.60
  1927   1927  241.92   12.00   2      2795.90      2793.00
  1928   1928  241.92   14.00   2      2632.16      2631.94
  1929   1929  241.92   16.00   2      2487.57      2487.35
  1930   1930  241.92   18.00   2      2355.23      2355.12
  1931   1931  241.92   20.00   2      2235.19      2235.08
  1932   1932  241.92   22.00   2      2126.20      2125.89
  1933   1933  241.92   24.00   2      2026.06      2025.99
  1934   1934  241.92   26.00   2      1934.51      1934.36
  1935   1935  241.92   28.00   2      1849.75      1849.71
  1936   1936  241.92   30.00   2      1771.72      1771.62
  1937   1937  241.92   32.00   2      1698.94      1698.72
  1938   1938  241.92   34.00   2      1630.46      1630.37
  1939   1939  241.92   36.00   2      1566.48      1566.32
  1940   1940  241.92   38.00   2      1505.83      1505.73
  1941   1941  241.92   40.00   2      1448.04      1447.95
  1942   1942  241.92   42.00   2      1393.25      1392.97
  1943   1943  241.92   44.00   2      1339.58      1339.48
  1944   1944  241.92   46.00   2      1288.01      1287.80
  1945   1945  241.92   48.00   2      1236.78      1236.72
  1946   1946  241.92   50.00   2      1186.44      1186.26
  1947   1947  241.92   52.00   2      1135.27      1135.19
  1948   1948  241.92   54.00   2      1082.97      1082.75
  1949   1949  241.92   56.00   2      1027.93      1027.59
  1950   1950  241.92   58.00   2       966.54       965.31
  1951   1951  241.92   60.00   2       895.33       894.99
  1952   1952  241.92   62.00   2       803.93       802.68
  1953   1953  241.92   64.00   2       692.32       690.68
  1954   1954  241.92   66.00   2       583.45       581.91
  1955   1955  241.92   68.00   2       483.11       480.55
  1956   1956  243.92   68.00   2       457.03       456.81
  1957   1957  243.92   66.00   2       538.01       538.20
  1958   1958  243.92   64.00   2       632.65       634.52
  1959   1959  243.92   62.00   2       739.31       741.05
  1960   1960  243.92   60.00   2       846.83       849.27
  1961   1961  243.92   58.00   2       931.85       933.08
  1962   1962  243.92   56.00   2      1001.53      1001.71
  1963   1963  243.92   54.00   2      1061.11      1061.33
  1964   1964  243.92   52.00   2      1116.30      1116.53
  1965   1965  243.92   50.00   2      1169.38      1169.45
  1966   1966  243.92   48.00   2      1220.77      1220.90
  1967   1967  243.92   46.00   2      1272.28      1272.40
  1968   1968  243.92   44.00   2      1324.44      1324.58
  1969   1969  243.92   42.00   2      1377.07      1377.34
  1970   1970  243.92   40.00   2      1432.59      1432.61
  1971   1971  243.92   38.00   2      1489.36      1489.55
  1972   1972  243.92   36.00   2      1549.80      1549.81
  1973   1973  243.92   34.00   2      1612.66      1612.82
  1974   1974  243.92   32.00   2      1680.08      1680.12
  1975   1975  243.92   30.00   2      1751.48      1751.57
  1976   1976  243.92   28.00   2      1828.07      1828.11
  1977   1977  243.92   26.00   2      1910.54      1910.62
  1978   1978  243.92   24.00   2      1999.83      1999.90
  1979   1979  243.92   22.00   2      2096.78      2096.86
  1980   1980  243.92   20.00   2      2202.37      2202.73
  1981   1981  243.92   18.00   2      2319.03      2319.14
  1982   1982  243.92   16.00   2      2446.23      2446.47
  1983   1983  243.92   14.00   2      2586.18      2586.34
  1984   1984  243.92   12.00   2      2738.36      2738.58
  1985   1985  243.92   10.00   2      2901.83      2902.11
  1986   1986  243.92    8.00   2      3072.68      3072.96
  1987   1987  243.92    6.00   2      3239.12      3240.30
  1988   1988  243.92    4.00   2      3378.50      3378.50
  1989   1989  243.92    2.00   2      3436.30      3436.80
  1990   1990  243.92    0.00   2      3315.20      3314.00
  1991   1991  245.92    0.00   2      3326.90      3327.90
  1992   1992  245.92    2.00   2      3394.20      3395.10
  1993   1993  245.92    4.00   2      3321.60      3318.90
  1994   1994  245.92    6.00   2      3174.10      3172.90
  1995   1995  245.92    8.00   2      3012.20      3009.20
  1996   1996  245.92   10.00   2      2840.00      2839.10
  1997   1997  245.92   12.00   2      2678.49      2678.27
  1998   1998  245.92   14.00   2      2531.18      2530.99
  1999   1999  245.92   16.00   2      2396.61      2396.15
  2000   2000  245.92   18.00   2      2272.77      2272.66
  2001   2001  245.92   20.00   2      2160.43      2160.19
  2002   2002  245.92   22.00   2      2057.62      2057.51
  2003   2003  245.92   24.00   2      1963.75      1963.50
  2004   2004  245.92   26.00   2      1877.38      1876.99
  2005   2005  245.92   28.00   2      1796.30      1796.30
  2006   2006  245.92   30.00   2      1722.38      1722.12
  2007   2007  245.92   32.00   2      1652.50      1652.41
  2008   2008  245.92   34.00   2      1587.28      1587.17
  2009   2009  245.92   36.00   2      1526.41      1526.14
  2010   2010  245.92   38.00   2      1467.53      1467.43
  2011   2011  245.92   40.00   2      1412.20      1411.91
  2012   2012  245.92   42.00   2      1357.85      1357.78
  2013   2013  245.92   44.00   2      1305.88      1305.77
  2014   2014  245.92   46.00   2      1255.94      1255.63
  2015   2015  245.92   48.00   2      1205.07      1204.96
  2016   2016  245.92   50.00   2      1154.45      1154.42
  2017   2017  245.92   52.00   2      1103.40      1103.20
  2018   2018  245.92   54.00   2      1050.00      1049.61
  2019   2019  245.92   56.00   2       991.57       991.28
  2020   2020  245.92   58.00   2       926.51       925.05
  2021   2021  245.92   60.00   2       845.91       843.52
  2022   2022  245.92   62.00   2       740.75       738.27
  2023   2023  245.92   64.00   2       629.46       627.48
  2024   2024  245.92   66.00   2       525.71       523.22
  2025   2025  247.92   66.00   2       465.04       463.68
  2026   2026  247.92   64.00   2       543.75       545.04
  2027   2027  247.92   62.00   2       639.37       640.84
  2028   2028  247.92   60.00   2       746.63       748.44
  2029   2029  247.92   58.00   2       853.04       853.28
  2030   2030  247.92   56.00   2       935.45       936.89
  2031   2031  247.92   54.00   2      1002.99      1004.29
  2032   2032  247.92   52.00   2      1063.10      1063.30
  2033   2033  247.92   50.00   2      1118.03      1118.17
  2034   2034  247.92   48.00   2      1169.95      1170.98
  2035   2035  247.92   46.00   2      1222.37      1222.43
  2036   2036  247.92   44.00   2      1273.24      1273.46
  2037   2037  247.92   42.00   2      1325.84      1325.92
  2038   2038  247.92   40.00   2      1378.72      1378.93
  2039   2039  247.92   38.00   2      1434.19      1434.24
  2040   2040  247.92   36.00   2      1491.52      1491.63
  2041   2041  247.92   34.00   2      1551.88      1551.88
  2042   2042  247.92   32.00   2      1615.18      1615.24
  2043   2043  247.92   30.00   2      1682.18      1682.38
  2044   2044  247.92   28.00   2      1754.43      1754.46
  2045   2045  247.92   26.00   2      1831.20      1831.38
  2046   2046  247.92   24.00   2      1914.37      1914.44
  2047   2047  247.92   22.00   2      2003.78      2003.93
  2048   2048  247.92   20.00   2      2101.65      2101.70
  2049   2049  247.92   18.00   2      2208.01      2208.19
  2050   2050  247.92   16.00   2      2324.81      2324.94
  2051   2051  247.92   14.00   2      2452.60      2452.74
  2052   2052  247.92   12.00   2      2591.15      2592.28
  2053   2053  247.92   10.00   2      2742.42      2742.64
  2054   2054  247.92    8.00   2      2902.59      2902.95
  2055   2055  247.92    6.00   2      3066.49      3066.77
  2056   2056  247.92    4.00   2      3217.79      3219.00
  2057   2057  247.92    2.00   2      3325.70      3326.10
  2058   2058  247.92    0.00   2      3325.90      3325.00
  2059   2059  249.92    0.00   2      3288.40      3287.10
  2060   2060  249.92    2.00   2      3238.20      3236.50
  2061   2061  249.92    4.00   2      3109.30      3108.50
  2062   2062  249.92    6.00   2      2957.50      2955.20
  2063   2063  249.92    8.00   2      2794.60      2793.70
  2064   2064  249.92   10.00   2      2639.91      2639.79
  2065   2065  249.92   12.00   2      2497.18      2496.82
  2066   2066  249.92   14.00   2      2365.05      2364.88
  2067   2067  249.92   16.00   2      2244.48      2244.18
  2068   2068  249.92   18.00   2      2133.93      2133.80
  2069   2069  249.92   20.00   2      2033.23      2033.02
  2070   2070  249.92   22.00   2      1940.58      1940.27
  2071   2071  249.92   24.00   2      1854.61      1854.59
  2072   2072  249.92   26.00   2      1776.10      1775.85
  2073   2073  249.92   28.00   2      1702.34      1702.19
  2074   2074  249.92   30.00   2      1633.74      1633.58
  2075   2075  249.92   32.00   2      1569.05      1568.98
  2076   2076  249.92   34.00   2      1508.35      1508.21
  2077   2077  249.92   36.00   2      1450.72      1450.45
  2078   2078  249.92   38.00   2      1394.91      1394.79
  2079   2079  249.92   40.00   2      1341.72      1341.51
  2080   2080  249.92   42.00   2      1289.54      1289.51
  2081   2081  249.92   44.00   2      1238.87      1238.65
  2082   2082  249.92   46.00   2      1188.85      1188.52
  2083   2083  249.92   48.00   2      1137.34      1137.22
  2084   2084  249.92   50.00   2      1085.49      1085.06
  2085   2085  249.92   52.00   2      1029.99      1029.88
  2086   2086  249.92   54.00   2       969.75       968.35
  2087   2087  249.92   56.00   2       899.29       898.06
  2088   2088  249.92   58.00   2       809.75       808.16
  2089   2089  249.92   60.00   2       699.23       695.84
  2090   2090  249.92   62.00   2       589.00       587.32
  2091   2091  249.92   64.00   2       487.52       485.25
  2092   2092  251.92   62.00   2       471.65       471.42
  2093   2093  251.92   60.00   2       556.77       556.81
  2094   2094  251.92   58.00   2       655.21       656.65
  2095   2095  251.92   56.00   2       765.33       767.82
  2096   2096  251.92   54.00   2       870.82       871.98
  2097   2097  251.92   52.00   2       951.15       952.47
  2098   2098  251.92   50.00   2      1017.44      1018.62
  2099   2099  251.92   48.00   2      1077.11      1077.19
  2100   2100  251.92   46.00   2      1131.61      1131.87
  2101   2101  251.92   44.00   2      1184.74      1184.79
  2102   2102  251.92   42.00   2      1236.56      1236.72
  2103   2103  251.92   40.00   2      1287.85      1288.18
  2104   2104  251.92   38.00   2      1341.58      1341.67
  2105   2105  251.92   36.00   2      1395.66      1395.85
  2106   2106  251.92   34.00   2      1452.29      1452.44
  2107   2107  251.92   32.00   2      1511.24      1511.39
  2108   2108  251.92   30.00   2      1573.47      1573.50
  2109   2109  251.92   28.00   2      1638.84      1638.93
  2110   2110  251.92   26.00   2      1708.76      1708.80
  2111   2111  251.92   24.00   2      1783.14      1783.23
  2112   2112  251.92   22.00   2      1863.24      1863.32
  2113   2113  251.92   20.00   2      1949.89      1949.94
  2114   2114  251.92   18.00   2      2043.17      2043.42
  2115   2115  251.92   16.00   2      2145.81      2145.90
  2116   2116  251.92   14.00   2      2257.04      2257.30
  2117   2117  251.92   12.00   2      2379.03      2379.15
  2118   2118  251.92   10.00   2      2511.21      2511.42
  2119   2119  251.92    8.00   2      2654.23      2654.44
  2120   2120  251.92    6.00   2      2806.08      2806.36
  2121   2121  251.92    4.00   2      2960.05      2960.27
  2122   2122  251.92    2.00   2      3101.36      3101.54
  2123   2123  251.92    0.00   2      3198.45      3198.70
  2124   2124  253.92    0.00   2      3069.66      3069.46
  2125   2125  253.92    2.00   2      2945.10      2944.96
  2126   2126  253.92    4.00   2      2799.18      2799.02
  2127   2127  253.92    6.00   2      2651.39      2650.95
  2128   2128  253.92    8.00   2      2508.59      2508.39
  2129   2129  253.92   10.00   2      2375.96      2375.67
  2130   2130  253.92   12.00   2      2253.34      2253.20
  2131   2131  253.92   14.00   2      2141.20      2141.01
  2132   2132  253.92   16.00   2      2039.23      2038.07
  2133   2133  253.92   18.00   2      1943.95      1943.82
  2134   2134  253.92   20.00   2      1857.00      1856.76
  2135   2135  253.92   22.00   2      1776.39      1776.29
  2136   2136  253.92   24.00   2      1701.58      1701.39
  2137   2137  253.92   26.00   2      1631.60      1631.56
  2138   2138  253.92   28.00   2      1566.10      1565.99
  2139   2139  253.92   30.00   2      1504.47      1504.21
  2140   2140  253.92   32.00   2      1445.43      1445.33
  2141   2141  253.92   34.00   2      1389.34      1389.19
  2142   2142  253.92   36.00   2      1335.11      1335.07
  2143   2143  253.92   38.00   2      1282.62      1282.48
  2144   2144  253.92   40.00   2      1231.59      1231.32
  2145   2145  253.92   42.00   2      1179.66      1179.47
  2146   2146  253.92   44.00   2      1127.67      1127.50
  2147   2147  253.92   46.00   2      1073.87      1073.72
  2148   2148  253.92   48.00   2      1016.93      1016.56
  2149   2149  253.92   50.00   2       953.35       951.87
  2150   2150  253.92   52.00   2       877.61       876.37
  2151   2151  253.92   54.00   2       778.05       776.25
  2152   2152  253.92   56.00   2       663.20       660.66
  2153   2153  253.92   58.00   2       553.64       552.18
  2154   2154  253.92   60.00   2       453.58       450.12
  2155   2155  255.92   58.00   2       394.38       394.06
  2156   2156  255.92   56.00   2       472.01       473.02
  2157   2157  255.92   54.00   2       565.18       567.57
  2158   2158  255.92   52.00   2       672.41       674.82
  2159   2159  255.92   50.00   2       787.79       789.45
  2160   2160  255.92   48.00   2       890.05       891.41
  2161   2161  255.92   46.00   2       969.09       970.22
  2162   2162  255.92   44.00   2      1034.54      1035.80
  2163   2163  255.92   42.00   2      1093.99      1094.13
  2164   2164  255.92   40.00   2      1149.08      1149.30
  2165   2165  255.92   38.00   2      1202.93      1202.98
  2166   2166  255.92   36.00   2      1255.85      1255.96
  2167   2167  255.92   34.00   2      1309.05      1309.24
  2168   2168  255.92   32.00   2      1364.33      1364.42
  2169   2169  255.92   30.00   2      1420.21      1420.50
  2170   2170  255.92   28.00   2      1479.49      1479.55
  2171   2171  255.92   26.00   2      1540.87      1540.94
  2172   2172  255.92   24.00   2      1606.12      1606.16
  2173   2173  255.92   22.00   2      1675.29      1675.28
  2174   2174  255.92   20.00   2      1749.34      1749.37
  2175   2175  255.92   18.00   2      1828.75      1828.84
  2176   2176  255.92   16.00   2      1913.91      1914.22
  2177   2177  255.92   14.00   2      2006.99      2007.10
  2178   2178  255.92   12.00   2      2107.37      2107.56
  2179   2179  255.92   10.00   2      2217.25      2217.38
  2180   2180  255.92    8.00   2      2336.07      2336.27
  2181   2181  255.92    6.00   2      2465.06      2465.18
  2182   2182  255.92    4.00   2      2602.08      2602.31
  2183   2183  255.92    2.00   2      2743.57      2743.74
  2184   2184  255.92    0.00   2      2879.26      2879.44
  2185   2185  257.92    0.00   2      2651.67      2651.48
  2186   2186  257.92    2.00   2      2520.61      2520.36
  2187   2187  257.92    4.00   2      2391.23      2391.10
  2188   2188  257.92    6.00   2      2268.43      2268.25
  2189   2189  257.92    8.00   2      2154.89      2154.51
  2190   2190  257.92   10.00   2      2048.66      2048.61
  2191   2191  257.92   12.00   2      1951.71      1951.51
  2192   2192  257.92   14.00   2      1862.23      1862.12
  2193   2193  257.92   16.00   2      1779.28      1779.15
  2194   2194  257.92   18.00   2      1702.90      1702.62
  2195   2195  257.92   20.00   2      1630.48      1630.41
  2196   2196  257.92   22.00   2      1563.69      1563.43
  2197   2197  257.92   24.00   2      1499.85      1499.81
  2198   2198  257.92   26.00   2      1439.87      1439.75
  2199   2199  257.92   28.00   2      1382.46      1382.36
  2200   2200  257.92   30.00   2      1327.05      1326.90
  2201   2201  257.92   32.00   2      1273.75      1273.46
  2202   2202  257.92   34.00   2      1220.09      1220.00
  2203   2203  257.92   36.00   2      1168.02      1167.73
  2204   2204  257.92   38.00   2      1114.05      1113.94
  2205   2205  257.92   40.00   2      1058.39      1058.14
  2206   2206  257.92   42.00   2       998.10       997.85
  2207   2207  257.92   44.00   2       930.09       928.82
  2208   2208  257.92   46.00   2       846.18       844.86
  2209   2209  257.92   48.00   2       735.58       732.30
  2210   2210  257.92   50.00   2       618.86       616.10
  2211   2211  257.92   52.00   2       511.24       508.51
  2212   2212  257.92   54.00   2       411.89       409.32
  2213   2213  259.92   52.00   2       306.62       305.20
  2214   2214  259.92   50.00   2       373.77       373.99
  2215   2215  259.92   48.00   2       457.60       458.77
  2216   2216  259.92   46.00   2       552.99       555.97
  2217   2217  259.92   44.00   2       661.98       664.58
  2218   2218  259.92   42.00   2       781.68       782.92
  2219   2219  259.92   40.00   2       888.07       889.81
  2220   2220  259.92   38.00   2       969.66       970.00
  2221   2221  259.92   36.00   2      1036.97      1037.21
  2222   2222  259.92   34.00   2      1097.18      1097.48
  2223   2223  259.92   32.00   2      1154.19      1154.33
  2224   2224  259.92   30.00   2      1208.91      1209.16
  2225   2225  259.92   28.00   2      1263.52      1263.60
  2226   2226  259.92   26.00   2      1318.58      1318.71
  2227   2227  259.92   24.00   2      1375.31      1375.32
  2228   2228  259.92   22.00   2      1433.71      1433.72
  2229   2229  259.92   20.00   2      1494.15      1494.41
  2230   2230  259.92   18.00   2      1559.23      1559.26
  2231   2231  259.92   16.00   2      1627.00      1627.17
  2232   2232  259.92   14.00   2      1700.15      1700.17
  2233   2233  259.92   12.00   2      1777.55      1777.73
  2234   2234  259.92   10.00   2      1861.50      1861.55
  2235   2235  259.92    8.00   2      1951.08      1951.22
  2236   2236  259.92    6.00   2      2048.04      2048.13
  2237   2237  259.92    4.00   2      2152.10      2152.20
  2238   2238  259.92    2.00   2      2262.51      2262.97
  2239   2239  259.92    0.00   2      2379.72      2379.80
  2240   2240  261.92    0.00   2      2087.98      2087.85
  2241   2241  261.92    2.00   2      1992.69      1992.52
  2242   2242  261.92    4.00   2      1902.26      1902.19
  2243   2243  261.92    6.00   2      1817.13      1817.03
  2244   2244  261.92    8.00   2      1737.58      1737.26
  2245   2245  261.92   10.00   2      1662.13      1662.06
  2246   2246  261.92   12.00   2      1591.87      1591.67
  2247   2247  261.92   14.00   2      1525.42      1525.31
  2248   2248  261.92   16.00   2      1462.59      1462.48
  2249   2249  261.92   18.00   2      1403.19      1402.95
  2250   2250  261.92   20.00   2      1345.37      1345.23
  2251   2251  261.92   22.00   2      1290.13      1289.86
  2252   2252  261.92   24.00   2      1235.44      1235.36
  2253   2253  261.92   26.00   2      1181.56      1181.45
  2254   2254  261.92   28.00   2      1127.20      1127.10
  2255   2255  261.92   30.00   2      1071.29      1071.02
  2256   2256  261.92   32.00   2      1010.75      1010.63
  2257   2257  261.92   34.00   2       943.30       942.87
  2258   2258  261.92   36.00   2       862.00       859.57
  2259   2259  261.92   38.00   2       751.89       750.53
  2260   2260  261.92   40.00   2       635.44       631.44
  2261   2261  261.92   42.00   2       524.06       520.78
  2262   2262  261.92   44.00   2       422.94       420.42
  2263   2263  261.92   46.00   2       334.28       331.46
  2264   2264  261.92   48.00   2       257.64       256.35
  2265   2265  263.92   42.00   2       233.99       234.05
  2266   2266  263.92   40.00   2       294.79       295.05
  2267   2267  263.92   38.00   2       368.90       370.43
  2268   2268  263.92   36.00   2       457.80       458.05
  2269   2269  263.92   34.00   2       556.33       558.85
  2270   2270  263.92   32.00   2       667.67       669.36
  2271   2271  263.92   30.00   2       788.23       790.89
  2272   2272  263.92   28.00   2       895.53       896.72
  2273   2273  263.92   26.00   2       975.96       977.11
  2274   2274  263.92   24.00   2      1043.27      1043.62
  2275   2275  263.92   22.00   2      1104.12      1104.21
  2276   2276  263.92   20.00   2      1160.63      1160.82
  2277   2277  263.92   18.00   2      1216.10      1216.16
  2278   2278  263.92   16.00   2      1270.95      1271.01
  2279   2279  263.92   14.00   2      1326.66      1326.71
  2280   2280  263.92   12.00   2      1383.21      1383.28
  2281   2281  263.92   10.00   2      1441.39      1441.52
  2282   2282  263.92    8.00   2      1502.45      1502.51
  2283   2283  263.92    6.00   2      1565.59      1565.73
  2284   2284  263.92    4.00   2      1631.86      1631.90
  2285   2285  263.92    2.00   2      1700.83      1700.96
  2286   2286  263.92    0.00   2      1772.43      1772.46
  2287   2287  265.92    0.00   2      1450.04      1449.80
  2288   2288  265.92    2.00   2      1399.48      1399.38
  2289   2289  265.92    4.00   2      1349.56      1349.43
  2290   2290  265.92    6.00   2      1299.12      1299.09
  2291   2291  265.92    8.00   2      1249.34      1249.22
  2292   2292  265.92   10.00   2      1199.36      1199.06
  2293   2293  265.92   12.00   2      1147.72      1147.54
  2294   2294  265.92   14.00   2      1095.00      1094.72
  2295   2295  265.92   16.00   2      1039.17      1039.06
  2296   2296  265.92   18.00   2       977.77       976.43
  2297   2297  265.92   20.00   2       906.19       905.04
  2298   2298  265.92   22.00   2       815.14       813.45
  2299   2299  265.92   24.00   2       700.86       699.29
  2300   2300  265.92   26.00   2       589.49       588.04
  2301   2301  265.92   28.00   2       486.30       483.76
  2302   2302  265.92   30.00   2       391.40       389.72
  2303   2303  265.92   32.00   2       309.58       307.59
  2304   2304  265.92   34.00   2       239.56       238.03
  2305   2305  265.92   36.00   2       184.30       183.83
  2306   2306  267.92   30.00   2       122.89       123.03
  2307   2307  267.92   28.00   2       137.61       137.52
  2308   2308  267.92   26.00   2       162.56       162.72
  2309   2309  267.92   24.00   2       201.06       201.22
  2310   2310  267.92   22.00   2       251.30       252.44
  2311   2311  267.92   20.00   2       313.40       314.71
  2312   2312  267.92   18.00   2       384.93       386.50
  2313   2313  267.92   16.00   2       466.53       467.79
  2314   2314  267.92   14.00   2       555.27       557.30
  2315   2315  267.92   12.00   2       652.46       654.79
  2316   2316  267.92   10.00   2       754.32       757.15
  2317   2317  267.92    8.00   2       850.86       852.56
  2318   2318  267.92    6.00   2       925.38       926.75
  2319   2319  267.92    4.00   2       984.60       984.93
  2320   2320  267.92    2.00   2      1033.26      1033.49
  2321   2321  267.92    0.00   2      1074.49      1074.60
  2322   2322  269.92    0.00   2       274.44       269.57
  2323   2323  269.92    2.00   2       237.23       235.94
  2324   2324  269.92    4.00   2       207.84       206.52
  2325   2325  269.92    6.00   2       181.14       180.95
  2326   2326  269.92    8.00   2       158.66       158.34
  2327   2327  269.92   10.00   2       140.54       140.33
  2328   2328  269.92   12.00   2       127.76       127.51
  2329   2329  269.92   14.00   2       119.53       119.47
  2330   2330  269.92   16.00   2       116.15       116.00
  2331   2331  269.92   18.00   2       115.66       115.60
  2332   2332  269.92   20.00   2       115.48       115.47
# END: scan time was  10599.6633201  seconds
