# Sensor scan measurement of Sensor IR2
# Iin=    34.81 mA ,  Vin= 12136.30 mV, T=    19.18 C 
# scanRangeX 151.50 mm; scanRangeY  70.00 mm; stepSize   2.00 mm; initialOffset   4.00 mm; sensorX 195.50 mm; start position at (x|y)=(119.92|  0.00) mm
# iStep, iStep, Pos x, Pos y, nMeas, Meas1 ... MeasN
   591    591  161.92    0.00   2       112.21       112.21
   592    592  161.92    2.00   2       112.15       112.17
   593    593  161.92    4.00   2       112.17       112.19
   594    594  161.92    6.00   2       112.22       112.21
   595    595  161.92    8.00   2       112.23       112.22
   596    596  161.92   10.00   2       112.71       112.49
   597    597  161.92   12.00   2       112.26       112.24
   598    598  161.92   14.00   2       113.74       112.09
   599    599  161.92   16.00   2       112.23       112.21
   600    600  161.92   18.00   2       112.14       112.16
   626    626  163.92    0.00   2       182.75       182.81
   627    627  163.92    2.00   2       150.82       150.86
   628    628  163.92    4.00   2       128.64       128.67
   629    629  163.92    6.00   2       115.27       117.34
   630    630  163.92    8.00   2       113.20       113.20
   631    631  163.92   10.00   2       114.97       112.44
   632    632  163.92   12.00   2       112.38       112.41
   633    633  163.92   14.00   2       114.99       112.37
   634    634  163.92   16.00   2       112.46       112.40
   635    635  163.92   18.00   2       115.03       112.23
   636    636  163.92   20.00   2       112.81       112.59
   637    637  163.92   22.00   2       112.25       112.23
   638    638  163.92   24.00   2       113.16       112.13
   639    639  163.92   26.00   2       112.20       112.18
   640    640  163.92   28.00   2       113.80       112.07
   641    641  163.92   30.00   2       112.14       112.15
   660    660  165.92    0.00   2      1136.25      1136.54
   661    661  165.92    2.00   2      1079.51      1079.57
   662    662  165.92    4.00   2      1014.12      1014.15
   663    663  165.92    6.00   2       940.07       940.01
   664    664  165.92    8.00   2       853.68       853.66
   665    665  165.92   10.00   2       743.66       743.70
   666    666  165.92   12.00   2       629.82       632.52
   667    667  165.92   14.00   2       527.90       526.50
   668    668  165.92   16.00   2       401.02       399.84
   669    669  165.92   18.00   2       263.98       262.58
   670    670  165.92   20.00   2       170.25       170.04
   671    671  165.92   22.00   2       127.93       127.84
   672    672  165.92   24.00   2       115.01       113.82
   673    673  165.92   26.00   2       112.43       112.42
   674    674  165.92   28.00   2       114.64       112.23
   675    675  165.92   30.00   2       112.35       112.33
   676    676  165.92   32.00   2       114.94       112.21
   677    677  165.92   34.00   2       112.35       112.32
   678    678  165.92   36.00   2       114.98       112.21
   694    694  167.92    0.00   2      1543.03      1543.17
   695    695  167.92    2.00   2      1472.17      1472.17
   696    696  167.92    4.00   2      1400.00      1399.96
   697    697  167.92    6.00   2      1329.11      1329.08
   698    698  167.92    8.00   2      1260.63      1260.56
   699    699  167.92   10.00   2      1194.34      1194.51
   700    700  167.92   12.00   2      1125.35      1133.22
   701    701  167.92   14.00   2      1045.69      1069.56
   702    702  167.92   16.00   2       990.60       990.40
   703    703  167.92   18.00   2       889.23       888.92
   704    704  167.92   20.00   2       759.73       759.51
   705    705  167.92   22.00   2       606.72       606.41
   706    706  167.92   24.00   2       464.26       463.96
   707    707  167.92   26.00   2       339.90       339.66
   708    708  167.92   28.00   2       237.62       237.76
   709    709  167.92   30.00   2       165.23       166.14
   710    710  167.92   32.00   2       126.62       126.82
   711    711  167.92   34.00   2       114.71       114.42
   712    712  167.92   36.00   2       112.59       112.54
   713    713  167.92   38.00   2       114.99       112.37
   714    714  167.92   40.00   2       112.82       112.60
   715    715  167.92   42.00   2       112.29       112.29
   727    727  169.92    0.00   2      1890.87      1891.09
   728    728  169.92    2.00   2      1785.29      1799.95
   729    729  169.92    4.00   2      1675.67      1709.00
   730    730  169.92    6.00   2      1621.05      1620.92
   731    731  169.92    8.00   2      1537.43      1537.41
   732    732  169.92   10.00   2      1459.77      1459.76
   733    733  169.92   12.00   2      1387.42      1387.36
   734    734  169.92   14.00   2      1317.02      1317.04
   735    735  169.92   16.00   2      1240.79      1243.38
   736    736  169.92   18.00   2      1157.78      1170.78
   737    737  169.92   20.00   2      1101.43      1101.28
   738    738  169.92   22.00   2      1030.20      1030.07
   739    739  169.92   24.00   2       950.92       950.76
   740    740  169.92   26.00   2       855.60       855.43
   741    741  169.92   28.00   2       721.95       721.78
   742    742  169.92   30.00   2       571.21       572.54
   743    743  169.92   32.00   2       434.03       439.22
   744    744  169.92   34.00   2       325.00       323.61
   745    745  169.92   36.00   2       232.65       232.36
   746    746  169.92   38.00   2       165.81       165.61
   747    747  169.92   40.00   2       128.30       128.29
   748    748  169.92   42.00   2       114.88       114.76
   749    749  169.92   44.00   2       112.53       112.53
   750    750  169.92   46.00   2       114.65       112.32
   759    759  171.92    0.00   2      2210.03      2210.33
   760    760  171.92    2.00   2      2083.22      2101.16
   761    761  171.92    4.00   2      1991.22      1991.02
   762    762  171.92    6.00   2      1884.42      1884.36
   763    763  171.92    8.00   2      1783.90      1783.85
   764    764  171.92   10.00   2      1690.53      1690.51
   765    765  171.92   12.00   2      1603.54      1603.53
   766    766  171.92   14.00   2      1518.24      1521.45
   767    767  171.92   16.00   2      1423.70      1441.45
   768    768  171.92   18.00   2      1367.07      1366.98
   769    769  171.92   20.00   2      1297.31      1297.19
   770    770  171.92   22.00   2      1229.18      1229.12
   771    771  171.92   24.00   2      1162.01      1161.95
   772    772  171.92   26.00   2      1094.77      1094.74
   773    773  171.92   28.00   2      1024.91      1025.15
   774    774  171.92   30.00   2       946.92       949.85
   775    775  171.92   32.00   2       847.15       860.41
   776    776  171.92   34.00   2       737.56       736.16
   777    777  171.92   36.00   2       597.05       595.74
   778    778  171.92   38.00   2       466.06       464.66
   779    779  171.92   40.00   2       352.94       352.67
   780    780  171.92   42.00   2       259.16       258.93
   781    781  171.92   44.00   2       187.03       186.95
   782    782  171.92   46.00   2       140.87       140.90
   783    783  171.92   48.00   2       119.44       119.42
   784    784  171.92   50.00   2       114.92       112.64
   790    790  173.92    0.00   2      2495.40      2495.77
   791    791  173.92    2.00   2      2374.65      2374.64
   792    792  173.92    4.00   2      2247.44      2247.57
   793    793  173.92    6.00   2      2115.66      2124.30
   794    794  173.92    8.00   2      1962.91      2006.90
   795    795  173.92   10.00   2      1897.42      1897.37
   796    796  173.92   12.00   2      1796.05      1795.99
   797    797  173.92   14.00   2      1700.97      1700.96
   798    798  173.92   16.00   2      1612.89      1612.88
   799    799  173.92   18.00   2      1531.32      1531.37
   800    800  173.92   20.00   2      1448.18      1455.49
   801    801  173.92   22.00   2      1364.72      1383.34
   802    802  173.92   24.00   2      1314.53      1314.42
   803    803  173.92   26.00   2      1248.54      1248.50
   804    804  173.92   28.00   2      1184.56      1184.47
   805    805  173.92   30.00   2      1120.47      1120.52
   806    806  173.92   32.00   2      1055.91      1055.91
   807    807  173.92   34.00   2       987.09       987.24
   808    808  173.92   36.00   2       903.03       911.39
   809    809  173.92   38.00   2       816.22       815.83
   810    810  173.92   40.00   2       687.80       686.29
   811    811  173.92   42.00   2       555.08       554.87
   812    812  173.92   44.00   2       436.19       434.90
   813    813  173.92   46.00   2       333.14       332.97
   814    814  173.92   48.00   2       247.93       247.92
   815    815  173.92   50.00   2       181.98       182.90
   816    816  173.92   52.00   2       139.98       140.16
   817    817  173.92   54.00   2       119.64       119.75
   820    820  175.92    0.00   2      2728.16      2728.44
   821    821  175.92    2.00   2      2607.98      2608.01
   822    822  175.92    4.00   2      2472.43      2473.45
   823    823  175.92    6.00   2      2325.24      2337.74
   824    824  175.92    8.00   2      2207.72      2207.50
   825    825  175.92   10.00   2      2084.85      2084.69
   826    826  175.92   12.00   2      1970.57      1970.50
   827    827  175.92   14.00   2      1864.35      1864.29
   828    828  175.92   16.00   2      1766.78      1766.92
   829    829  175.92   18.00   2      1661.94      1677.53
   830    830  175.92   20.00   2      1594.01      1593.88
   831    831  175.92   22.00   2      1516.11      1515.98
   832    832  175.92   24.00   2      1442.95      1442.93
   833    833  175.92   26.00   2      1374.73      1374.64
   834    834  175.92   28.00   2      1308.85      1308.86
   835    835  175.92   30.00   2      1243.19      1246.01
   836    836  175.92   32.00   2      1177.29      1184.91
   837    837  175.92   34.00   2      1124.36      1124.25
   838    838  175.92   36.00   2      1063.08      1062.91
   839    839  175.92   38.00   2       998.53       998.45
   840    840  175.92   40.00   2       928.19       928.11
   841    841  175.92   42.00   2       843.63       843.61
   842    842  175.92   44.00   2       729.25       729.21
   843    843  175.92   46.00   2       597.90       601.10
   844    844  175.92   48.00   2       475.23       483.66
   845    845  175.92   50.00   2       380.14       378.88
   846    846  175.92   52.00   2       290.77       289.28
   847    847  175.92   54.00   2       216.92       216.81
   848    848  175.92   56.00   2       164.12       163.99
   849    849  175.92   58.00   2       132.71       132.58
   850    850  177.92    0.00   2      2914.11      2914.41
   851    851  177.92    2.00   2      2805.24      2805.16
   852    852  177.92    4.00   2      2671.50      2671.26
   853    853  177.92    6.00   2      2527.07      2527.03
   854    854  177.92    8.00   2      2386.73      2386.66
   855    855  177.92   10.00   2      2252.75      2252.75
   856    856  177.92   12.00   2      2125.82      2127.26
   857    857  177.92   14.00   2      1997.83      2012.03
   858    858  177.92   16.00   2      1905.72      1905.56
   859    859  177.92   18.00   2      1807.87      1807.73
   860    860  177.92   20.00   2      1717.26      1717.22
   861    861  177.92   22.00   2      1633.48      1633.47
   862    862  177.92   24.00   2      1555.39      1555.44
   863    863  177.92   26.00   2      1482.41      1482.54
   864    864  177.92   28.00   2      1410.32      1414.58
   865    865  177.92   30.00   2      1323.66      1349.84
   866    866  177.92   32.00   2      1287.85      1287.75
   867    867  177.92   34.00   2      1228.09      1228.03
   868    868  177.92   36.00   2      1169.76      1169.70
   869    869  177.92   38.00   2      1111.54      1111.70
   870    870  177.92   40.00   2      1044.77      1053.12
   871    871  177.92   42.00   2       991.05       990.97
   872    872  177.92   44.00   2       923.24       923.12
   873    873  177.92   46.00   2       841.68       841.60
   874    874  177.92   48.00   2       732.70       732.52
   875    875  177.92   50.00   2       610.88       610.71
   876    876  177.92   52.00   2       495.35       497.06
   877    877  177.92   54.00   2       400.14       398.90
   878    878  177.92   56.00   2       314.80       312.90
   879    879  177.92   58.00   2       240.57       240.17
   880    880  177.92   60.00   2       183.91       182.58
   881    881  179.92    0.00   2      3050.88      3050.99
   882    882  179.92    2.00   2      2909.65      2960.57
   883    883  179.92    4.00   2      2832.40      2829.25
   884    884  179.92    6.00   2      2680.93      2682.37
   885    885  179.92    8.00   2      2534.76      2536.34
   886    886  179.92   10.00   2      2400.52      2400.56
   887    887  179.92   12.00   2      2265.28      2267.22
   888    888  179.92   14.00   2      2127.73      2143.31
   889    889  179.92   16.00   2      1981.47      2028.79
   890    890  179.92   18.00   2      1924.04      1923.92
   891    891  179.92   20.00   2      1827.34      1827.32
   892    892  179.92   22.00   2      1738.84      1738.76
   893    893  179.92   24.00   2      1656.51      1656.51
   894    894  179.92   26.00   2      1579.90      1579.89
   895    895  179.92   28.00   2      1507.09      1507.35
   896    896  179.92   30.00   2      1414.84      1440.55
   897    897  179.92   32.00   2      1345.94      1376.53
   898    898  179.92   34.00   2      1315.75      1315.61
   899    899  179.92   36.00   2      1256.91      1256.95
   900    900  179.92   38.00   2      1200.51      1200.41
   901    901  179.92   40.00   2      1144.19      1144.17
   902    902  179.92   42.00   2      1088.54      1088.48
   903    903  179.92   44.00   2      1029.91      1031.04
   904    904  179.92   46.00   2       959.61       969.50
   905    905  179.92   48.00   2       901.34       901.16
   906    906  179.92   50.00   2       820.71       820.46
   907    907  179.92   52.00   2       713.45       711.71
   908    908  179.92   54.00   2       599.29       596.84
   909    909  179.92   56.00   2       491.62       489.18
   910    910  179.92   58.00   2       395.64       394.34
   911    911  179.92   60.00   2       313.24       311.81
   912    912  179.92   62.00   2       243.60       242.23
   913    913  181.92    0.00   2      3149.67      3155.80
   914    914  181.92    2.00   2      3098.49      3118.10
   915    915  181.92    4.00   2      2994.67      3008.72
   916    916  181.92    6.00   2      2800.83      2865.57
   917    917  181.92    8.00   2      2710.62      2710.49
   918    918  181.92   10.00   2      2557.37      2557.27
   919    919  181.92   12.00   2      2412.05      2412.02
   920    920  181.92   14.00   2      2276.83      2276.75
   921    921  181.92   16.00   2      2153.09      2153.04
   922    922  181.92   18.00   2      2038.50      2038.52
   923    923  181.92   20.00   2      1927.41      1934.09
   924    924  181.92   22.00   2      1838.41      1838.32
   925    925  181.92   24.00   2      1750.39      1750.22
   926    926  181.92   26.00   2      1668.21      1668.23
   927    927  181.92   28.00   2      1592.66      1592.61
   928    928  181.92   30.00   2      1521.69      1521.68
   929    929  181.92   32.00   2      1453.15      1455.29
   930    930  181.92   34.00   2      1380.81      1392.82
   931    931  181.92   36.00   2      1304.47      1332.96
   932    932  181.92   38.00   2      1275.72      1275.58
   933    933  181.92   40.00   2      1220.29      1220.17
   934    934  181.92   42.00   2      1165.53      1165.49
   935    935  181.92   44.00   2      1111.19      1111.17
   936    936  181.92   46.00   2      1056.98      1056.85
   937    937  181.92   48.00   2      1000.11       999.90
   938    938  181.92   50.00   2       938.35       937.17
   939    939  181.92   52.00   2       867.18       865.81
   940    940  181.92   54.00   2       776.61       776.44
   941    941  181.92   56.00   2       665.56       663.71
   942    942  181.92   58.00   2       557.22       555.51
   943    943  181.92   60.00   2       458.46       456.96
   944    944  181.92   62.00   2       370.47       368.89
   945    945  181.92   64.00   2       295.89       294.39
   946    946  183.92    0.00   2      3236.88      3237.14
   947    947  183.92    2.00   2      3244.22      3246.87
   948    948  183.92    4.00   2      3130.62      3151.12
   949    949  183.92    6.00   2      2935.39      3009.66
   950    950  183.92    8.00   2      2849.88      2849.62
   951    951  183.92   10.00   2      2688.46      2688.45
   952    952  183.92   12.00   2      2533.68      2533.59
   953    953  183.92   14.00   2      2389.53      2389.55
   954    954  183.92   16.00   2      2249.36      2256.72
   955    955  183.92   18.00   2      2097.04      2135.16
   956    956  183.92   20.00   2      2024.34      2024.21
   957    957  183.92   22.00   2      1922.66      1922.57
   958    958  183.92   24.00   2      1829.32      1829.23
   959    959  183.92   26.00   2      1743.06      1743.03
   960    960  183.92   28.00   2      1663.63      1663.69
   961    961  183.92   30.00   2      1587.03      1589.88
   962    962  183.92   32.00   2      1489.12      1521.09
   963    963  183.92   34.00   2      1456.01      1455.85
   964    964  183.92   36.00   2      1394.70      1394.65
   965    965  183.92   38.00   2      1336.24      1336.18
   966    966  183.92   40.00   2      1280.97      1280.84
   967    967  183.92   42.00   2      1226.90      1226.80
   968    968  183.92   44.00   2      1174.16      1173.91
   969    969  183.92   46.00   2      1121.89      1121.58
   970    970  183.92   48.00   2      1068.46      1068.34
   971    971  183.92   50.00   2      1014.00      1013.81
   972    972  183.92   52.00   2       955.65       954.58
   973    973  183.92   54.00   2       890.01       889.56
   974    974  183.92   56.00   2       810.70       809.55
   975    975  183.92   58.00   2       707.54       705.82
   976    976  183.92   60.00   2       600.45       598.66
   977    977  183.92   62.00   2       500.88       499.22
   978    978  183.92   64.00   2       412.93       411.58
   979    979  183.92   66.00   2       335.41       334.20
   980    980  185.92    0.00   2      3266.65      3267.98
   981    981  185.92    2.00   2      3339.20      3339.10
   982    982  185.92    4.00   2      3270.69      3270.69
   983    983  185.92    6.00   2      3134.75      3134.65
   984    984  185.92    8.00   2      2971.98      2972.01
   985    985  185.92   10.00   2      2804.96      2804.88
   986    986  185.92   12.00   2      2642.02      2642.06
   987    987  185.92   14.00   2      2486.57      2489.38
   988    988  185.92   16.00   2      2324.69      2348.87
   989    989  185.92   18.00   2      2219.93      2219.74
   990    990  185.92   20.00   2      2102.88      2102.75
   991    991  185.92   22.00   2      1995.51      1995.48
   992    992  185.92   24.00   2      1897.18      1897.20
   993    993  185.92   26.00   2      1806.32      1807.77
   994    994  185.92   28.00   2      1710.46      1725.07
   995    995  185.92   30.00   2      1648.16      1648.04
   996    996  185.92   32.00   2      1577.08      1577.05
   997    997  185.92   34.00   2      1510.44      1510.29
   998    998  185.92   36.00   2      1447.86      1447.75
   999    999  185.92   38.00   2      1388.32      1388.13
  1000   1000  185.92   40.00   2      1331.84      1331.61
  1001   1001  185.92   42.00   2      1277.05      1276.91
  1002   1002  185.92   44.00   2      1224.18      1224.05
  1003   1003  185.92   46.00   2      1172.79      1172.55
  1004   1004  185.92   48.00   2      1121.71      1121.44
  1005   1005  185.92   50.00   2      1069.87      1069.71
  1006   1006  185.92   52.00   2      1016.95      1016.71
  1007   1007  185.92   54.00   2       960.52       960.19
  1008   1008  185.92   56.00   2       896.82       896.56
  1009   1009  185.92   58.00   2       822.13       821.72
  1010   1010  185.92   60.00   2       724.96       723.27
  1011   1011  185.92   62.00   2       622.03       620.40
  1012   1012  185.92   64.00   2       525.88       523.43
  1013   1013  185.92   66.00   2       438.68       436.10
  1014   1014  187.92    0.00   2      3272.26      3272.52
  1015   1015  187.92    2.00   2      3406.90      3406.80
  1016   1016  187.92    4.00   2      3367.30      3365.00
  1017   1017  187.92    6.00   2      3234.13      3234.03
  1018   1018  187.92    8.00   2      3064.00      3069.46
  1019   1019  187.92   10.00   2      2859.22      2896.18
  1020   1020  187.92   12.00   2      2726.80      2726.64
  1021   1021  187.92   14.00   2      2568.63      2568.61
  1022   1022  187.92   16.00   2      2422.09      2422.04
  1023   1023  187.92   18.00   2      2288.02      2287.96
  1024   1024  187.92   20.00   2      2165.15      2165.31
  1025   1025  187.92   22.00   2      2028.32      2054.58
  1026   1026  187.92   24.00   2      1953.95      1953.78
  1027   1027  187.92   26.00   2      1861.16      1860.89
  1028   1028  187.92   28.00   2      1775.44      1775.32
  1029   1029  187.92   30.00   2      1696.29      1696.17
  1030   1030  187.92   32.00   2      1622.87      1622.77
  1031   1031  187.92   34.00   2      1554.51      1554.38
  1032   1032  187.92   36.00   2      1490.21      1489.93
  1033   1033  187.92   38.00   2      1429.69      1429.33
  1034   1034  187.92   40.00   2      1371.64      1371.54
  1035   1035  187.92   42.00   2      1316.90      1316.82
  1036   1036  187.92   44.00   2      1264.14      1264.01
  1037   1037  187.92   46.00   2      1212.86      1212.56
  1038   1038  187.92   48.00   2      1162.11      1162.00
  1039   1039  187.92   50.00   2      1112.33      1112.20
  1040   1040  187.92   52.00   2      1061.92      1061.78
  1041   1041  187.92   54.00   2      1009.49      1009.13
  1042   1042  187.92   56.00   2       953.73       953.45
  1043   1043  187.92   58.00   2       892.11       890.98
  1044   1044  187.92   60.00   2       818.66       818.41
  1045   1045  187.92   62.00   2       725.89       724.37
  1046   1046  187.92   64.00   2       626.16       624.87
  1047   1047  187.92   66.00   2       532.79       531.21
  1048   1048  187.92   68.00   2       449.37       447.86
  1049   1049  189.92    0.00   2      3252.49      3252.68
  1050   1050  189.92    2.00   2      3438.70      3438.60
  1051   1051  189.92    4.00   2      3414.80      3414.60
  1052   1052  189.92    6.00   2      3297.30      3294.80
  1053   1053  189.92    8.00   2      3133.20      3132.20
  1054   1054  189.92   10.00   2      2956.20      2954.80
  1055   1055  189.92   12.00   2      2782.70      2781.30
  1056   1056  189.92   14.00   2      2618.27      2619.66
  1057   1057  189.92   16.00   2      2468.91      2468.60
  1058   1058  189.92   18.00   2      2332.18      2332.01
  1059   1059  189.92   20.00   2      2208.39      2208.11
  1060   1060  189.92   22.00   2      2095.41      2095.21
  1061   1061  189.92   24.00   2      1991.85      1991.68
  1062   1062  189.92   26.00   2      1897.01      1896.90
  1063   1063  189.92   28.00   2      1810.05      1809.96
  1064   1064  189.92   30.00   2      1729.38      1729.33
  1065   1065  189.92   32.00   2      1654.58      1654.41
  1066   1066  189.92   34.00   2      1584.71      1584.65
  1067   1067  189.92   36.00   2      1519.51      1519.51
  1068   1068  189.92   38.00   2      1458.27      1458.15
  1069   1069  189.92   40.00   2      1400.23      1400.18
  1070   1070  189.92   42.00   2      1345.18      1345.03
  1071   1071  189.92   44.00   2      1292.62      1292.39
  1072   1072  189.92   46.00   2      1241.05      1240.92
  1073   1073  189.92   48.00   2      1191.10      1190.98
  1074   1074  189.92   50.00   2      1142.08      1141.93
  1075   1075  189.92   52.00   2      1093.41      1093.16
  1076   1076  189.92   54.00   2      1043.85      1043.47
  1077   1077  189.92   56.00   2       991.60       991.46
  1078   1078  189.92   58.00   2       936.58       936.30
  1079   1079  189.92   60.00   2       874.45       873.23
  1080   1080  189.92   62.00   2       800.50       798.32
  1081   1081  189.92   64.00   2       706.14       704.86
  1082   1082  189.92   66.00   2       611.02       609.62
  1083   1083  189.92   68.00   2       522.98       521.68
  1084   1084  191.92    0.00   2      3206.90      3201.30
  1085   1085  191.92    2.00   2      3439.90      3439.10
  1086   1086  191.92    4.00   2      3454.70      3455.10
  1087   1087  191.92    6.00   2      3354.30      3352.00
  1088   1088  191.92    8.00   2      3192.00      3191.10
  1089   1089  191.92   10.00   2      3016.70      3015.60
  1090   1090  191.92   12.00   2      2842.20      2840.80
  1091   1091  191.92   14.00   2      2672.99      2672.77
  1092   1092  191.92   16.00   2      2519.17      2518.82
  1093   1093  191.92   18.00   2      2377.78      2377.48
  1094   1094  191.92   20.00   2      2249.35      2249.17
  1095   1095  191.92   22.00   2      2132.47      2132.29
  1096   1096  191.92   24.00   2      2026.32      2026.07
  1097   1097  191.92   26.00   2      1929.19      1928.84
  1098   1098  191.92   28.00   2      1839.87      1839.67
  1099   1099  191.92   30.00   2      1757.56      1757.44
  1100   1100  191.92   32.00   2      1681.39      1681.31
  1101   1101  191.92   34.00   2      1611.04      1610.85
  1102   1102  191.92   36.00   2      1545.30      1544.99
  1103   1103  191.92   38.00   2      1483.06      1482.98
  1104   1104  191.92   40.00   2      1424.67      1424.55
  1105   1105  191.92   42.00   2      1369.02      1368.86
  1106   1106  191.92   44.00   2      1316.11      1315.89
  1107   1107  191.92   46.00   2      1265.18      1264.86
  1108   1108  191.92   48.00   2      1215.07      1214.99
  1109   1109  191.92   50.00   2      1166.49      1166.43
  1110   1110  191.92   52.00   2      1118.44      1118.22
  1111   1111  191.92   54.00   2      1070.29      1069.99
  1112   1112  191.92   56.00   2      1019.97      1019.80
  1113   1113  191.92   58.00   2       967.93       967.72
  1114   1114  191.92   60.00   2       911.42       911.03
  1115   1115  191.92   62.00   2       845.83       844.70
  1116   1116  191.92   64.00   2       764.70       764.49
  1117   1117  191.92   66.00   2       672.07       670.83
  1118   1118  191.92   68.00   2       582.87       581.44
  1119   1119  193.92    0.00   2      3221.80      3221.80
  1120   1120  193.92    2.00   2      3468.70      3469.50
  1121   1121  193.92    4.00   2      3487.20      3486.20
  1122   1122  193.92    6.00   2      3382.20      3380.10
  1123   1123  193.92    8.00   2      3217.90      3217.30
  1124   1124  193.92   10.00   2      3040.80      3039.60
  1125   1125  193.92   12.00   2      2864.00      2862.60
  1126   1126  193.92   14.00   2      2693.01      2692.77
  1127   1127  193.92   16.00   2      2536.98      2536.68
  1128   1128  193.92   18.00   2      2394.70      2394.34
  1129   1129  193.92   20.00   2      2264.99      2264.75
  1130   1130  193.92   22.00   2      2147.82      2147.62
  1131   1131  193.92   24.00   2      2041.04      2040.78
  1132   1132  193.92   26.00   2      1943.43      1943.11
  1133   1133  193.92   28.00   2      1853.61      1853.39
  1134   1134  193.92   30.00   2      1770.72      1770.64
  1135   1135  193.92   32.00   2      1694.80      1694.66
  1136   1136  193.92   34.00   2      1623.95      1623.81
  1137   1137  193.92   36.00   2      1558.04      1557.79
  1138   1138  193.92   38.00   2      1496.12      1495.83
  1139   1139  193.92   40.00   2      1437.07      1436.99
  1140   1140  193.92   42.00   2      1381.75      1381.70
  1141   1141  193.92   44.00   2      1328.98      1328.80
  1142   1142  193.92   46.00   2      1278.06      1277.81
  1143   1143  193.92   48.00   2      1229.30      1228.99
  1144   1144  193.92   50.00   2      1180.46      1180.33
  1145   1145  193.92   52.00   2      1133.07      1132.85
  1146   1146  193.92   54.00   2      1085.56      1085.27
  1147   1147  193.92   56.00   2      1037.70      1037.33
  1148   1148  193.92   58.00   2       986.95       986.74
  1149   1149  193.92   60.00   2       933.53       933.31
  1150   1150  193.92   62.00   2       873.44       873.23
  1151   1151  193.92   64.00   2       802.48       801.25
  1152   1152  193.92   66.00   2       715.25       714.01
  1153   1153  193.92   68.00   2       625.82       624.71
  1154   1154  195.92    0.00   2      3217.00      3217.00
  1155   1155  195.92    2.00   2      3463.80      3464.80
  1156   1156  195.92    4.00   2      3482.30      3481.10
  1157   1157  195.92    6.00   2      3374.60      3373.40
  1158   1158  195.92    8.00   2      3210.50      3209.90
  1159   1159  195.92   10.00   2      3032.70      3031.80
  1160   1160  195.92   12.00   2      2856.50      2855.30
  1161   1161  195.92   14.00   2      2687.04      2686.77
  1162   1162  195.92   16.00   2      2532.79      2532.45
  1163   1163  195.92   18.00   2      2391.46      2391.19
  1164   1164  195.92   20.00   2      2263.31      2263.07
  1165   1165  195.92   22.00   2      2146.56      2146.38
  1166   1166  195.92   24.00   2      2040.41      2040.28
  1167   1167  195.92   26.00   2      1943.57      1943.33
  1168   1168  195.92   28.00   2      1854.91      1854.60
  1169   1169  195.92   30.00   2      1772.42      1772.31
  1170   1170  195.92   32.00   2      1696.55      1696.45
  1171   1171  195.92   34.00   2      1626.22      1626.18
  1172   1172  195.92   36.00   2      1560.73      1560.48
  1173   1173  195.92   38.00   2      1499.45      1499.18
  1174   1174  195.92   40.00   2      1441.07      1441.01
  1175   1175  195.92   42.00   2      1385.95      1385.85
  1176   1176  195.92   44.00   2      1333.48      1333.36
  1177   1177  195.92   46.00   2      1283.00      1282.80
  1178   1178  195.92   48.00   2      1234.15      1234.10
  1179   1179  195.92   50.00   2      1186.23      1186.13
  1180   1180  195.92   52.00   2      1139.28      1139.10
  1181   1181  195.92   54.00   2      1092.74      1092.47
  1182   1182  195.92   56.00   2      1045.39      1045.04
  1183   1183  195.92   58.00   2       995.76       995.56
  1184   1184  195.92   60.00   2       944.08       943.86
  1185   1185  195.92   62.00   2       887.32       886.10
  1186   1186  195.92   64.00   2       821.35       819.97
  1187   1187  195.92   66.00   2       740.01       738.65
  1188   1188  195.92   68.00   2       651.65       650.42
  1189   1189  197.92    0.00   2      3238.90      3237.10
  1190   1190  197.92    2.00   2      3459.50      3461.40
  1191   1191  197.92    4.00   2      3466.60      3466.50
  1192   1192  197.92    6.00   2      3354.60      3353.70
  1193   1193  197.92    8.00   2      3192.30      3190.60
  1194   1194  197.92   10.00   2      3009.40      3008.60
  1195   1195  197.92   12.00   2      2834.10      2833.10
  1196   1196  197.92   14.00   2      2667.27      2666.97
  1197   1197  197.92   16.00   2      2514.46      2514.23
  1198   1198  197.92   18.00   2      2375.27      2374.95
  1199   1199  197.92   20.00   2      2248.09      2247.91
  1200   1200  197.92   22.00   2      2133.38      2133.18
  1201   1201  197.92   24.00   2      2028.65      2028.44
  1202   1202  197.92   26.00   2      1933.04      1932.88
  1203   1203  197.92   28.00   2      1845.24      1844.98
  1204   1204  197.92   30.00   2      1764.56      1764.25
  1205   1205  197.92   32.00   2      1689.57      1689.38
  1206   1206  197.92   34.00   2      1619.42      1619.36
  1207   1207  197.92   36.00   2      1554.62      1554.50
  1208   1208  197.92   38.00   2      1493.82      1493.62
  1209   1209  197.92   40.00   2      1435.99      1435.75
  1210   1210  197.92   42.00   2      1381.25      1381.22
  1211   1211  197.92   44.00   2      1328.97      1328.88
  1212   1212  197.92   46.00   2      1278.95      1278.77
  1213   1213  197.92   48.00   2      1230.75      1230.57
  1214   1214  197.92   50.00   2      1183.96      1183.58
  1215   1215  197.92   52.00   2      1136.75      1136.67
  1216   1216  197.92   54.00   2      1090.58      1090.47
  1217   1217  197.92   56.00   2      1043.77      1043.55
  1218   1218  197.92   58.00   2       995.65       995.29
  1219   1219  197.92   60.00   2       944.18       943.97
  1220   1220  197.92   62.00   2       888.21       887.90
  1221   1221  197.92   64.00   2       823.55       823.27
  1222   1222  197.92   66.00   2       744.60       743.09
  1223   1223  197.92   68.00   2       657.96       656.65
  1224   1224  199.92    0.00   2      3261.50      3260.90
  1225   1225  199.92    2.00   2      3445.60      3447.20
  1226   1226  199.92    4.00   2      3435.10      3433.70
  1227   1227  199.92    6.00   2      3311.90      3311.10
  1228   1228  199.92    8.00   2      3148.70      3147.20
  1229   1229  199.92   10.00   2      2969.00      2968.50
  1230   1230  199.92   12.00   2      2796.00      2795.10
  1231   1231  199.92   14.00   2      2632.21      2631.82
  1232   1232  199.92   16.00   2      2482.61      2482.30
  1233   1233  199.92   18.00   2      2345.55      2345.28
  1234   1234  199.92   20.00   2      2221.76      2221.33
  1235   1235  199.92   22.00   2      2108.14      2107.98
  1236   1236  199.92   24.00   2      2005.54      2005.34
  1237   1237  199.92   26.00   2      1911.81      1911.68
  1238   1238  199.92   28.00   2      1825.41      1825.26
  1239   1239  199.92   30.00   2      1746.31      1746.05
  1240   1240  199.92   32.00   2      1672.57      1672.47
  1241   1241  199.92   34.00   2      1603.88      1603.77
  1242   1242  199.92   36.00   2      1539.85      1539.77
  1243   1243  199.92   38.00   2      1479.92      1479.76
  1244   1244  199.92   40.00   2      1423.29      1423.09
  1245   1245  199.92   42.00   2      1369.15      1368.97
  1246   1246  199.92   44.00   2      1317.47      1317.34
  1247   1247  199.92   46.00   2      1268.02      1267.86
  1248   1248  199.92   48.00   2      1220.07      1219.89
  1249   1249  199.92   50.00   2      1173.61      1173.35
  1250   1250  199.92   52.00   2      1127.08      1127.00
  1251   1251  199.92   54.00   2      1080.95      1080.83
  1252   1252  199.92   56.00   2      1034.33      1034.12
  1253   1253  199.92   58.00   2       986.48       986.14
  1254   1254  199.92   60.00   2       935.32       935.09
  1255   1255  199.92   62.00   2       879.68       879.33
  1256   1256  199.92   64.00   2       812.52       812.26
  1257   1257  199.92   66.00   2       732.55       731.24
  1258   1258  199.92   68.00   2       646.32       644.92
  1259   1259  201.92    0.00   2      3293.00      3293.10
  1260   1260  201.92    2.00   2      3429.80      3430.00
  1261   1261  201.92    4.00   2      3384.40      3384.00
  1262   1262  201.92    6.00   2      3248.53      3248.32
  1263   1263  201.92    8.00   2      3079.14      3079.06
  1264   1264  201.92   10.00   2      2903.72      2903.68
  1265   1265  201.92   12.00   2      2730.11      2734.57
  1266   1266  201.92   14.00   2      2577.77      2577.41
  1267   1267  201.92   16.00   2      2432.75      2432.28
  1268   1268  201.92   18.00   2      2299.88      2299.63
  1269   1269  201.92   20.00   2      2179.59      2179.39
  1270   1270  201.92   22.00   2      2070.37      2070.16
  1271   1271  201.92   24.00   2      1970.94      1970.67
  1272   1272  201.92   26.00   2      1880.12      1879.73
  1273   1273  201.92   28.00   2      1795.93      1795.83
  1274   1274  201.92   30.00   2      1718.41      1718.28
  1275   1275  201.92   32.00   2      1646.48      1646.41
  1276   1276  201.92   34.00   2      1579.86      1579.66
  1277   1277  201.92   36.00   2      1517.42      1517.16
  1278   1278  201.92   38.00   2      1458.00      1457.90
  1279   1279  201.92   40.00   2      1402.26      1402.17
  1280   1280  201.92   42.00   2      1349.13      1349.04
  1281   1281  201.92   44.00   2      1298.60      1298.41
  1282   1282  201.92   46.00   2      1249.49      1249.38
  1283   1283  201.92   48.00   2      1201.81      1201.61
  1284   1284  201.92   50.00   2      1155.30      1155.22
  1285   1285  201.92   52.00   2      1109.40      1109.21
  1286   1286  201.92   54.00   2      1063.49      1063.13
  1287   1287  201.92   56.00   2      1016.12      1015.98
  1288   1288  201.92   58.00   2       967.65       967.43
  1289   1289  201.92   60.00   2       915.30       914.22
  1290   1290  201.92   62.00   2       856.17       854.83
  1291   1291  201.92   64.00   2       785.30       783.89
  1292   1292  201.92   66.00   2       700.86       699.37
  1293   1293  201.92   68.00   2       618.48       616.97
  1294   1294  203.92    0.00   2      3312.70      3311.80
  1295   1295  203.92    2.00   2      3383.70      3383.60
  1296   1296  203.92    4.00   2      3311.90      3309.50
  1297   1297  203.92    6.00   2      3160.53      3160.42
  1298   1298  203.92    8.00   2      2990.76      2990.69
  1299   1299  203.92   10.00   2      2818.35      2819.40
  1300   1300  203.92   12.00   2      2631.28      2655.62
  1301   1301  203.92   14.00   2      2504.07      2503.89
  1302   1302  203.92   16.00   2      2365.22      2365.08
  1303   1303  203.92   18.00   2      2239.00      2238.84
  1304   1304  203.92   20.00   2      2123.71      2123.63
  1305   1305  203.92   22.00   2      2018.77      2018.73
  1306   1306  203.92   24.00   2      1923.29      1923.31
  1307   1307  203.92   26.00   2      1826.13      1835.66
  1308   1308  203.92   28.00   2      1755.19      1755.16
  1309   1309  203.92   30.00   2      1680.58      1680.41
  1310   1310  203.92   32.00   2      1610.81      1610.76
  1311   1311  203.92   34.00   2      1545.86      1545.81
  1312   1312  203.92   36.00   2      1485.10      1484.95
  1313   1313  203.92   38.00   2      1427.64      1427.47
  1314   1314  203.92   40.00   2      1373.20      1373.02
  1315   1315  203.92   42.00   2      1321.35      1321.09
  1316   1316  203.92   44.00   2      1270.61      1270.51
  1317   1317  203.92   46.00   2      1222.36      1222.27
  1318   1318  203.92   48.00   2      1175.33      1175.12
  1319   1319  203.92   50.00   2      1129.10      1128.86
  1320   1320  203.92   52.00   2      1082.88      1082.77
  1321   1321  203.92   54.00   2      1036.00      1035.85
  1322   1322  203.92   56.00   2       988.13       987.89
  1323   1323  203.92   58.00   2       937.69       937.32
  1324   1324  203.92   60.00   2       881.44       881.09
  1325   1325  203.92   62.00   2       816.61       816.31
  1326   1326  203.92   64.00   2       736.80       735.40
  1327   1327  203.92   66.00   2       651.68       650.08
  1328   1328  205.92    0.00   2      3298.10      3298.00
  1329   1329  205.92    2.00   2      3308.20      3308.10
  1330   1330  205.92    4.00   2      3202.41      3202.34
  1331   1331  205.92    6.00   2      3047.49      3047.62
  1332   1332  205.92    8.00   2      2875.65      2880.80
  1333   1333  205.92   10.00   2      2675.19      2715.38
  1334   1334  205.92   12.00   2      2559.81      2559.55
  1335   1335  205.92   14.00   2      2415.75      2415.53
  1336   1336  205.92   16.00   2      2284.74      2284.58
  1337   1337  205.92   18.00   2      2165.09      2164.98
  1338   1338  205.92   20.00   2      2056.36      2056.32
  1339   1339  205.92   22.00   2      1956.68      1956.78
  1340   1340  205.92   24.00   2      1859.11      1865.98
  1341   1341  205.92   26.00   2      1742.60      1782.30
  1342   1342  205.92   28.00   2      1705.04      1704.86
  1343   1343  205.92   30.00   2      1632.84      1632.77
  1344   1344  205.92   32.00   2      1566.22      1566.15
  1345   1345  205.92   34.00   2      1503.55      1503.53
  1346   1346  205.92   36.00   2      1444.70      1444.72
  1347   1347  205.92   38.00   2      1389.14      1389.03
  1348   1348  205.92   40.00   2      1336.07      1335.92
  1349   1349  205.92   42.00   2      1284.89      1284.65
  1350   1350  205.92   44.00   2      1235.85      1235.49
  1351   1351  205.92   46.00   2      1187.30      1187.21
  1352   1352  205.92   48.00   2      1140.12      1139.95
  1353   1353  205.92   50.00   2      1093.28      1093.05
  1354   1354  205.92   52.00   2      1045.96      1045.64
  1355   1355  205.92   54.00   2       997.24       997.01
  1356   1356  205.92   56.00   2       946.29       946.09
  1357   1357  205.92   58.00   2       891.01       890.64
  1358   1358  205.92   60.00   2       827.01       826.56
  1359   1359  205.92   62.00   2       748.97       747.59
  1360   1360  205.92   64.00   2       659.75       659.52
  1361   1361  205.92   66.00   2       578.87       577.52
  1362   1362  207.92    0.00   2      3248.06      3249.34
  1363   1363  207.92    2.00   2      3201.34      3201.46
  1364   1364  207.92    4.00   2      3071.28      3072.82
  1365   1365  207.92    6.00   2      2900.02      2913.94
  1366   1366  207.92    8.00   2      2690.04      2750.40
  1367   1367  207.92   10.00   2      2593.17      2592.96
  1368   1368  207.92   12.00   2      2446.57      2446.41
  1369   1369  207.92   14.00   2      2312.36      2312.21
  1370   1370  207.92   16.00   2      2189.78      2189.65
  1371   1371  207.92   18.00   2      2078.01      2077.98
  1372   1372  207.92   20.00   2      1974.29      1975.90
  1373   1373  207.92   22.00   2      1870.41      1882.48
  1374   1374  207.92   24.00   2      1797.01      1796.90
  1375   1375  207.92   26.00   2      1717.50      1717.43
  1376   1376  207.92   28.00   2      1643.76      1643.79
  1377   1377  207.92   30.00   2      1575.87      1575.84
  1378   1378  207.92   32.00   2      1511.83      1511.85
  1379   1379  207.92   34.00   2      1449.19      1452.08
  1380   1380  207.92   36.00   2      1383.41      1395.07
  1381   1381  207.92   38.00   2      1341.03      1340.88
  1382   1382  207.92   40.00   2      1288.78      1288.76
  1383   1383  207.92   42.00   2      1238.44      1238.43
  1384   1384  207.92   44.00   2      1190.16      1190.04
  1385   1385  207.92   46.00   2      1142.29      1142.18
  1386   1386  207.92   48.00   2      1094.34      1094.09
  1387   1387  207.92   50.00   2      1045.96      1045.58
  1388   1388  207.92   52.00   2       995.94       995.76
  1389   1389  207.92   54.00   2       942.99       942.77
  1390   1390  207.92   56.00   2       885.30       884.09
  1391   1391  207.92   58.00   2       816.46       816.16
  1392   1392  207.92   60.00   2       733.73       732.53
  1393   1393  207.92   62.00   2       644.40       643.11
  1394   1394  207.92   64.00   2       560.91       559.55
  1395   1395  209.92    0.00   2      3151.66      3152.90
  1396   1396  209.92    2.00   2      3058.92      3058.93
  1397   1397  209.92    4.00   2      2914.29      2914.33
  1398   1398  209.92    6.00   2      2756.76      2756.63
  1399   1399  209.92    8.00   2      2600.88      2600.86
  1400   1400  209.92   10.00   2      2443.55      2453.99
  1401   1401  209.92   12.00   2      2297.28      2318.45
  1402   1402  209.92   14.00   2      2194.67      2194.51
  1403   1403  209.92   16.00   2      2081.20      2081.15
  1404   1404  209.92   18.00   2      1977.69      1977.73
  1405   1405  209.92   20.00   2      1883.33      1883.29
  1406   1406  209.92   22.00   2      1796.28      1796.22
  1407   1407  209.92   24.00   2      1715.40      1715.64
  1408   1408  209.92   26.00   2      1636.71      1642.15
  1409   1409  209.92   28.00   2      1543.48      1573.02
  1410   1410  209.92   30.00   2      1507.94      1507.87
  1411   1411  209.92   32.00   2      1447.21      1447.16
  1412   1412  209.92   34.00   2      1389.85      1389.80
  1413   1413  209.92   36.00   2      1335.29      1335.25
  1414   1414  209.92   38.00   2      1282.09      1282.21
  1415   1415  209.92   40.00   2      1226.86      1231.61
  1416   1416  209.92   42.00   2      1156.75      1182.10
  1417   1417  209.92   44.00   2      1133.22      1133.05
  1418   1418  209.92   46.00   2      1083.77      1083.68
  1419   1419  209.92   48.00   2      1034.15      1033.99
  1420   1420  209.92   50.00   2       982.16       981.96
  1421   1421  209.92   52.00   2       926.42       925.99
  1422   1422  209.92   54.00   2       862.92       862.50
  1423   1423  209.92   56.00   2       786.77       785.48
  1424   1424  209.92   58.00   2       695.37       694.13
  1425   1425  209.92   60.00   2       604.88       602.53
  1426   1426  209.92   62.00   2       521.14       519.91
  1427   1427  211.92    0.00   2      2998.53      2999.77
  1428   1428  211.92    2.00   2      2877.19      2877.34
  1429   1429  211.92    4.00   2      2729.06      2728.88
  1430   1430  211.92    6.00   2      2577.57      2577.44
  1431   1431  211.92    8.00   2      2432.99      2432.88
  1432   1432  211.92   10.00   2      2298.63      2298.62
  1433   1433  211.92   12.00   2      2175.50      2175.51
  1434   1434  211.92   14.00   2      2057.67      2062.32
  1435   1435  211.92   16.00   2      1935.27      1959.21
  1436   1436  211.92   18.00   2      1864.62      1864.49
  1437   1437  211.92   20.00   2      1778.14      1778.02
  1438   1438  211.92   22.00   2      1697.74      1697.70
  1439   1439  211.92   24.00   2      1623.71      1623.68
  1440   1440  211.92   26.00   2      1554.50      1554.49
  1441   1441  211.92   28.00   2      1489.71      1489.74
  1442   1442  211.92   30.00   2      1426.51      1429.02
  1443   1443  211.92   32.00   2      1357.79      1371.17
  1444   1444  211.92   34.00   2      1316.12      1315.94
  1445   1445  211.92   36.00   2      1262.88      1262.85
  1446   1446  211.92   38.00   2      1211.62      1210.56
  1447   1447  211.92   40.00   2      1161.67      1161.59
  1448   1448  211.92   42.00   2      1111.25      1111.24
  1449   1449  211.92   44.00   2      1059.36      1060.44
  1450   1450  211.92   46.00   2      1001.45      1008.13
  1451   1451  211.92   48.00   2       933.40       952.33
  1452   1452  211.92   50.00   2       889.57       889.37
  1453   1453  211.92   52.00   2       816.79       816.43
  1454   1454  211.92   54.00   2       724.03       722.81
  1455   1455  211.92   56.00   2       627.19       625.88
  1456   1456  211.92   58.00   2       538.15       536.46
  1457   1457  211.92   60.00   2       456.76       454.21
  1458   1458  213.92    0.00   2      2787.86      2789.16
  1459   1459  213.92    2.00   2      2656.71      2656.82
  1460   1460  213.92    4.00   2      2493.37      2514.85
  1461   1461  213.92    6.00   2      2376.37      2376.20
  1462   1462  213.92    8.00   2      2246.36      2246.21
  1463   1463  213.92   10.00   2      2126.33      2126.16
  1464   1464  213.92   12.00   2      2016.11      2015.97
  1465   1465  213.92   14.00   2      1915.64      1915.61
  1466   1466  213.92   16.00   2      1821.58      1822.78
  1467   1467  213.92   18.00   2      1725.61      1737.81
  1468   1468  213.92   20.00   2      1659.04      1658.96
  1469   1469  213.92   22.00   2      1586.08      1586.01
  1470   1470  213.92   24.00   2      1518.17      1518.10
  1471   1471  213.92   26.00   2      1454.21      1454.11
  1472   1472  213.92   28.00   2      1393.53      1393.50
  1473   1473  213.92   30.00   2      1336.25      1336.25
  1474   1474  213.92   32.00   2      1281.03      1281.24
  1475   1475  213.92   34.00   2      1222.70      1228.42
  1476   1476  213.92   36.00   2      1155.74      1176.92
  1477   1477  213.92   38.00   2      1125.71      1125.54
  1478   1478  213.92   40.00   2      1074.03      1073.93
  1479   1479  213.92   42.00   2      1021.26      1021.16
  1480   1480  213.92   44.00   2       964.92       964.86
  1481   1481  213.92   46.00   2       902.62       902.57
  1482   1482  213.92   48.00   2       821.91       827.65
  1483   1483  213.92   50.00   2       731.50       731.29
  1484   1484  213.92   52.00   2       628.10       627.80
  1485   1485  213.92   54.00   2       531.69       530.09
  1486   1486  213.92   56.00   2       445.33       445.06
  1487   1487  213.92   58.00   2       371.64       370.10
  1488   1488  215.92    0.00   2      2530.88      2532.31
  1489   1489  215.92    2.00   2      2404.93      2404.96
  1490   1490  215.92    4.00   2      2277.17      2277.08
  1491   1491  215.92    6.00   2      2155.53      2155.35
  1492   1492  215.92    8.00   2      2042.11      2042.04
  1493   1493  215.92   10.00   2      1938.05      1938.01
  1494   1494  215.92   12.00   2      1838.59      1841.92
  1495   1495  215.92   14.00   2      1749.60      1753.61
  1496   1496  215.92   16.00   2      1652.90      1672.28
  1497   1497  215.92   18.00   2      1596.72      1596.57
  1498   1498  215.92   20.00   2      1526.44      1526.34
  1499   1499  215.92   22.00   2      1460.58      1460.50
  1500   1500  215.92   24.00   2      1398.06      1398.04
  1501   1501  215.92   26.00   2      1339.33      1339.32
  1502   1502  215.92   28.00   2      1282.73      1282.74
  1503   1503  215.92   30.00   2      1226.19      1228.44
  1504   1504  215.92   32.00   2      1160.65      1175.08
  1505   1505  215.92   34.00   2      1122.47      1122.30
  1506   1506  215.92   36.00   2      1069.47      1069.29
  1507   1507  215.92   38.00   2      1014.53      1014.42
  1508   1508  215.92   40.00   2       956.61       956.49
  1509   1509  215.92   42.00   2       891.25       891.28
  1510   1510  215.92   44.00   2       811.75       812.96
  1511   1511  215.92   46.00   2       702.74       711.53
  1512   1512  215.92   48.00   2       604.06       602.79
  1513   1513  215.92   50.00   2       505.74       504.32
  1514   1514  215.92   52.00   2       415.78       414.43
  1515   1515  215.92   54.00   2       338.10       336.74
  1516   1516  215.92   56.00   2       271.73       271.38
  1517   1517  217.92    0.00   2      2237.03      2237.34
  1518   1518  217.92    2.00   2      2126.64      2126.69
  1519   1519  217.92    4.00   2      2017.86      2018.00
  1520   1520  217.92    6.00   2      1911.58      1916.42
  1521   1521  217.92    8.00   2      1786.69      1822.11
  1522   1522  217.92   10.00   2      1734.24      1734.20
  1523   1523  217.92   12.00   2      1652.63      1652.48
  1524   1524  217.92   14.00   2      1576.97      1576.85
  1525   1525  217.92   16.00   2      1506.32      1506.29
  1526   1526  217.92   18.00   2      1440.14      1440.07
  1527   1527  217.92   20.00   2      1377.44      1377.42
  1528   1528  217.92   22.00   2      1317.97      1317.90
  1529   1529  217.92   24.00   2      1261.07      1261.04
  1530   1530  217.92   26.00   2      1205.74      1205.79
  1531   1531  217.92   28.00   2      1147.93      1151.86
  1532   1532  217.92   30.00   2      1097.76      1097.62
  1533   1533  217.92   32.00   2      1042.50      1042.41
  1534   1534  217.92   34.00   2       984.24       984.10
  1535   1535  217.92   36.00   2       921.16       920.96
  1536   1536  217.92   38.00   2       847.84       847.57
  1537   1537  217.92   40.00   2       753.99       752.46
  1538   1538  217.92   42.00   2       644.62       641.88
  1539   1539  217.92   44.00   2       540.32       538.90
  1540   1540  217.92   46.00   2       445.32       444.04
  1541   1541  217.92   48.00   2       360.97       359.75
  1542   1542  217.92   50.00   2       287.00       286.68
  1543   1543  217.92   52.00   2       225.43       225.21
  1547   1547  219.92    0.00   2      1914.73      1914.99
  1548   1548  219.92    2.00   2      1827.68      1827.70
  1549   1549  219.92    4.00   2      1742.61      1742.58
  1550   1550  219.92    6.00   2      1661.86      1661.91
  1551   1551  219.92    8.00   2      1577.84      1586.07
  1552   1552  219.92   10.00   2      1498.84      1514.85
  1553   1553  219.92   12.00   2      1447.37      1447.28
  1554   1554  219.92   14.00   2      1383.76      1383.65
  1555   1555  219.92   16.00   2      1323.08      1322.97
  1556   1556  219.92   18.00   2      1264.83      1264.80
  1557   1557  219.92   20.00   2      1208.11      1208.09
  1558   1558  219.92   22.00   2      1152.61      1152.73
  1559   1559  219.92   24.00   2      1083.50      1098.12
  1560   1560  219.92   26.00   2      1041.79      1041.59
  1561   1561  219.92   28.00   2       982.68       982.46
  1562   1562  219.92   30.00   2       917.42       917.16
  1563   1563  219.92   32.00   2       840.62       840.34
  1564   1564  219.92   34.00   2       739.98       738.69
  1565   1565  219.92   36.00   2       627.84       627.51
  1566   1566  219.92   38.00   2       523.82       522.61
  1567   1567  219.92   40.00   2       428.14       428.21
  1568   1568  219.92   42.00   2       345.29       345.16
  1569   1569  219.92   44.00   2       272.50       274.20
  1570   1570  219.92   46.00   2       210.18       213.71
  1571   1571  219.92   48.00   2       164.00       167.76
  1572   1572  219.92   50.00   2       137.59       137.49
  1578   1578  221.92    0.00   2      1580.17      1580.27
  1579   1579  221.92    2.00   2      1517.90      1517.91
  1580   1580  221.92    4.00   2      1455.07      1455.16
  1581   1581  221.92    6.00   2      1391.98      1394.23
  1582   1582  221.92    8.00   2      1314.68      1334.84
  1583   1583  221.92   10.00   2      1277.43      1277.32
  1584   1584  221.92   12.00   2      1221.62      1221.54
  1585   1585  221.92   14.00   2      1166.22      1166.10
  1586   1586  221.92   16.00   2      1111.39      1111.31
  1587   1587  221.92   18.00   2      1055.34      1055.26
  1588   1588  221.92   20.00   2       996.27       996.28
  1589   1589  221.92   22.00   2       931.22       932.54
  1590   1590  221.92   24.00   2       845.42       857.40
  1591   1591  221.92   26.00   2       761.41       759.83
  1592   1592  221.92   28.00   2       646.73       646.52
  1593   1593  221.92   30.00   2       538.62       538.40
  1594   1594  221.92   32.00   2       441.06       439.72
  1595   1595  221.92   34.00   2       354.44       353.07
  1596   1596  221.92   36.00   2       281.31       278.85
  1597   1597  221.92   38.00   2       217.06       216.63
  1598   1598  221.92   40.00   2       169.81       169.56
  1599   1599  221.92   42.00   2       138.30       138.19
  1600   1600  221.92   44.00   2       121.53       121.50
  1610   1610  223.92    0.00   2      1234.12      1234.36
  1611   1611  223.92    2.00   2      1192.48      1192.51
  1612   1612  223.92    4.00   2      1145.91      1145.93
  1613   1613  223.92    6.00   2      1097.00      1096.94
  1614   1614  223.92    8.00   2      1045.09      1045.11
  1615   1615  223.92   10.00   2       989.57       989.50
  1616   1616  223.92   12.00   2       927.78       927.65
  1617   1617  223.92   14.00   2       855.01       854.84
  1618   1618  223.92   16.00   2       756.51       761.35
  1619   1619  223.92   18.00   2       650.47       649.10
  1620   1620  223.92   20.00   2       543.43       541.89
  1621   1621  223.92   22.00   2       445.73       444.31
  1622   1622  223.92   24.00   2       358.24       356.98
  1623   1623  223.92   26.00   2       282.67       282.49
  1624   1624  223.92   28.00   2       220.69       218.97
  1625   1625  223.92   30.00   2       171.04       170.75
  1626   1626  223.92   32.00   2       138.42       138.34
  1627   1627  223.92   34.00   2       121.36       121.30
  1628   1628  223.92   36.00   2       113.97       113.98
  1629   1629  223.92   38.00   2       112.43       112.44
  1630   1630  223.92   40.00   2       112.36       112.34
  1643   1643  225.92    0.00   2       660.35       661.65
  1644   1644  225.92    2.00   2       610.26       609.08
  1645   1645  225.92    4.00   2       546.69       541.41
  1646   1646  225.92    6.00   2       480.21       469.07
  1647   1647  225.92    8.00   2       397.67       397.38
  1648   1648  225.92   10.00   2       330.72       330.27
  1649   1649  225.92   12.00   2       269.24       268.90
  1650   1650  225.92   14.00   2       215.47       215.31
  1651   1651  225.92   16.00   2       172.40       172.29
  1652   1652  225.92   18.00   2       141.48       141.45
  1653   1653  225.92   20.00   2       124.43       124.16
  1654   1654  225.92   22.00   2       115.27       115.21
  1655   1655  225.92   24.00   2       112.45       112.46
  1656   1656  225.92   26.00   2       112.42       112.38
  1657   1657  225.92   28.00   2       112.33       112.29
  1658   1658  225.92   30.00   2       112.18       112.18
  1659   1659  225.92   32.00   2       112.12       112.14
  1660   1660  225.92   34.00   2       112.44       112.35
  1677   1677  227.92    0.00   2       112.24       112.26
  1678   1678  227.92    2.00   2       112.38       112.32
  1679   1679  227.92    4.00   2       112.31       112.28
  1680   1680  227.92    6.00   2       112.21       112.22
  1681   1681  227.92    8.00   2       112.28       112.26
  1682   1682  227.92   10.00   2       112.47       112.39
  1683   1683  227.92   12.00   2       112.27       112.23
  1684   1684  227.92   14.00   2       112.16       112.18
  1685   1685  227.92   16.00   2       112.30       112.24
  1686   1686  227.92   18.00   2       112.18       112.17
  1687   1687  227.92   20.00   2       112.09       112.10
  1688   1688  227.92   22.00   2       112.12       112.12
  1689   1689  227.92   24.00   2       112.76       112.55
  1690   1690  227.92   26.00   2       114.75       112.18
  1711   1711  229.92    0.00   2       112.02       112.05
  1712   1712  229.92    2.00   2       112.22       112.16
  1713   1713  229.92    4.00   2       112.24       112.18
  1714   1714  229.92    6.00   2       112.25       112.19
  1715   1715  229.92    8.00   2       112.21       112.17
  1716   1716  229.92   10.00   2       112.02       112.06
  1717   1717  229.92   12.00   2       112.16       112.14
# END: scan time was  13422.3134789  seconds
