# Sensor scan measurement of Sensor IR754
# Iin=    34.77 mA ,  Vin= 12142.40 mV, T=    18.05 C 
# scanRangeX 151.50 mm; scanRangeY  70.00 mm; stepSize   2.00 mm; initialOffset   4.00 mm; sensorX 195.50 mm; start position at (x|y)=(119.92|  0.00) mm
# iStep, iStep, Pos x, Pos y, nMeas, Meas1 ... MeasN
   638    638  161.92    0.00   2       114.51       114.45
   639    639  161.92    2.00   2       115.66       115.61
   640    640  161.92    4.00   2       116.02       116.05
   641    641  161.92    6.00   2       116.32       116.29
   642    642  161.92    8.00   2       116.21       116.23
   643    643  161.92   10.00   2       116.74       116.75
   644    644  161.92   12.00   2       118.18       118.22
   645    645  161.92   14.00   2       120.18       120.20
   646    646  161.92   16.00   2       118.58       118.58
   647    647  161.92   18.00   2       113.61       113.63
   648    648  161.92   20.00   2       112.32       112.33
   649    649  161.92   22.00   2       112.10       112.15
   692    692  163.92   34.00   2       112.43       112.43
   693    693  163.92   32.00   2       116.35       116.39
   694    694  163.92   30.00   2       127.07       127.06
   695    695  163.92   28.00   2       150.03       150.08
   696    696  163.92   26.00   2       189.49       189.61
   697    697  163.92   24.00   2       244.13       244.46
   698    698  163.92   22.00   2       317.51       318.70
   699    699  163.92   20.00   2       417.13       418.36
   700    700  163.92   18.00   2       534.26       535.61
   701    701  163.92   16.00   2       650.96       652.20
   702    702  163.92   14.00   2       740.81       742.01
   703    703  163.92   12.00   2       806.96       808.22
   704    704  163.92   10.00   2       864.65       864.94
   705    705  163.92    8.00   2       917.32       917.51
   706    706  163.92    6.00   2       964.99       965.14
   707    707  163.92    4.00   2      1007.32      1007.41
   708    708  163.92    2.00   2      1044.12      1044.25
   709    709  163.92    0.00   2      1075.53      1075.67
   710    710  165.92    0.00   2      1499.43      1499.71
   711    711  165.92    2.00   2      1456.44      1456.46
   712    712  165.92    4.00   2      1409.44      1409.41
   713    713  165.92    6.00   2      1361.27      1361.26
   714    714  165.92    8.00   2      1313.71      1313.68
   715    715  165.92   10.00   2      1266.96      1266.96
   716    716  165.92   12.00   2      1222.83      1222.76
   717    717  165.92   14.00   2      1179.23      1179.17
   718    718  165.92   16.00   2      1129.41      1129.36
   719    719  165.92   18.00   2      1070.96      1070.96
   720    720  165.92   20.00   2      1005.99      1005.89
   721    721  165.92   22.00   2       937.93       937.70
   722    722  165.92   24.00   2       859.48       858.30
   723    723  165.92   26.00   2       756.16       753.52
   724    724  165.92   28.00   2       634.66       633.35
   725    725  165.92   30.00   2       518.47       517.08
   726    726  165.92   32.00   2       415.01       413.87
   727    727  165.92   34.00   2       324.90       323.50
   728    728  165.92   36.00   2       249.65       248.42
   729    729  165.92   38.00   2       189.24       189.03
   730    730  165.92   40.00   2       148.31       148.18
   731    731  165.92   42.00   2       125.37       125.37
   757    757  167.92   48.00   2       148.45       148.52
   758    758  167.92   46.00   2       185.86       185.98
   759    759  167.92   44.00   2       240.37       240.51
   760    760  167.92   42.00   2       309.90       311.14
   761    761  167.92   40.00   2       395.02       395.18
   762    762  167.92   38.00   2       492.41       494.82
   763    763  167.92   36.00   2       602.42       603.78
   764    764  167.92   34.00   2       723.53       726.42
   765    765  167.92   32.00   2       842.58       844.06
   766    766  167.92   30.00   2       931.39       931.72
   767    767  167.92   28.00   2      1002.83      1003.07
   768    768  167.92   26.00   2      1066.25      1066.33
   769    769  167.92   24.00   2      1124.46      1124.58
   770    770  167.92   22.00   2      1180.73      1180.87
   771    771  167.92   20.00   2      1236.32      1236.43
   772    772  167.92   18.00   2      1293.85      1293.95
   773    773  167.92   16.00   2      1353.35      1353.36
   774    774  167.92   14.00   2      1410.21      1410.29
   775    775  167.92   12.00   2      1465.87      1465.88
   776    776  167.92   10.00   2      1522.12      1522.21
   777    777  167.92    8.00   2      1582.41      1582.50
   778    778  167.92    6.00   2      1644.95      1645.06
   779    779  167.92    4.00   2      1709.70      1709.77
   780    780  167.92    2.00   2      1775.03      1775.00
   781    781  167.92    0.00   2      1838.39      1838.44
   782    782  169.92    0.00   2      2134.60      2134.82
   783    783  169.92    2.00   2      2058.71      2058.72
   784    784  169.92    4.00   2      1996.26      1978.11
   785    785  169.92    6.00   2      1898.10      1898.08
   786    786  169.92    8.00   2      1819.94      1819.89
   787    787  169.92   10.00   2      1745.56      1745.51
   788    788  169.92   12.00   2      1675.16      1675.09
   789    789  169.92   14.00   2      1607.66      1607.63
   790    790  169.92   16.00   2      1540.20      1540.15
   791    791  169.92   18.00   2      1475.27      1475.26
   792    792  169.92   20.00   2      1414.30      1414.26
   793    793  169.92   22.00   2      1355.85      1355.79
   794    794  169.92   24.00   2      1299.43      1299.41
   795    795  169.92   26.00   2      1244.27      1244.25
   796    796  169.92   28.00   2      1189.72      1189.72
   797    797  169.92   30.00   2      1136.11      1136.05
   798    798  169.92   32.00   2      1081.07      1080.97
   799    799  169.92   34.00   2      1033.01      1023.46
   800    800  169.92   36.00   2       961.40       961.22
   801    801  169.92   38.00   2       890.29       890.05
   802    802  169.92   40.00   2       801.17       799.91
   803    803  169.92   42.00   2       685.71       684.28
   804    804  169.92   44.00   2       571.48       570.27
   805    805  169.92   46.00   2       466.67       466.39
   806    806  169.92   48.00   2       374.81       373.53
   807    807  169.92   50.00   2       293.70       292.39
   808    808  169.92   52.00   2       226.49       225.13
   809    809  169.92   54.00   2       175.25       175.13
   824    824  171.92   58.00   2       203.57       203.73
   825    825  171.92   56.00   2       258.03       258.26
   826    826  171.92   54.00   2       326.49       326.81
   827    827  171.92   52.00   2       408.31       408.51
   828    828  171.92   50.00   2       500.89       501.08
   829    829  171.92   48.00   2       605.62       607.01
   830    830  171.92   46.00   2       720.16       721.49
   831    831  171.92   44.00   2       832.75       834.03
   832    832  171.92   42.00   2       918.95       919.14
   833    833  171.92   40.00   2       988.22       988.45
   834    834  171.92   38.00   2      1050.06      1050.13
   835    835  171.92   36.00   2      1106.66      1106.78
   836    836  171.92   34.00   2      1161.55      1161.65
   837    837  171.92   32.00   2      1215.50      1215.56
   838    838  171.92   30.00   2      1269.06      1269.15
   839    839  171.92   28.00   2      1300.01      1323.91
   840    840  171.92   26.00   2      1380.36      1380.43
   841    841  171.92   24.00   2      1419.37      1439.54
   842    842  171.92   22.00   2      1501.06      1501.17
   843    843  171.92   20.00   2      1565.78      1565.84
   844    844  171.92   18.00   2      1592.65      1633.27
   845    845  171.92   16.00   2      1705.47      1705.52
   846    846  171.92   14.00   2      1751.65      1782.30
   847    847  171.92   12.00   2      1861.56      1861.60
   848    848  171.92   10.00   2      1934.10      1944.72
   849    849  171.92    8.00   2      2032.15      2032.24
   850    850  171.92    6.00   2      2164.82      2123.15
   851    851  171.92    4.00   2      2215.56      2215.56
   852    852  171.92    2.00   2      2307.31      2307.43
   853    853  171.92    0.00   2      2386.93      2392.38
   854    854  173.92    0.00   2      2600.96      2605.32
   855    855  173.92    2.00   2      2524.21      2524.18
   856    856  173.92    4.00   2      2427.92      2427.87
   857    857  173.92    6.00   2      2325.46      2325.38
   858    858  173.92    8.00   2      2223.13      2223.09
   859    859  173.92   10.00   2      2124.42      2124.26
   860    860  173.92   12.00   2      2029.32      2029.26
   861    861  173.92   14.00   2      1939.65      1939.61
   862    862  173.92   16.00   2      1854.23      1854.19
   863    863  173.92   18.00   2      1774.53      1774.47
   864    864  173.92   20.00   2      1699.62      1699.55
   865    865  173.92   22.00   2      1628.63      1628.58
   866    866  173.92   24.00   2      1561.78      1561.76
   867    867  173.92   26.00   2      1499.26      1499.21
   868    868  173.92   28.00   2      1439.08      1439.00
   869    869  173.92   30.00   2      1381.58      1381.57
   870    870  173.92   32.00   2      1326.69      1326.61
   871    871  173.92   34.00   2      1273.97      1273.96
   872    872  173.92   36.00   2      1222.25      1222.17
   873    873  173.92   38.00   2      1170.62      1170.60
   874    874  173.92   40.00   2      1119.19      1119.15
   875    875  173.92   42.00   2      1067.00      1066.92
   876    876  173.92   44.00   2      1011.51      1011.41
   877    877  173.92   46.00   2       951.90       951.71
   878    878  173.92   48.00   2       883.87       883.64
   879    879  173.92   50.00   2       798.66       797.29
   880    880  173.92   52.00   2       690.53       689.12
   881    881  173.92   54.00   2       581.94       580.48
   882    882  173.92   56.00   2       482.70       481.40
   883    883  173.92   58.00   2       393.25       391.87
   884    884  173.92   60.00   2       315.43       315.26
   885    885  173.92   62.00   2       251.55       251.20
   888    888  175.92   66.00   2       251.16       251.35
   889    889  175.92   64.00   2       306.96       307.30
   890    890  175.92   62.00   2       374.98       376.27
   891    891  175.92   60.00   2       455.08       455.25
   892    892  175.92   58.00   2       545.85       546.02
   893    893  175.92   56.00   2       646.68       648.02
   894    894  175.92   54.00   2       756.41       757.68
   895    895  175.92   52.00   2       855.28       856.67
   896    896  175.92   50.00   2       932.43       932.66
   897    897  175.92   48.00   2       996.44       996.60
   898    898  175.92   46.00   2      1053.10      1053.24
   899    899  175.92   44.00   2      1106.40      1106.37
   900    900  175.92   42.00   2      1158.08      1158.19
   901    901  175.92   40.00   2      1209.42      1209.49
   902    902  175.92   38.00   2      1260.74      1260.83
   903    903  175.92   36.00   2      1312.60      1312.65
   904    904  175.92   34.00   2      1365.88      1365.93
   905    905  175.92   32.00   2      1420.86      1420.93
   906    906  175.92   30.00   2      1478.50      1478.60
   907    907  175.92   28.00   2      1539.10      1539.16
   908    908  175.92   26.00   2      1603.00      1603.07
   909    909  175.92   24.00   2      1670.40      1670.48
   910    910  175.92   22.00   2      1742.40      1742.49
   911    911  175.92   20.00   2      1819.13      1819.22
   912    912  175.92   18.00   2      1900.55      1900.56
   913    913  175.92   16.00   2      1987.58      1987.72
   914    914  175.92   14.00   2      2080.51      2080.60
   915    915  175.92   12.00   2      2178.89      2178.98
   916    916  175.92   10.00   2      2282.58      2282.67
   917    917  175.92    8.00   2      2390.05      2390.17
   918    918  175.92    6.00   2      2498.81      2498.92
   919    919  175.92    4.00   2      2604.70      2604.82
   920    920  175.92    2.00   2      2697.36      2697.46
   921    921  175.92    0.00   2      2765.54      2765.64
   922    922  177.92    0.00   2      2878.73      2878.79
   923    923  177.92    2.00   2      2842.36      2842.33
   924    924  177.92    4.00   2      2761.40      2761.36
   925    925  177.92    6.00   2      2657.69      2657.58
   926    926  177.92    8.00   2      2544.65      2544.58
   927    927  177.92   10.00   2      2430.27      2430.11
   928    928  177.92   12.00   2      2317.76      2317.69
   929    929  177.92   14.00   2      2210.65      2210.50
   930    930  177.92   16.00   2      2109.82      2109.74
   931    931  177.92   18.00   2      2015.28      2015.27
   932    932  177.92   20.00   2      1927.11      1927.04
   933    933  177.92   22.00   2      1844.52      1844.46
   934    934  177.92   24.00   2      1767.53      1767.42
   935    935  177.92   26.00   2      1695.22      1695.25
   936    936  177.92   28.00   2      1627.51      1627.44
   937    937  177.92   30.00   2      1563.71      1563.65
   938    938  177.92   32.00   2      1503.32      1503.31
   939    939  177.92   34.00   2      1446.09      1446.06
   940    940  177.92   36.00   2      1391.16      1391.14
   941    941  177.92   38.00   2      1339.04      1338.95
   942    942  177.92   40.00   2      1287.68      1287.64
   943    943  177.92   42.00   2      1238.17      1238.06
   944    944  177.92   44.00   2      1188.84      1188.84
   945    945  177.92   46.00   2      1140.31      1140.13
   946    946  177.92   48.00   2      1089.98      1089.94
   947    947  177.92   50.00   2      1038.72      1038.66
   948    948  177.92   52.00   2       984.68       984.55
   949    949  177.92   54.00   2       924.60       924.48
   950    950  177.92   56.00   2       855.56       855.30
   951    951  177.92   58.00   2       765.44       765.16
   952    952  177.92   60.00   2       661.93       660.68
   953    953  177.92   62.00   2       562.62       562.39
   954    954  177.92   64.00   2       476.73       474.37
   955    955  177.92   66.00   2       398.00       396.55
   956    956  177.92   68.00   2       328.14       326.49
   957    957  179.92   70.00   2       358.45       358.22
   958    958  179.92   68.00   2       419.12       419.45
   959    959  179.92   66.00   2       492.72       494.31
   960    960  179.92   64.00   2       578.08       579.28
   961    961  179.92   62.00   2       671.70       672.86
   962    962  179.92   60.00   2       772.08       774.41
   963    963  179.92   58.00   2       862.66       864.05
   964    964  179.92   56.00   2       933.67       934.95
   965    965  179.92   54.00   2       995.80       995.97
   966    966  179.92   52.00   2      1050.81      1050.88
   967    967  179.92   50.00   2      1102.06      1102.17
   968    968  179.92   48.00   2      1151.77      1151.84
   969    969  179.92   46.00   2      1200.91      1201.04
   970    970  179.92   44.00   2      1250.26      1250.34
   971    971  179.92   42.00   2      1300.25      1300.27
   972    972  179.92   40.00   2      1351.50      1351.53
   973    973  179.92   38.00   2      1404.29      1404.37
   974    974  179.92   36.00   2      1458.73      1458.76
   975    975  179.92   34.00   2      1516.25      1516.20
   976    976  179.92   32.00   2      1575.86      1575.96
   977    977  179.92   30.00   2      1639.57      1639.62
   978    978  179.92   28.00   2      1706.80      1706.93
   979    979  179.92   26.00   2      1779.34      1779.37
   980    980  179.92   24.00   2      1855.91      1855.98
   981    981  179.92   22.00   2      1938.00      1938.08
   982    982  179.92   20.00   2      2025.84      2025.92
   983    983  179.92   18.00   2      2120.29      2120.41
   984    984  179.92   16.00   2      2221.81      2221.84
   985    985  179.92   14.00   2      2329.07      2329.21
   986    986  179.92   12.00   2      2442.40      2442.48
   987    987  179.92   10.00   2      2560.42      2560.62
   988    988  179.92    8.00   2      2679.42      2679.49
   989    989  179.92    6.00   2      2794.40      2794.56
   990    990  179.92    4.00   2      2893.52      2893.60
   991    991  179.92    2.00   2      2956.72      2956.79
   992    992  179.92    0.00   2      2953.59      2953.60
   993    993  181.92    0.00   2      2982.98      2985.32
   994    994  181.92    2.00   2      3044.45      3044.43
   995    995  181.92    4.00   2      3006.79      3006.79
   996    996  181.92    6.00   2      2917.95      2917.89
   997    997  181.92    8.00   2      2804.94      2804.81
   998    998  181.92   10.00   2      2682.11      2682.00
   999    999  181.92   12.00   2      2557.55      2557.44
  1000   1000  181.92   14.00   2      2436.76      2436.65
  1001   1001  181.92   16.00   2      2321.92      2321.75
  1002   1002  181.92   18.00   2      2214.00      2213.91
  1003   1003  181.92   20.00   2      2113.26      2113.09
  1004   1004  181.92   22.00   2      2019.17      2019.12
  1005   1005  181.92   24.00   2      1931.86      1931.78
  1006   1006  181.92   26.00   2      1850.42      1850.40
  1007   1007  181.92   28.00   2      1774.64      1774.58
  1008   1008  181.92   30.00   2      1703.44      1703.45
  1009   1009  181.92   32.00   2      1637.01      1637.00
  1010   1010  181.92   34.00   2      1574.61      1574.50
  1011   1011  181.92   36.00   2      1515.26      1515.27
  1012   1012  181.92   38.00   2      1459.05      1458.97
  1013   1013  181.92   40.00   2      1404.86      1404.83
  1014   1014  181.92   42.00   2      1353.48      1353.41
  1015   1015  181.92   44.00   2      1303.65      1303.61
  1016   1016  181.92   46.00   2      1254.77      1254.73
  1017   1017  181.92   48.00   2      1206.82      1206.72
  1018   1018  181.92   50.00   2      1159.01      1158.99
  1019   1019  181.92   52.00   2      1111.61      1111.49
  1020   1020  181.92   54.00   2      1063.16      1063.04
  1021   1021  181.92   56.00   2      1013.08      1012.87
  1022   1022  181.92   58.00   2       959.04       958.86
  1023   1023  181.92   60.00   2       900.26       898.96
  1024   1024  181.92   62.00   2       830.42       828.97
  1025   1025  181.92   64.00   2       741.20       739.94
  1026   1026  181.92   66.00   2       646.02       643.15
  1027   1027  181.92   68.00   2       554.16       552.97
  1028   1028  181.92   70.00   2       470.41       469.04
  1029   1029  183.92   70.00   2       538.06       538.27
  1030   1030  183.92   68.00   2       616.53       616.70
  1031   1031  183.92   66.00   2       705.39       705.62
  1032   1032  183.92   64.00   2       798.32       799.64
  1033   1033  183.92   62.00   2       876.85       878.08
  1034   1034  183.92   60.00   2       941.78       942.06
  1035   1035  183.92   58.00   2       999.07       999.13
  1036   1036  183.92   56.00   2      1050.94      1051.16
  1037   1037  183.92   54.00   2      1100.38      1100.67
  1038   1038  183.92   52.00   2      1149.27      1149.33
  1039   1039  183.92   50.00   2      1196.94      1197.11
  1040   1040  183.92   48.00   2      1245.33      1245.36
  1041   1041  183.92   46.00   2      1293.94      1294.03
  1042   1042  183.92   44.00   2      1343.87      1343.93
  1043   1043  183.92   42.00   2      1395.44      1395.52
  1044   1044  183.92   40.00   2      1449.12      1449.19
  1045   1045  183.92   38.00   2      1504.71      1504.73
  1046   1046  183.92   36.00   2      1562.78      1562.83
  1047   1047  183.92   34.00   2      1624.51      1624.62
  1048   1048  183.92   32.00   2      1689.96      1689.90
  1049   1049  183.92   30.00   2      1758.78      1758.87
  1050   1050  183.92   28.00   2      1832.94      1832.94
  1051   1051  183.92   26.00   2      1912.15      1912.24
  1052   1052  183.92   24.00   2      1997.60      1997.68
  1053   1053  183.92   22.00   2      2089.62      2089.70
  1054   1054  183.92   20.00   2      2188.50      2188.58
  1055   1055  183.92   18.00   2      2294.42      2294.43
  1056   1056  183.92   16.00   2      2408.52      2408.57
  1057   1057  183.92   14.00   2      2529.71      2529.77
  1058   1058  183.92   12.00   2      2656.02      2656.18
  1059   1059  183.92   10.00   2      2785.70      2785.81
  1060   1060  183.92    8.00   2      2911.21      2911.37
  1061   1061  183.92    6.00   2      3023.50      3023.61
  1062   1062  183.92    4.00   2      3100.46      3100.58
  1063   1063  183.92    2.00   2      3110.01      3110.00
  1064   1064  183.92    0.00   2      2990.07      2989.95
  1065   1065  185.92    0.00   2      2962.19      2962.13
  1066   1066  185.92    2.00   2      3147.00      3147.18
  1067   1067  185.92    4.00   2      3173.50      3173.52
  1068   1068  185.92    6.00   2      3110.67      3110.64
  1069   1069  185.92    8.00   2      3003.66      3003.50
  1070   1070  185.92   10.00   2      2874.67      2874.55
  1071   1071  185.92   12.00   2      2740.22      2740.06
  1072   1072  185.92   14.00   2      2606.98      2606.83
  1073   1073  185.92   16.00   2      2478.94      2478.87
  1074   1074  185.92   18.00   2      2359.14      2358.97
  1075   1075  185.92   20.00   2      2247.36      2247.28
  1076   1076  185.92   22.00   2      2144.06      2143.92
  1077   1077  185.92   24.00   2      2047.64      2047.63
  1078   1078  185.92   26.00   2      1959.22      1959.08
  1079   1079  185.92   28.00   2      1876.78      1876.72
  1080   1080  185.92   30.00   2      1800.09      1800.04
  1081   1081  185.92   32.00   2      1728.29      1728.30
  1082   1082  185.92   34.00   2      1661.55      1661.44
  1083   1083  185.92   36.00   2      1598.87      1598.85
  1084   1084  185.92   38.00   2      1539.01      1538.93
  1085   1085  185.92   40.00   2      1483.05      1482.97
  1086   1086  185.92   42.00   2      1429.57      1429.34
  1087   1087  185.92   44.00   2      1377.50      1377.46
  1088   1088  185.92   46.00   2      1327.75      1327.61
  1089   1089  185.92   48.00   2      1279.98      1279.64
  1090   1090  185.92   50.00   2      1232.14      1232.01
  1091   1091  185.92   52.00   2      1185.84      1185.59
  1092   1092  185.92   54.00   2      1138.73      1138.63
  1093   1093  185.92   56.00   2      1092.33      1092.13
  1094   1094  185.92   58.00   2      1044.65      1044.51
  1095   1095  185.92   60.00   2       995.12       994.74
  1096   1096  185.92   62.00   2       941.66       941.41
  1097   1097  185.92   64.00   2       882.13       880.77
  1098   1098  185.92   66.00   2       810.97       809.32
  1099   1099  185.92   68.00   2       721.63       720.42
  1100   1100  185.92   70.00   2       629.13       626.54
  1101   1101  187.92   70.00   2       665.57       665.52
  1102   1102  187.92   68.00   2       749.00       750.42
  1103   1103  187.92   66.00   2       831.14       832.57
  1104   1104  187.92   64.00   2       899.33       900.62
  1105   1105  187.92   62.00   2       958.78       959.04
  1106   1106  187.92   60.00   2      1012.02      1012.26
  1107   1107  187.92   58.00   2      1061.80      1061.96
  1108   1108  187.92   56.00   2      1109.99      1110.06
  1109   1109  187.92   54.00   2      1156.75      1156.98
  1110   1110  187.92   52.00   2      1204.12      1204.17
  1111   1111  187.92   50.00   2      1251.03      1251.15
  1112   1112  187.92   48.00   2      1299.53      1299.58
  1113   1113  187.92   46.00   2      1348.53      1348.65
  1114   1114  187.92   44.00   2      1399.69      1399.74
  1115   1115  187.92   42.00   2      1452.04      1452.11
  1116   1116  187.92   40.00   2      1506.77      1506.99
  1117   1117  187.92   38.00   2      1564.92      1564.97
  1118   1118  187.92   36.00   2      1625.39      1625.65
  1119   1119  187.92   34.00   2      1690.62      1690.64
  1120   1120  187.92   32.00   2      1759.18      1759.33
  1121   1121  187.92   30.00   2      1832.94      1833.01
  1122   1122  187.92   28.00   2      1911.33      1911.41
  1123   1123  187.92   26.00   2      1996.44      1996.55
  1124   1124  187.92   24.00   2      2087.84      2087.87
  1125   1125  187.92   22.00   2      2186.43      2186.54
  1126   1126  187.92   20.00   2      2292.50      2292.59
  1127   1127  187.92   18.00   2      2407.40      2407.53
  1128   1128  187.92   16.00   2      2530.95      2531.08
  1129   1129  187.92   14.00   2      2661.80      2661.92
  1130   1130  187.92   12.00   2      2798.27      2798.44
  1131   1131  187.92   10.00   2      2935.59      2935.74
  1132   1132  187.92    8.00   2      3065.32      3065.55
  1133   1133  187.92    6.00   2      3172.41      3172.55
  1134   1134  187.92    4.00   2      3224.42      3224.54
  1135   1135  187.92    2.00   2      3167.82      3167.72
  1136   1136  187.92    0.00   2      2921.89      2921.66
  1137   1137  189.92    0.00   2      2869.73      2869.64
  1138   1138  189.92    2.00   2      3164.40      3164.68
  1139   1139  189.92    4.00   2      3249.21      3249.32
  1140   1140  189.92    6.00   2      3212.07      3212.13
  1141   1141  189.92    8.00   2      3112.89      3112.63
  1142   1142  189.92   10.00   2      2984.43      2984.25
  1143   1143  189.92   12.00   2      2844.76      2844.46
  1144   1144  189.92   14.00   2      2705.01      2704.71
  1145   1145  189.92   16.00   2      2569.56      2569.36
  1146   1146  189.92   18.00   2      2443.92      2443.53
  1147   1147  189.92   20.00   2      2325.14      2324.98
  1148   1148  189.92   22.00   2      2215.68      2215.41
  1149   1149  189.92   24.00   2      2114.00      2113.88
  1150   1150  189.92   26.00   2      2020.88      2020.67
  1151   1151  189.92   28.00   2      1934.21      1933.92
  1152   1152  189.92   30.00   2      1853.47      1853.41
  1153   1153  189.92   32.00   2      1778.78      1778.53
  1154   1154  189.92   34.00   2      1708.49      1708.43
  1155   1155  189.92   36.00   2      1643.36      1643.19
  1156   1156  189.92   38.00   2      1582.46      1582.16
  1157   1157  189.92   40.00   2      1523.35      1523.21
  1158   1158  189.92   42.00   2      1468.43      1468.20
  1159   1159  189.92   44.00   2      1415.13      1415.05
  1160   1160  189.92   46.00   2      1364.44      1364.26
  1161   1161  189.92   48.00   2      1315.03      1314.91
  1162   1162  189.92   50.00   2      1267.42      1267.21
  1163   1163  189.92   52.00   2      1221.12      1220.82
  1164   1164  189.92   54.00   2      1174.59      1174.45
  1165   1165  189.92   56.00   2      1129.27      1128.98
  1166   1166  189.92   58.00   2      1083.02      1082.88
  1167   1167  189.92   60.00   2      1036.35      1036.10
  1168   1168  189.92   62.00   2       986.95       986.78
  1169   1169  189.92   64.00   2       933.93       933.63
  1170   1170  189.92   66.00   2       873.84       873.45
  1171   1171  189.92   68.00   2       802.54       801.16
  1172   1172  189.92   70.00   2       713.10       710.58
  1173   1173  191.92   70.00   2       715.16       714.81
  1174   1174  191.92   68.00   2       794.47       795.79
  1175   1175  191.92   66.00   2       867.62       868.85
  1176   1176  191.92   64.00   2       929.49       929.55
  1177   1177  191.92   62.00   2       984.00       984.21
  1178   1178  191.92   60.00   2      1034.45      1034.68
  1179   1179  191.92   58.00   2      1082.68      1082.76
  1180   1180  191.92   56.00   2      1129.30      1129.39
  1181   1181  191.92   54.00   2      1175.23      1175.53
  1182   1182  191.92   52.00   2      1222.41      1222.49
  1183   1183  191.92   50.00   2      1269.06      1269.32
  1184   1184  191.92   48.00   2      1318.03      1318.13
  1185   1185  191.92   46.00   2      1367.21      1367.40
  1186   1186  191.92   44.00   2      1419.15      1419.21
  1187   1187  191.92   42.00   2      1472.20      1472.34
  1188   1188  191.92   40.00   2      1528.47      1528.49
  1189   1189  191.92   38.00   2      1587.22      1587.27
  1190   1190  191.92   36.00   2      1648.85      1649.15
  1191   1191  191.92   34.00   2      1715.68      1715.65
  1192   1192  191.92   32.00   2      1785.69      1785.96
  1193   1193  191.92   30.00   2      1861.74      1861.78
  1194   1194  191.92   28.00   2      1942.64      1942.82
  1195   1195  191.92   26.00   2      2030.33      2030.44
  1196   1196  191.92   24.00   2      2124.64      2124.75
  1197   1197  191.92   22.00   2      2226.71      2226.82
  1198   1198  191.92   20.00   2      2337.14      2337.26
  1199   1199  191.92   18.00   2      2457.45      2457.59
  1200   1200  191.92   16.00   2      2586.16      2586.30
  1201   1201  191.92   14.00   2      2722.69      2723.05
  1202   1202  191.92   12.00   2      2865.32      2865.55
  1203   1203  191.92   10.00   2      3007.03      3007.35
  1204   1204  191.92    8.00   2      3138.93      3139.18
  1205   1205  191.92    6.00   2      3239.26      3239.56
  1206   1206  191.92    4.00   2      3272.57      3272.61
  1207   1207  191.92    2.00   2      3170.42      3170.30
  1208   1208  191.92    0.00   2      2836.77      2836.36
  1209   1209  193.92    0.00   2      2818.10      2817.79
  1210   1210  193.92    2.00   2      3158.83      3159.15
  1211   1211  193.92    4.00   2      3270.91      3271.16
  1212   1212  193.92    6.00   2      3242.23      3242.11
  1213   1213  193.92    8.00   2      3143.35      3143.20
  1214   1214  193.92   10.00   2      3012.62      3011.53
  1215   1215  193.92   12.00   2      2867.99      2867.77
  1216   1216  193.92   14.00   2      2724.68      2724.28
  1217   1217  193.92   16.00   2      2586.16      2585.96
  1218   1218  193.92   18.00   2      2456.17      2455.89
  1219   1219  193.92   20.00   2      2335.72      2335.57
  1220   1220  193.92   22.00   2      2224.62      2224.45
  1221   1221  193.92   24.00   2      2122.48      2122.07
  1222   1222  193.92   26.00   2      2027.06      2026.91
  1223   1223  193.92   28.00   2      1939.48      1939.29
  1224   1224  193.92   30.00   2      1858.06      1857.96
  1225   1225  193.92   32.00   2      1782.80      1782.66
  1226   1226  193.92   34.00   2      1712.72      1712.48
  1227   1227  193.92   36.00   2      1646.50      1646.43
  1228   1228  193.92   38.00   2      1585.03      1584.79
  1229   1229  193.92   40.00   2      1525.89      1525.88
  1230   1230  193.92   42.00   2      1470.61      1470.43
  1231   1231  193.92   44.00   2      1417.97      1417.67
  1232   1232  193.92   46.00   2      1366.29      1366.22
  1233   1233  193.92   48.00   2      1317.52      1317.30
  1234   1234  193.92   50.00   2      1269.45      1269.35
  1235   1235  193.92   52.00   2      1223.10      1222.91
  1236   1236  193.92   54.00   2      1177.91      1177.59
  1237   1237  193.92   56.00   2      1131.60      1131.38
  1238   1238  193.92   58.00   2      1086.12      1085.82
  1239   1239  193.92   60.00   2      1038.59      1038.45
  1240   1240  193.92   62.00   2       990.25       989.83
  1241   1241  193.92   64.00   2       937.39       937.21
  1242   1242  193.92   66.00   2       877.93       876.58
  1243   1243  193.92   68.00   2       806.03       804.69
  1244   1244  193.92   70.00   2       716.92       715.58
  1245   1245  195.92   70.00   2       685.31       683.85
  1246   1246  195.92   68.00   2       764.85       764.92
  1247   1247  195.92   66.00   2       843.39       844.66
  1248   1248  195.92   64.00   2       909.27       909.57
  1249   1249  195.92   62.00   2       967.11       967.25
  1250   1250  195.92   60.00   2      1018.80      1019.00
  1251   1251  195.92   58.00   2      1067.55      1067.74
  1252   1252  195.92   56.00   2      1115.43      1115.50
  1253   1253  195.92   54.00   2      1161.75      1161.89
  1254   1254  195.92   52.00   2      1208.71      1208.80
  1255   1255  195.92   50.00   2      1256.10      1256.18
  1256   1256  195.92   48.00   2      1303.44      1303.73
  1257   1257  195.92   46.00   2      1353.77      1353.85
  1258   1258  195.92   44.00   2      1404.60      1404.82
  1259   1259  195.92   42.00   2      1458.45      1458.48
  1260   1260  195.92   40.00   2      1513.79      1513.98
  1261   1261  195.92   38.00   2      1572.61      1572.64
  1262   1262  195.92   36.00   2      1633.96      1634.02
  1263   1263  195.92   34.00   2      1699.40      1699.46
  1264   1264  195.92   32.00   2      1769.14      1769.18
  1265   1265  195.92   30.00   2      1843.13      1843.41
  1266   1266  195.92   28.00   2      1923.58      1923.65
  1267   1267  195.92   26.00   2      2009.77      2010.02
  1268   1268  195.92   24.00   2      2103.68      2103.78
  1269   1269  195.92   22.00   2      2204.39      2204.62
  1270   1270  195.92   20.00   2      2314.04      2314.19
  1271   1271  195.92   18.00   2      2432.60      2432.81
  1272   1272  195.92   16.00   2      2561.17      2561.30
  1273   1273  195.92   14.00   2      2697.06      2697.27
  1274   1274  195.92   12.00   2      2839.43      2840.60
  1275   1275  195.92   10.00   2      2983.62      2983.88
  1276   1276  195.92    8.00   2      3116.92      3117.28
  1277   1277  195.92    6.00   2      3221.13      3221.29
  1278   1278  195.92    4.00   2      3256.44      3256.51
  1279   1279  195.92    2.00   2      3156.71      3156.60
  1280   1280  195.92    0.00   2      2818.52      2817.41
  1281   1281  197.92    0.00   2      2843.05      2843.05
  1282   1282  197.92    2.00   2      3152.18      3153.58
  1283   1283  197.92    4.00   2      3238.34      3238.53
  1284   1284  197.92    6.00   2      3195.04      3194.99
  1285   1285  197.92    8.00   2      3088.70      3088.53
  1286   1286  197.92   10.00   2      2954.36      2954.15
  1287   1287  197.92   12.00   2      2809.96      2809.75
  1288   1288  197.92   14.00   2      2667.47      2667.25
  1289   1289  197.92   16.00   2      2531.49      2531.14
  1290   1290  197.92   18.00   2      2404.59      2404.43
  1291   1291  197.92   20.00   2      2286.82      2286.60
  1292   1292  197.92   22.00   2      2178.08      2177.92
  1293   1293  197.92   24.00   2      2078.06      2077.95
  1294   1294  197.92   26.00   2      1985.60      1985.32
  1295   1295  197.92   28.00   2      1899.87      1899.80
  1296   1296  197.92   30.00   2      1821.02      1820.84
  1297   1297  197.92   32.00   2      1747.05      1746.95
  1298   1298  197.92   34.00   2      1678.25      1678.17
  1299   1299  197.92   36.00   2      1614.18      1613.89
  1300   1300  197.92   38.00   2      1552.67      1552.59
  1301   1301  197.92   40.00   2      1495.43      1495.25
  1302   1302  197.92   42.00   2      1440.14      1440.09
  1303   1303  197.92   44.00   2      1387.73      1387.62
  1304   1304  197.92   46.00   2      1337.64      1337.39
  1305   1305  197.92   48.00   2      1288.08      1287.95
  1306   1306  197.92   50.00   2      1240.89      1240.69
  1307   1307  197.92   52.00   2      1193.95      1193.89
  1308   1308  197.92   54.00   2      1147.96      1147.72
  1309   1309  197.92   56.00   2      1101.41      1101.27
  1310   1310  197.92   58.00   2      1054.53      1054.27
  1311   1311  197.92   60.00   2      1005.77      1005.41
  1312   1312  197.92   62.00   2       953.03       952.79
  1313   1313  197.92   64.00   2       894.72       894.53
  1314   1314  197.92   66.00   2       826.31       824.72
  1315   1315  197.92   68.00   2       738.62       737.15
  1316   1316  197.92   70.00   2       644.23       641.72
  1317   1317  199.92   70.00   2       573.82       571.49
  1318   1318  199.92   68.00   2       648.04       648.24
  1319   1319  199.92   66.00   2       738.20       739.54
  1320   1320  199.92   64.00   2       826.58       827.93
  1321   1321  199.92   62.00   2       898.52       899.83
  1322   1322  199.92   60.00   2       960.03       960.25
  1323   1323  199.92   58.00   2      1014.54      1014.72
  1324   1324  199.92   56.00   2      1065.09      1065.36
  1325   1325  199.92   54.00   2      1114.44      1114.51
  1326   1326  199.92   52.00   2      1162.02      1162.33
  1327   1327  199.92   50.00   2      1210.52      1210.59
  1328   1328  199.92   48.00   2      1258.83      1258.94
  1329   1329  199.92   46.00   2      1308.22      1308.29
  1330   1330  199.92   44.00   2      1359.08      1359.19
  1331   1331  199.92   42.00   2      1411.08      1411.30
  1332   1332  199.92   40.00   2      1466.38      1466.45
  1333   1333  199.92   38.00   2      1523.07      1523.30
  1334   1334  199.92   36.00   2      1583.58      1583.65
  1335   1335  199.92   34.00   2      1647.15      1647.28
  1336   1336  199.92   32.00   2      1714.71      1714.79
  1337   1337  199.92   30.00   2      1786.93      1787.01
  1338   1338  199.92   28.00   2      1864.42      1864.48
  1339   1339  199.92   26.00   2      1947.69      1947.81
  1340   1340  199.92   24.00   2      2037.41      2037.74
  1341   1341  199.92   22.00   2      2135.86      2136.00
  1342   1342  199.92   20.00   2      2241.28      2241.59
  1343   1343  199.92   18.00   2      2355.91      2356.04
  1344   1344  199.92   16.00   2      2480.25      2480.53
  1345   1345  199.92   14.00   2      2613.48      2613.61
  1346   1346  199.92   12.00   2      2753.41      2753.66
  1347   1347  199.92   10.00   2      2897.73      2897.92
  1348   1348  199.92    8.00   2      3035.52      3035.73
  1349   1349  199.92    6.00   2      3149.83      3151.06
  1350   1350  199.92    4.00   2      3209.53      3209.82
  1351   1351  199.92    2.00   2      3155.23      3155.06
  1352   1352  199.92    0.00   2      2889.33      2889.03
  1353   1353  201.92    0.00   2      2893.12      2938.16
  1354   1354  201.92    2.00   2      3144.89      3144.95
  1355   1355  201.92    4.00   2      3166.63      3166.58
  1356   1356  201.92    6.00   2      3091.39      3091.34
  1357   1357  201.92    8.00   2      2969.47      2969.31
  1358   1358  201.92   10.00   2      2828.91      2828.90
  1359   1359  201.92   12.00   2      2686.96      2686.84
  1360   1360  201.92   14.00   2      2549.69      2549.54
  1361   1361  201.92   16.00   2      2420.22      2419.84
  1362   1362  201.92   18.00   2      2298.59      2298.46
  1363   1363  201.92   20.00   2      2186.99      2186.75
  1364   1364  201.92   22.00   2      2083.86      2083.73
  1365   1365  201.92   24.00   2      1988.63      1988.49
  1366   1366  201.92   26.00   2      1901.21      1900.86
  1367   1367  201.92   28.00   2      1819.38      1819.29
  1368   1368  201.92   30.00   2      1744.18      1743.98
  1369   1369  201.92   32.00   2      1673.56      1673.51
  1370   1370  201.92   34.00   2      1607.62      1607.47
  1371   1371  201.92   36.00   2      1545.80      1545.55
  1372   1372  201.92   38.00   2      1486.56      1486.45
  1373   1373  201.92   40.00   2      1430.96      1430.76
  1374   1374  201.92   42.00   2      1377.13      1377.08
  1375   1375  201.92   44.00   2      1325.81      1325.63
  1376   1376  201.92   46.00   2      1276.32      1276.04
  1377   1377  201.92   48.00   2      1227.11      1226.95
  1378   1378  201.92   50.00   2      1179.36      1179.14
  1379   1379  201.92   52.00   2      1131.27      1131.19
  1380   1380  201.92   54.00   2      1083.46      1083.19
  1381   1381  201.92   56.00   2      1033.26      1033.12
  1382   1382  201.92   58.00   2       980.97       980.65
  1383   1383  201.92   60.00   2       923.55       923.30
  1384   1384  201.92   62.00   2       858.16       856.76
  1385   1385  201.92   64.00   2       774.46       773.28
  1386   1386  201.92   66.00   2       676.67       674.04
  1387   1387  201.92   68.00   2       581.21       578.44
  1388   1388  201.92   70.00   2       490.39       488.99
  1389   1389  203.92   70.00   2       388.85       386.56
  1390   1390  203.92   68.00   2       451.97       452.07
  1391   1391  203.92   66.00   2       529.63       530.93
  1392   1392  203.92   64.00   2       619.48       620.65
  1393   1393  203.92   62.00   2       718.23       720.66
  1394   1394  203.92   60.00   2       819.53       820.90
  1395   1395  203.92   58.00   2       898.98       900.53
  1396   1396  203.92   56.00   2       965.08       965.31
  1397   1397  203.92   54.00   2      1022.96      1023.09
  1398   1398  203.92   52.00   2      1076.06      1076.34
  1399   1399  203.92   50.00   2      1127.78      1127.84
  1400   1400  203.92   48.00   2      1177.94      1178.09
  1401   1401  203.92   46.00   2      1227.95      1228.02
  1402   1402  203.92   44.00   2      1278.36      1278.46
  1403   1403  203.92   42.00   2      1329.70      1329.93
  1404   1404  203.92   40.00   2      1383.66      1383.68
  1405   1405  203.92   38.00   2      1438.67      1438.85
  1406   1406  203.92   36.00   2      1496.87      1496.91
  1407   1407  203.92   34.00   2      1557.24      1557.41
  1408   1408  203.92   32.00   2      1622.10      1622.13
  1409   1409  203.92   30.00   2      1690.47      1690.57
  1410   1410  203.92   28.00   2      1764.05      1764.11
  1411   1411  203.92   26.00   2      1826.51      1842.75
  1412   1412  203.92   24.00   2      1927.25      1927.24
  1413   1413  203.92   22.00   2      1974.12      2018.49
  1414   1414  203.92   20.00   2      2116.89      2116.95
  1415   1415  203.92   18.00   2      2224.12      2224.13
  1416   1416  203.92   16.00   2      2339.97      2339.97
  1417   1417  203.92   14.00   2      2465.33      2465.37
  1418   1418  203.92   12.00   2      2597.90      2598.09
  1419   1419  203.92   10.00   2      2738.04      2738.05
  1420   1420  203.92    8.00   2      2876.49      2877.90
  1421   1421  203.92    6.00   2      3005.93      3005.99
  1422   1422  203.92    4.00   2      3077.16      3101.63
  1423   1423  203.92    2.00   2      3118.12      3118.12
  1424   1424  203.92    0.00   2      2926.38      2981.32
  1425   1425  205.92    0.00   2      2999.75      2999.70
  1426   1426  205.92    2.00   2      3063.74      3064.92
  1427   1427  205.92    4.00   2      3011.10      3011.06
  1428   1428  205.92    6.00   2      2894.77      2900.59
  1429   1429  205.92    8.00   2      2767.14      2767.01
  1430   1430  205.92   10.00   2      2618.14      2627.95
  1431   1431  205.92   12.00   2      2492.11      2492.01
  1432   1432  205.92   14.00   2      2331.39      2363.58
  1433   1433  205.92   16.00   2      2243.90      2243.82
  1434   1434  205.92   18.00   2      2088.68      2133.32
  1435   1435  205.92   20.00   2      2031.27      2031.24
  1436   1436  205.92   22.00   2      1937.42      1937.32
  1437   1437  205.92   24.00   2      1850.61      1850.62
  1438   1438  205.92   26.00   2      1770.11      1769.97
  1439   1439  205.92   28.00   2      1694.87      1694.86
  1440   1440  205.92   30.00   2      1624.94      1624.86
  1441   1441  205.92   32.00   2      1558.21      1559.15
  1442   1442  205.92   34.00   2      1496.68      1496.63
  1443   1443  205.92   36.00   2      1434.84      1438.43
  1444   1444  205.92   38.00   2      1381.84      1381.78
  1445   1445  205.92   40.00   2      1328.21      1328.11
  1446   1446  205.92   42.00   2      1276.12      1275.96
  1447   1447  205.92   44.00   2      1224.93      1224.86
  1448   1448  205.92   46.00   2      1174.70      1174.49
  1449   1449  205.92   48.00   2      1124.56      1124.29
  1450   1450  205.92   50.00   2      1072.89      1072.78
  1451   1451  205.92   52.00   2      1019.85      1019.54
  1452   1452  205.92   54.00   2       962.09       961.90
  1453   1453  205.92   56.00   2       897.89       896.77
  1454   1454  205.92   58.00   2       820.02       818.74
  1455   1455  205.92   60.00   2       719.45       716.40
  1456   1456  205.92   62.00   2       612.48       610.67
  1457   1457  205.92   64.00   2       514.06       511.67
  1458   1458  205.92   66.00   2       424.22       422.63
  1459   1459  205.92   68.00   2       344.00       342.80
  1460   1460  205.92   70.00   2       275.91       274.35
  1461   1461  207.92   70.00   2       179.00       177.57
  1462   1462  207.92   68.00   2       215.15       215.21
  1463   1463  207.92   66.00   2       267.03       267.22
  1464   1464  207.92   64.00   2       331.31       332.70
  1465   1465  207.92   62.00   2       409.10       410.57
  1466   1466  207.92   60.00   2       499.03       500.39
  1467   1467  207.92   58.00   2       599.75       601.05
  1468   1468  207.92   56.00   2       709.57       712.50
  1469   1469  207.92   54.00   2       821.76       823.09
  1470   1470  207.92   52.00   2       908.16       909.69
  1471   1471  207.92   50.00   2       978.06       979.28
  1472   1472  207.92   48.00   2      1039.60      1039.79
  1473   1473  207.92   46.00   2      1097.18      1097.29
  1474   1474  207.92   44.00   2      1151.34      1151.35
  1475   1475  207.92   42.00   2      1201.30      1204.64
  1476   1476  207.92   40.00   2      1257.88      1257.89
  1477   1477  207.92   38.00   2      1301.68      1312.22
  1478   1478  207.92   36.00   2      1368.05      1368.08
  1479   1479  207.92   34.00   2      1426.15      1426.07
  1480   1480  207.92   32.00   2      1486.42      1486.44
  1481   1481  207.92   30.00   2      1550.18      1550.16
  1482   1482  207.92   28.00   2      1616.63      1616.90
  1483   1483  207.92   26.00   2      1688.81      1688.80
  1484   1484  207.92   24.00   2      1758.91      1765.92
  1485   1485  207.92   22.00   2      1847.68      1847.72
  1486   1486  207.92   20.00   2      1899.99      1936.81
  1487   1487  207.92   18.00   2      2032.86      2032.92
  1488   1488  207.92   16.00   2      2136.95      2136.95
  1489   1489  207.92   14.00   2      2248.98      2248.98
  1490   1490  207.92   12.00   2      2370.69      2370.69
  1491   1491  207.92   10.00   2      2495.56      2499.78
  1492   1492  207.92    8.00   2      2634.71      2634.83
  1493   1493  207.92    6.00   2      2748.04      2770.33
  1494   1494  207.92    4.00   2      2893.29      2893.38
  1495   1495  207.92    2.00   2      2979.70      2979.68
  1496   1496  207.92    0.00   2      2985.24      2985.24
  1497   1497  209.92    0.00   2      2910.39      2916.17
  1498   1498  209.92    2.00   2      2856.44      2856.40
  1499   1499  209.92    4.00   2      2734.02      2745.33
  1500   1500  209.92    6.00   2      2614.29      2614.22
  1501   1501  209.92    8.00   2      2444.77      2480.36
  1502   1502  209.92   10.00   2      2351.12      2351.06
  1503   1503  209.92   12.00   2      2228.91      2228.81
  1504   1504  209.92   14.00   2      2114.22      2114.34
  1505   1505  209.92   16.00   2      2009.78      2009.68
  1506   1506  209.92   18.00   2      1910.19      1912.82
  1507   1507  209.92   20.00   2      1823.05      1822.97
  1508   1508  209.92   22.00   2      1697.10      1740.01
  1509   1509  209.92   24.00   2      1662.69      1662.68
  1510   1510  209.92   26.00   2      1590.63      1590.58
  1511   1511  209.92   28.00   2      1522.90      1522.89
  1512   1512  209.92   30.00   2      1458.86      1458.80
  1513   1513  209.92   32.00   2      1397.32      1397.50
  1514   1514  209.92   34.00   2      1339.51      1339.45
  1515   1515  209.92   36.00   2      1271.88      1283.27
  1516   1516  209.92   38.00   2      1228.59      1228.53
  1517   1517  209.92   40.00   2      1151.03      1174.66
  1518   1518  209.92   42.00   2      1120.23      1120.17
  1519   1519  209.92   44.00   2      1065.05      1064.89
  1520   1520  209.92   46.00   2      1006.41      1006.42
  1521   1521  209.92   48.00   2       942.65       942.53
  1522   1522  209.92   50.00   2       867.85       867.75
  1523   1523  209.92   52.00   2       770.94       769.46
  1524   1524  209.92   54.00   2       658.57       657.25
  1525   1525  209.92   56.00   2       548.91       546.36
  1526   1526  209.92   58.00   2       446.53       445.10
  1527   1527  209.92   60.00   2       355.99       354.48
  1528   1528  209.92   62.00   2       277.64       276.37
  1529   1529  209.92   64.00   2       214.41       212.96
  1530   1530  209.92   66.00   2       166.79       165.46
  1531   1531  209.92   68.00   2       136.67       136.35
  1532   1532  209.92   70.00   2       121.06       120.78
  1533   1533  211.92   70.00   2       112.78       112.66
  1534   1534  211.92   68.00   2       112.59       112.61
  1535   1535  211.92   66.00   2       115.13       115.14
  1536   1536  211.92   64.00   2       123.08       123.35
  1537   1537  211.92   62.00   2       142.22       142.45
  1538   1538  211.92   60.00   2       177.69       177.82
  1539   1539  211.92   58.00   2       229.86       230.06
  1540   1540  211.92   56.00   2       301.09       301.26
  1541   1541  211.92   54.00   2       384.75       385.10
  1542   1542  211.92   52.00   2       483.39       484.82
  1543   1543  211.92   50.00   2       588.80       594.83
  1544   1544  211.92   48.00   2       716.53       718.02
  1545   1545  211.92   46.00   2       836.94       837.16
  1546   1546  211.92   44.00   2       926.14       926.23
  1547   1547  211.92   42.00   2       998.23       998.35
  1548   1548  211.92   40.00   2      1061.41      1061.53
  1549   1549  211.92   38.00   2      1121.40      1121.38
  1550   1550  211.92   36.00   2      1177.60      1179.06
  1551   1551  211.92   34.00   2      1236.19      1236.23
  1552   1552  211.92   32.00   2      1290.16      1294.28
  1553   1553  211.92   30.00   2      1353.63      1353.62
  1554   1554  211.92   28.00   2      1401.92      1415.24
  1555   1555  211.92   26.00   2      1479.66      1479.64
  1556   1556  211.92   24.00   2      1515.28      1547.41
  1557   1557  211.92   22.00   2      1619.89      1619.99
  1558   1558  211.92   20.00   2      1697.36      1697.32
  1559   1559  211.92   18.00   2      1779.63      1779.67
  1560   1560  211.92   16.00   2      1868.85      1868.87
  1561   1561  211.92   14.00   2      1963.64      1965.47
  1562   1562  211.92   12.00   2      2068.89      2068.94
  1563   1563  211.92   10.00   2      2165.63      2182.03
  1564   1564  211.92    8.00   2      2302.95      2303.00
  1565   1565  211.92    6.00   2      2388.42      2429.54
  1566   1566  211.92    4.00   2      2559.43      2559.51
  1567   1567  211.92    2.00   2      2683.47      2683.49
  1568   1568  211.92    0.00   2      2782.49      2782.56
  1569   1569  213.92    0.00   2      2579.30      2582.54
  1570   1570  213.92    2.00   2      2464.86      2464.83
  1571   1571  213.92    4.00   2      2325.89      2339.46
  1572   1572  213.92    6.00   2      2215.07      2215.05
  1573   1573  213.92    8.00   2      2064.01      2097.78
  1574   1574  213.92   10.00   2      1987.94      1987.94
  1575   1575  213.92   12.00   2      1886.64      1886.52
  1576   1576  213.92   14.00   2      1792.02      1792.13
  1577   1577  213.92   16.00   2      1705.39      1705.37
  1578   1578  213.92   18.00   2      1622.26      1624.73
  1579   1579  213.92   20.00   2      1549.12      1549.12
  1580   1580  213.92   22.00   2      1470.32      1478.47
  1581   1581  213.92   24.00   2      1411.36      1411.35
  1582   1582  213.92   26.00   2      1319.68      1347.89
  1583   1583  213.92   28.00   2      1286.65      1286.67
  1584   1584  213.92   30.00   2      1227.50      1227.40
  1585   1585  213.92   32.00   2      1167.25      1168.34
  1586   1586  213.92   34.00   2      1109.70      1109.68
  1587   1587  213.92   36.00   2      1044.87      1049.04
  1588   1588  213.92   38.00   2       984.22       984.11
  1589   1589  213.92   40.00   2       898.72       911.05
  1590   1590  213.92   42.00   2       821.22       820.98
  1591   1591  213.92   44.00   2       698.85       698.57
  1592   1592  213.92   46.00   2       575.44       575.19
  1593   1593  213.92   48.00   2       461.66       460.41
  1594   1594  213.92   50.00   2       361.83       360.60
  1595   1595  213.92   52.00   2       276.17       275.82
  1596   1596  213.92   54.00   2       206.85       206.81
  1597   1597  213.92   56.00   2       157.49       157.32
  1598   1598  213.92   58.00   2       128.73       128.74
  1599   1599  213.92   60.00   2       115.23       116.41
  1600   1600  213.92   62.00   2       113.17       112.97
  1601   1601  213.92   64.00   2       112.56       112.50
  1602   1602  213.92   66.00   2       112.41       112.39
  1603   1603  213.92   68.00   2       112.35       112.32
  1604   1604  215.92   64.00   2       114.17       112.20
  1605   1605  215.92   62.00   2       112.20       112.24
  1606   1606  215.92   60.00   2       112.35       112.35
  1607   1607  215.92   58.00   2       112.39       112.37
  1608   1608  215.92   56.00   2       112.53       112.52
  1609   1609  215.92   54.00   2       114.95       114.97
  1610   1610  215.92   52.00   2       124.61       124.72
  1611   1611  215.92   50.00   2       148.46       148.45
  1612   1612  215.92   48.00   2       191.11       191.15
  1613   1613  215.92   46.00   2       253.54       253.65
  1614   1614  215.92   44.00   2       335.24       335.49
  1615   1615  215.92   42.00   2       429.73       432.55
  1616   1616  215.92   40.00   2       544.72       546.14
  1617   1617  215.92   38.00   2       667.18       672.74
  1618   1618  215.92   36.00   2       806.97       808.13
  1619   1619  215.92   34.00   2       900.53       912.66
  1620   1620  215.92   32.00   2       993.07       993.26
  1621   1621  215.92   30.00   2      1049.90      1063.31
  1622   1622  215.92   28.00   2      1127.98      1128.09
  1623   1623  215.92   26.00   2      1182.41      1190.86
  1624   1624  215.92   24.00   2      1253.12      1253.14
  1625   1625  215.92   22.00   2      1301.75      1316.36
  1626   1626  215.92   20.00   2      1371.46      1382.37
  1627   1627  215.92   18.00   2      1447.22      1451.26
  1628   1628  215.92   16.00   2      1523.90      1523.98
  1629   1629  215.92   14.00   2      1601.92      1601.66
  1630   1630  215.92   12.00   2      1676.13      1683.82
  1631   1631  215.92   10.00   2      1766.99      1772.55
  1632   1632  215.92    8.00   2      1868.04      1868.01
  1633   1633  215.92    6.00   2      1943.05      1970.77
  1634   1634  215.92    4.00   2      2037.75      2080.55
  1635   1635  215.92    2.00   2      2184.50      2196.24
  1636   1636  215.92    0.00   2      2314.96      2315.04
  1637   1637  217.92    0.00   2      1997.85      1994.00
  1638   1638  217.92    2.00   2      1890.17      1890.13
  1639   1639  217.92    4.00   2      1803.60      1792.06
  1640   1640  217.92    6.00   2      1698.93      1698.91
  1641   1641  217.92    8.00   2      1641.31      1612.79
  1642   1642  217.92   10.00   2      1531.99      1531.99
  1643   1643  217.92   12.00   2      1456.33      1456.17
  1644   1644  217.92   14.00   2      1384.93      1384.83
  1645   1645  217.92   16.00   2      1316.15      1316.16
  1646   1646  217.92   18.00   2      1251.71      1250.29
  1647   1647  217.92   20.00   2      1185.77      1185.75
  1648   1648  217.92   22.00   2      1125.19      1122.03
  1649   1649  217.92   24.00   2      1056.44      1056.45
  1650   1650  217.92   26.00   2       998.02       986.66
  1651   1651  217.92   28.00   2       907.45       907.27
  1652   1652  217.92   30.00   2       806.51       806.06
  1653   1653  217.92   32.00   2       673.87       672.41
  1654   1654  217.92   34.00   2       541.91       540.52
  1655   1655  217.92   36.00   2       428.31       424.49
  1656   1656  217.92   38.00   2       322.65       322.32
  1657   1657  217.92   40.00   2       239.17       238.89
  1658   1658  217.92   42.00   2       176.63       176.53
  1659   1659  217.92   44.00   2       137.76       137.66
  1660   1660  217.92   46.00   2       119.46       119.44
  1661   1661  217.92   48.00   2       115.70       113.04
  1662   1662  217.92   50.00   2       112.34       112.38
  1663   1663  217.92   52.00   2       112.76       112.61
  1664   1664  217.92   54.00   2       112.33       112.32
  1665   1665  217.92   56.00   2       112.91       112.63
  1666   1666  217.92   58.00   2       112.30       112.29
  1667   1667  217.92   60.00   2       113.16       112.15
  1678   1678  219.92   56.00   2       112.15       112.16
  1679   1679  219.92   54.00   2       112.06       112.09
  1680   1680  219.92   52.00   2       112.15       112.15
  1681   1681  219.92   50.00   2       112.80       112.59
  1682   1682  219.92   48.00   2       112.17       112.16
  1683   1683  219.92   46.00   2       112.26       112.21
  1684   1684  219.92   44.00   2       112.24       112.22
  1685   1685  219.92   42.00   2       112.38       112.32
  1686   1686  219.92   40.00   2       113.55       113.17
  1687   1687  219.92   38.00   2       116.13       116.15
  1688   1688  219.92   36.00   2       129.29       129.23
  1689   1689  219.92   34.00   2       159.74       159.77
  1690   1690  219.92   32.00   2       213.42       213.46
  1691   1691  219.92   30.00   2       288.47       288.58
  1692   1692  219.92   28.00   2       384.00       384.14
  1693   1693  219.92   26.00   2       496.95       496.97
  1694   1694  219.92   24.00   2       626.67       627.90
  1695   1695  219.92   22.00   2       770.63       770.64
  1696   1696  219.92   20.00   2       892.86       894.21
  1697   1697  219.92   18.00   2       987.15       982.79
  1698   1698  219.92   16.00   2      1058.73      1058.85
  1699   1699  219.92   14.00   2      1144.41      1128.56
  1700   1700  219.92   12.00   2      1195.48      1195.53
  1701   1701  219.92   10.00   2      1262.67      1262.69
  1702   1702  219.92    8.00   2      1330.82      1330.85
  1703   1703  219.92    6.00   2      1401.69      1401.60
  1704   1704  219.92    4.00   2      1475.30      1475.26
  1705   1705  219.92    2.00   2      1552.40      1552.35
  1706   1706  219.92    0.00   2      1635.70      1633.60
  1707   1707  221.92    0.00   2      1250.17      1249.99
  1708   1708  221.92    2.00   2      1188.19      1188.11
  1709   1709  221.92    4.00   2      1125.50      1125.37
  1710   1710  221.92    6.00   2      1059.94      1059.94
  1711   1711  221.92    8.00   2       990.32       990.24
  1712   1712  221.92   10.00   2       910.83       910.65
  1713   1713  221.92   12.00   2       808.06       806.66
  1714   1714  221.92   14.00   2       674.81       672.14
  1715   1715  221.92   16.00   2       539.14       537.90
  1716   1716  221.92   18.00   2       420.60       419.03
  1717   1717  221.92   20.00   2       317.93       317.75
  1718   1718  221.92   22.00   2       233.92       233.56
  1719   1719  221.92   24.00   2       171.83       171.75
  1720   1720  221.92   26.00   2       134.25       134.17
  1721   1721  221.92   28.00   2       117.97       117.87
  1722   1722  221.92   30.00   2       112.74       112.67
  1723   1723  221.92   32.00   2       113.97       112.48
  1724   1724  221.92   34.00   2       112.31       112.32
  1725   1725  221.92   36.00   2       112.39       112.34
  1726   1726  221.92   38.00   2       112.30       112.27
  1727   1727  221.92   40.00   2       112.36       112.30
  1728   1728  221.92   42.00   2       112.27       112.25
  1729   1729  221.92   44.00   2       112.36       112.29
  1730   1730  221.92   46.00   2       112.22       112.19
  1731   1731  221.92   48.00   2       112.25       112.21
  1732   1732  221.92   50.00   2       112.14       112.13
  1733   1733  221.92   52.00   2       112.23       112.17
  1755   1755  223.92   46.00   2       112.00       112.02
  1756   1756  223.92   44.00   2       112.21       112.15
  1757   1757  223.92   42.00   2       112.23       112.18
  1758   1758  223.92   40.00   2       112.22       112.16
  1759   1759  223.92   38.00   2       113.39       112.17
  1760   1760  223.92   36.00   2       112.13       112.12
  1761   1761  223.92   34.00   2       112.23       112.17
  1762   1762  223.92   32.00   2       112.15       112.15
  1763   1763  223.92   30.00   2       112.24       112.20
  1764   1764  223.92   28.00   2       112.29       112.24
  1765   1765  223.92   26.00   2       112.28       112.22
  1766   1766  223.92   24.00   2       112.29       112.23
  1767   1767  223.92   22.00   2       112.18       112.17
  1768   1768  223.92   20.00   2       112.35       112.30
  1769   1769  223.92   18.00   2       112.37       112.35
  1770   1770  223.92   16.00   2       113.54       113.48
  1771   1771  223.92   14.00   2       120.27       120.26
  1772   1772  223.92   12.00   2       138.08       138.05
  1773   1773  223.92   10.00   2       172.94       172.88
  1774   1774  223.92    8.00   2       225.38       225.46
  1775   1775  223.92    6.00   2       295.36       293.53
  1776   1776  223.92    4.00   2       373.63       373.99
  1777   1777  223.92    2.00   2       463.98       464.29
  1778   1778  223.92    0.00   2       559.64       559.68
  1779   1779  225.92    0.00   2       112.23       112.27
  1780   1780  225.92    2.00   2       112.33       112.30
  1781   1781  225.92    4.00   2       112.40       112.32
  1782   1782  225.92    6.00   2       112.29       112.28
  1783   1783  225.92    8.00   2       112.35       112.30
  1784   1784  225.92   10.00   2       112.27       112.24
  1785   1785  225.92   12.00   2       112.35       112.28
  1786   1786  225.92   14.00   2       113.39       112.20
  1787   1787  225.92   16.00   2       112.22       112.19
  1788   1788  225.92   18.00   2       112.26       112.21
  1789   1789  225.92   20.00   2       112.17       112.15
  1790   1790  225.92   22.00   2       112.27       112.20
  1791   1791  225.92   24.00   2       112.14       112.14
  1792   1792  225.92   26.00   2       112.22       112.16
  1793   1793  225.92   28.00   2       112.25       112.19
  1794   1794  225.92   30.00   2       112.16       112.12
  1795   1795  225.92   32.00   2       114.05       112.18
  1796   1796  225.92   34.00   2       112.16       112.11
  1797   1797  225.92   36.00   2       112.15       112.09
  1798   1798  225.92   38.00   2       112.07       112.06
  1835   1835  227.92   30.00   2       114.63       112.13
  1836   1836  227.92   28.00   2       112.08       112.05
  1837   1837  227.92   26.00   2       112.15       112.10
  1838   1838  227.92   24.00   2       112.06       112.06
  1839   1839  227.92   22.00   2       112.21       112.14
  1840   1840  227.92   20.00   2       112.18       112.14
  1841   1841  227.92   18.00   2       112.18       112.13
  1842   1842  227.92   16.00   2       112.23       112.16
  1843   1843  227.92   14.00   2       112.11       112.10
  1844   1844  227.92   12.00   2       112.24       112.17
  1845   1845  227.92   10.00   2       112.14       112.13
  1846   1846  227.92    8.00   2       112.25       112.19
  1847   1847  227.92    6.00   2       112.27       112.21
  1848   1848  227.92    4.00   2       112.26       112.19
  1849   1849  227.92    2.00   2       114.12       112.18
  1850   1850  227.92    0.00   2       112.17       112.15
  1851   1851  229.92    0.00   2       112.02       112.04
  1852   1852  229.92    2.00   2       112.22       112.16
  1853   1853  229.92    4.00   2       112.82       112.57
  1854   1854  229.92    6.00   2       112.21       112.15
  1855   1855  229.92    8.00   2       114.81       112.14
  1856   1856  229.92   10.00   2       112.10       112.08
  1857   1857  229.92   12.00   2       112.19       112.12
  1858   1858  229.92   14.00   2       112.07       112.08
# END: scan time was  11518.8874631  seconds
