# Sensor scan measurement of Sensor IR775
# Iin=    34.81 mA ,  Vin= 12138.30 mV, T=    18.80 C 
# scanRangeX 151.50 mm; scanRangeY  70.00 mm; stepSize   2.00 mm; initialOffset   4.00 mm; sensorX 236.50 mm; start position at (x|y)=(119.92|  0.00) mm
# iStep, iStep, Pos x, Pos y, nMeas, Meas1 ... MeasN
  1259   1259  201.92    0.00   2       115.37       115.30
  1260   1260  201.92    2.00   2       115.28       115.21
  1261   1261  201.92    4.00   2       115.06       115.10
  1262   1262  201.92    6.00   2       115.17       115.14
  1263   1263  201.92    8.00   2       115.10       115.12
  1264   1264  201.92   10.00   2       115.15       115.14
  1294   1294  203.92    0.00   2       115.25       115.22
  1295   1295  203.92    2.00   2       115.10       115.13
  1296   1296  203.92    4.00   2       115.14       115.15
  1297   1297  203.92    6.00   2       115.13       115.15
  1298   1298  203.92    8.00   2       115.08       115.12
  1299   1299  203.92   10.00   2       115.15       115.16
  1300   1300  203.92   12.00   2       115.07       115.11
  1301   1301  203.92   14.00   2       115.19       115.16
  1302   1302  203.92   16.00   2       115.09       115.11
  1303   1303  203.92   18.00   2       115.12       115.13
  1304   1304  203.92   20.00   2       115.11       115.12
  1305   1305  203.92   22.00   2       115.08       115.09
  1306   1306  203.92   24.00   2       115.10       115.11
  1328   1328  205.92    0.00   2       115.25       115.28
  1329   1329  205.92    2.00   2       115.28       115.29
  1330   1330  205.92    4.00   2       115.17       115.21
  1331   1331  205.92    6.00   2       115.40       115.34
  1332   1332  205.92    8.00   2       115.18       115.21
  1333   1333  205.92   10.00   2       115.30       115.27
  1334   1334  205.92   12.00   2       115.12       115.16
  1335   1335  205.92   14.00   2       115.22       115.21
  1336   1336  205.92   16.00   2       115.10       115.13
  1337   1337  205.92   18.00   2       115.15       115.17
  1338   1338  205.92   20.00   2       115.14       115.16
  1339   1339  205.92   22.00   2       115.08       115.11
  1340   1340  205.92   24.00   2       115.13       115.14
  1341   1341  205.92   26.00   2       115.07       115.09
  1342   1342  205.92   28.00   2       115.22       115.17
  1343   1343  205.92   30.00   2       115.05       115.08
  1344   1344  205.92   32.00   2       115.16       115.14
  1345   1345  205.92   34.00   2       115.03       115.06
  1362   1362  207.92    0.00   2       865.67       870.59
  1363   1363  207.92    2.00   2       750.48       750.56
  1364   1364  207.92    4.00   2       592.25       590.83
  1365   1365  207.92    6.00   2       435.11       432.72
  1366   1366  207.92    8.00   2       297.87       296.63
  1367   1367  207.92   10.00   2       197.62       196.33
  1368   1368  207.92   12.00   2       139.86       139.65
  1369   1369  207.92   14.00   2       118.38       118.36
  1370   1370  207.92   16.00   2       115.44       115.45
  1371   1371  207.92   18.00   2       115.33       115.34
  1372   1372  207.92   20.00   2       115.21       115.24
  1373   1373  207.92   22.00   2       115.31       115.27
  1374   1374  207.92   24.00   2       115.17       115.20
  1375   1375  207.92   26.00   2       115.26       115.23
  1376   1376  207.92   28.00   2       115.15       115.18
  1377   1377  207.92   30.00   2       115.14       115.16
  1378   1378  207.92   32.00   2       115.14       115.14
  1379   1379  207.92   34.00   2       115.09       115.11
  1380   1380  207.92   36.00   2       115.11       115.13
  1381   1381  207.92   38.00   2       115.03       115.07
  1382   1382  207.92   40.00   2       115.20       115.17
  1395   1395  209.92    0.00   2      1428.75      1430.13
  1396   1396  209.92    2.00   2      1358.19      1358.28
  1397   1397  209.92    4.00   2      1283.29      1283.29
  1398   1398  209.92    6.00   2      1205.99      1205.91
  1399   1399  209.92    8.00   2      1124.80      1124.72
  1400   1400  209.92   10.00   2      1038.52      1038.36
  1401   1401  209.92   12.00   2       937.48       937.19
  1402   1402  209.92   14.00   2       795.37       792.82
  1403   1403  209.92   16.00   2       602.55       599.53
  1404   1404  209.92   18.00   2       424.10       421.75
  1405   1405  209.92   20.00   2       281.11       279.91
  1406   1406  209.92   22.00   2       179.97       179.61
  1407   1407  209.92   24.00   2       130.55       130.36
  1408   1408  209.92   26.00   2       115.75       115.79
  1409   1409  209.92   28.00   2       115.56       115.51
  1410   1410  209.92   30.00   2       115.32       115.35
  1411   1411  209.92   32.00   2       115.37       115.34
  1412   1412  209.92   34.00   2       115.23       115.25
  1413   1413  209.92   36.00   2       115.24       115.25
  1414   1414  209.92   38.00   2       115.20       115.22
  1415   1415  209.92   40.00   2       115.19       115.20
  1416   1416  209.92   42.00   2       115.22       115.22
  1417   1417  209.92   44.00   2       115.13       115.15
  1427   1427  211.92    0.00   2      1804.70      1806.01
  1428   1428  211.92    2.00   2      1715.93      1715.98
  1429   1429  211.92    4.00   2      1625.54      1625.45
  1430   1430  211.92    6.00   2      1537.20      1537.13
  1431   1431  211.92    8.00   2      1451.84      1451.75
  1432   1432  211.92   10.00   2      1369.53      1369.47
  1433   1433  211.92   12.00   2      1288.99      1288.93
  1434   1434  211.92   14.00   2      1208.62      1208.52
  1435   1435  211.92   16.00   2      1127.65      1127.54
  1436   1436  211.92   18.00   2      1041.46      1041.13
  1437   1437  211.92   20.00   2       942.02       940.85
  1438   1438  211.92   22.00   2       806.34       804.86
  1439   1439  211.92   24.00   2       617.26       615.32
  1440   1440  211.92   26.00   2       442.76       441.04
  1441   1441  211.92   28.00   2       299.16       297.81
  1442   1442  211.92   30.00   2       195.00       193.69
  1443   1443  211.92   32.00   2       137.74       137.57
  1444   1444  211.92   34.00   2       117.83       117.85
  1445   1445  211.92   36.00   2       115.63       115.60
  1446   1446  211.92   38.00   2       115.36       115.39
  1447   1447  211.92   40.00   2       115.35       115.35
  1448   1448  211.92   42.00   2       115.27       115.29
  1449   1449  211.92   44.00   2       115.22       115.24
  1450   1450  211.92   46.00   2       115.24       115.26
  1451   1451  211.92   48.00   2       115.19       115.21
  1458   1458  213.92    0.00   2      2174.49      2142.09
  1459   1459  213.92    2.00   2      2034.57      2034.62
  1460   1460  213.92    4.00   2      1925.07      1925.02
  1461   1461  213.92    6.00   2      1819.20      1819.15
  1462   1462  213.92    8.00   2      1718.37      1718.33
  1463   1463  213.92   10.00   2      1623.41      1623.30
  1464   1464  213.92   12.00   2      1533.57      1533.48
  1465   1465  213.92   14.00   2      1448.37      1448.30
  1466   1466  213.92   16.00   2      1366.90      1366.81
  1467   1467  213.92   18.00   2      1288.33      1288.26
  1468   1468  213.92   20.00   2      1210.93      1210.85
  1469   1469  213.92   22.00   2      1132.63      1132.50
  1470   1470  213.92   24.00   2      1049.83      1049.62
  1471   1471  213.92   26.00   2       957.23       956.94
  1472   1472  213.92   28.00   2       836.61       835.16
  1473   1473  213.92   30.00   2       662.32       660.95
  1474   1474  213.92   32.00   2       490.14       488.66
  1475   1475  213.92   34.00   2       343.19       340.73
  1476   1476  213.92   36.00   2       228.30       227.01
  1477   1477  213.92   38.00   2       155.98       155.77
  1478   1478  213.92   40.00   2       124.13       124.03
  1479   1479  213.92   42.00   2       115.66       115.70
  1480   1480  213.92   44.00   2       115.53       115.50
  1481   1481  213.92   46.00   2       115.33       115.36
  1482   1482  213.92   48.00   2       115.31       115.32
  1483   1483  213.92   50.00   2       115.27       115.29
  1484   1484  213.92   52.00   2       115.24       115.26
  1488   1488  215.92    0.00   2      2443.72      2445.12
  1489   1489  215.92    2.00   2      2323.95      2324.06
  1490   1490  215.92    4.00   2      2197.72      2197.66
  1491   1491  215.92    6.00   2      2074.21      2074.16
  1492   1492  215.92    8.00   2      1957.40      1957.30
  1493   1493  215.92   10.00   2      1847.78      1847.66
  1494   1494  215.92   12.00   2      1745.73      1745.66
  1495   1495  215.92   14.00   2      1650.30      1650.28
  1496   1496  215.92   16.00   2      1561.12      1561.02
  1497   1497  215.92   18.00   2      1476.89      1476.83
  1498   1498  215.92   20.00   2      1397.29      1397.19
  1499   1499  215.92   22.00   2      1320.30      1320.24
  1500   1500  215.92   24.00   2      1246.14      1246.07
  1501   1501  215.92   26.00   2      1171.94      1171.84
  1502   1502  215.92   28.00   2      1096.31      1096.17
  1503   1503  215.92   30.00   2      1004.78      1014.56
  1504   1504  215.92   32.00   2       920.10       920.10
  1505   1505  215.92   34.00   2       793.16       790.23
  1506   1506  215.92   36.00   2       618.25       615.61
  1507   1507  215.92   38.00   2       457.76       455.93
  1508   1508  215.92   40.00   2       321.29       320.07
  1509   1509  215.92   42.00   2       217.27       217.06
  1510   1510  215.92   44.00   2       152.41       152.14
  1511   1511  215.92   46.00   2       123.64       123.62
  1512   1512  215.92   48.00   2       115.71       115.72
  1513   1513  215.92   50.00   2       115.57       115.53
  1514   1514  215.92   52.00   2       115.34       115.37
  1515   1515  215.92   54.00   2       115.59       115.49
  1516   1516  215.92   56.00   2       115.25       115.26
  1517   1517  217.92    0.00   2      2680.75      2699.85
  1518   1518  217.92    2.00   2      2576.81      2576.86
  1519   1519  217.92    4.00   2      2440.70      2440.62
  1520   1520  217.92    6.00   2      2304.13      2304.05
  1521   1521  217.92    8.00   2      2173.56      2173.30
  1522   1522  217.92   10.00   2      2050.43      2050.31
  1523   1523  217.92   12.00   2      1935.95      1935.79
  1524   1524  217.92   14.00   2      1829.85      1829.76
  1525   1525  217.92   16.00   2      1731.56      1731.44
  1526   1526  217.92   18.00   2      1639.94      1639.89
  1527   1527  217.92   20.00   2      1554.55      1554.52
  1528   1528  217.92   22.00   2      1473.98      1473.92
  1529   1529  217.92   24.00   2      1397.64      1397.58
  1530   1530  217.92   26.00   2      1323.90      1323.83
  1531   1531  217.92   28.00   2      1252.48      1252.40
  1532   1532  217.92   30.00   2      1181.45      1181.30
  1533   1533  217.92   32.00   2      1109.47      1109.38
  1534   1534  217.92   34.00   2      1032.84      1032.71
  1535   1535  217.92   36.00   2       947.20       946.89
  1536   1536  217.92   38.00   2       836.12       834.80
  1537   1537  217.92   40.00   2       678.72       675.14
  1538   1538  217.92   42.00   2       519.16       516.43
  1539   1539  217.92   44.00   2       376.87       374.46
  1540   1540  217.92   46.00   2       262.72       262.44
  1541   1541  217.92   48.00   2       181.48       181.17
  1542   1542  217.92   50.00   2       136.49       136.41
  1543   1543  217.92   52.00   2       116.36       118.79
  1544   1544  217.92   54.00   2       115.05       115.27
  1545   1545  217.92   56.00   2       115.55       115.52
  1546   1546  217.92   58.00   2       115.47       115.45
  1547   1547  219.92    0.00   2      2901.83      2903.04
  1548   1548  219.92    2.00   2      2791.50      2791.60
  1549   1549  219.92    4.00   2      2653.82      2653.75
  1550   1550  219.92    6.00   2      2508.90      2508.75
  1551   1551  219.92    8.00   2      2366.92      2366.78
  1552   1552  219.92   10.00   2      2232.33      2232.23
  1553   1553  219.92   12.00   2      2107.28      2107.14
  1554   1554  219.92   14.00   2      1991.23      1991.12
  1555   1555  219.92   16.00   2      1884.61      1884.44
  1556   1556  219.92   18.00   2      1785.10      1785.03
  1557   1557  219.92   20.00   2      1693.49      1693.35
  1558   1558  219.92   22.00   2      1607.71      1607.63
  1559   1559  219.92   24.00   2      1527.12      1527.06
  1560   1560  219.92   26.00   2      1451.12      1451.07
  1561   1561  219.92   28.00   2      1378.63      1378.59
  1562   1562  219.92   30.00   2      1308.75      1308.59
  1563   1563  219.92   32.00   2      1240.20      1240.12
  1564   1564  219.92   34.00   2      1172.53      1172.33
  1565   1565  219.92   36.00   2      1102.76      1102.64
  1566   1566  219.92   38.00   2      1029.00      1028.77
  1567   1567  219.92   40.00   2       945.81       945.57
  1568   1568  219.92   42.00   2       840.44       840.11
  1569   1569  219.92   44.00   2       690.63       687.73
  1570   1570  219.92   46.00   2       535.00       533.75
  1571   1571  219.92   48.00   2       397.57       395.21
  1572   1572  219.92   50.00   2       282.72       281.37
  1573   1573  219.92   52.00   2       197.63       196.34
  1574   1574  219.92   54.00   2       146.48       146.27
  1575   1575  219.92   56.00   2       123.68       123.31
  1576   1576  219.92   58.00   2       115.94       115.91
  1577   1577  219.92   60.00   2       115.70       115.65
  1578   1578  221.92    0.00   2      3063.28      3064.81
  1579   1579  221.92    2.00   2      2974.54      2974.70
  1580   1580  221.92    4.00   2      2841.73      2841.67
  1581   1581  221.92    6.00   2      2693.20      2692.98
  1582   1582  221.92    8.00   2      2542.68      2542.56
  1583   1583  221.92   10.00   2      2398.17      2397.94
  1584   1584  221.92   12.00   2      2262.59      2262.47
  1585   1585  221.92   14.00   2      2137.26      2137.17
  1586   1586  221.92   16.00   2      2021.74      2021.54
  1587   1587  221.92   18.00   2      1914.88      1914.81
  1588   1588  221.92   20.00   2      1816.94      1816.78
  1589   1589  221.92   22.00   2      1725.51      1725.45
  1590   1590  221.92   24.00   2      1640.73      1640.62
  1591   1591  221.92   26.00   2      1561.18      1561.10
  1592   1592  221.92   28.00   2      1486.03      1485.96
  1593   1593  221.92   30.00   2      1382.63      1414.81
  1594   1594  221.92   32.00   2      1346.27      1346.23
  1595   1595  221.92   34.00   2      1279.69      1279.57
  1596   1596  221.92   36.00   2      1214.09      1214.00
  1597   1597  221.92   38.00   2      1148.56      1148.36
  1598   1598  221.92   40.00   2      1080.65      1080.57
  1599   1599  221.92   42.00   2      1007.67      1007.43
  1600   1600  221.92   44.00   2       923.98       923.66
  1601   1601  221.92   46.00   2       814.11       812.67
  1602   1602  221.92   48.00   2       669.41       666.03
  1603   1603  221.92   50.00   2       525.50       520.49
  1604   1604  221.92   52.00   2       394.53       391.85
  1605   1605  221.92   54.00   2       286.16       283.59
  1606   1606  221.92   56.00   2       202.73       201.39
  1607   1607  221.92   58.00   2       149.65       149.24
  1608   1608  221.92   60.00   2       124.59       124.46
  1609   1609  221.92   62.00   2       116.02       115.98
  1610   1610  223.92    0.00   2      3183.19      3185.69
  1611   1611  223.92    2.00   2      3128.75      3128.91
  1612   1612  223.92    4.00   2      3008.05      3008.02
  1613   1613  223.92    6.00   2      2859.48      2859.23
  1614   1614  223.92    8.00   2      2676.01      2702.68
  1615   1615  223.92   10.00   2      2548.96      2548.77
  1616   1616  223.92   12.00   2      2403.97      2403.70
  1617   1617  223.92   14.00   2      2269.13      2269.00
  1618   1618  223.92   16.00   2      2145.27      2145.01
  1619   1619  223.92   18.00   2      2031.27      2031.24
  1620   1620  223.92   20.00   2      1926.86      1926.70
  1621   1621  223.92   22.00   2      1829.74      1829.72
  1622   1622  223.92   24.00   2      1740.17      1740.14
  1623   1623  223.92   26.00   2      1656.91      1656.89
  1624   1624  223.92   28.00   2      1579.26      1579.21
  1625   1625  223.92   30.00   2      1505.59      1505.47
  1626   1626  223.92   32.00   2      1435.56      1435.51
  1627   1627  223.92   34.00   2      1368.60      1368.43
  1628   1628  223.92   36.00   2      1303.67      1303.63
  1629   1629  223.92   38.00   2      1240.20      1240.03
  1630   1630  223.92   40.00   2      1176.84      1176.78
  1631   1631  223.92   42.00   2      1112.10      1112.01
  1632   1632  223.92   44.00   2      1045.43      1045.18
  1633   1633  223.92   46.00   2       972.52       971.35
  1634   1634  223.92   48.00   2       884.98       883.75
  1635   1635  223.92   50.00   2       765.91       762.83
  1636   1636  223.92   52.00   2       619.27       615.04
  1637   1637  223.92   54.00   2       482.01       477.79
  1638   1638  223.92   56.00   2       360.52       358.38
  1639   1639  223.92   58.00   2       260.59       259.14
  1640   1640  223.92   60.00   2       188.06       186.66
  1641   1641  223.92   62.00   2       143.33       142.11
  1642   1642  223.92   64.00   2       122.90       122.55
  1643   1643  225.92    0.00   2      3267.21      3269.81
  1644   1644  225.92    2.00   2      3258.75      3258.98
  1645   1645  225.92    4.00   2      3154.77      3154.64
  1646   1646  225.92    6.00   2      3008.41      3008.26
  1647   1647  225.92    8.00   2      2846.90      2846.60
  1648   1648  225.92   10.00   2      2685.19      2685.04
  1649   1649  225.92   12.00   2      2531.22      2530.93
  1650   1650  225.92   14.00   2      2387.88      2387.72
  1651   1651  225.92   16.00   2      2255.67      2255.48
  1652   1652  225.92   18.00   2      2134.60      2134.48
  1653   1653  225.92   20.00   2      2023.43      2023.33
  1654   1654  225.92   22.00   2      1921.55      1921.35
  1655   1655  225.92   24.00   2      1827.19      1827.15
  1656   1656  225.92   26.00   2      1740.33      1740.17
  1657   1657  225.92   28.00   2      1658.88      1658.82
  1658   1658  225.92   30.00   2      1582.58      1582.45
  1659   1659  225.92   32.00   2      1510.76      1510.70
  1660   1660  225.92   34.00   2      1442.51      1442.39
  1661   1661  225.92   36.00   2      1377.08      1376.97
  1662   1662  225.92   38.00   2      1314.52      1314.40
  1663   1663  225.92   40.00   2      1253.63      1253.28
  1664   1664  225.92   42.00   2      1192.05      1191.88
  1665   1665  225.92   44.00   2      1130.86      1130.45
  1666   1666  225.92   46.00   2      1066.41      1066.19
  1667   1667  225.92   48.00   2       997.74       997.33
  1668   1668  225.92   50.00   2       918.77       917.27
  1669   1669  225.92   52.00   2       817.73       814.99
  1670   1670  225.92   54.00   2       679.65       676.18
  1671   1671  225.92   56.00   2       540.87       537.85
  1672   1672  225.92   58.00   2       416.51       412.41
  1673   1673  225.92   60.00   2       307.86       305.54
  1674   1674  225.92   62.00   2       222.89       221.30
  1675   1675  225.92   64.00   2       164.37       163.12
  1676   1676  225.92   66.00   2       132.35       132.13
  1677   1677  227.92    0.00   2      3320.00      3318.30
  1678   1678  227.92    2.00   2      3359.60      3359.60
  1679   1679  227.92    4.00   2      3277.28      3277.30
  1680   1680  227.92    6.00   2      3137.09      3136.90
  1681   1681  227.92    8.00   2      2972.52      2972.35
  1682   1682  227.92   10.00   2      2804.31      2804.00
  1683   1683  227.92   12.00   2      2642.09      2641.93
  1684   1684  227.92   14.00   2      2490.52      2490.27
  1685   1685  227.92   16.00   2      2351.15      2351.03
  1686   1686  227.92   18.00   2      2223.48      2223.37
  1687   1687  227.92   20.00   2      2060.35      2106.84
  1688   1688  227.92   22.00   2      1999.89      1999.80
  1689   1689  227.92   24.00   2      1901.65      1901.45
  1690   1690  227.92   26.00   2      1810.68      1810.64
  1691   1691  227.92   28.00   2      1726.58      1726.44
  1692   1692  227.92   30.00   2      1648.44      1648.34
  1693   1693  227.92   32.00   2      1574.91      1574.69
  1694   1694  227.92   34.00   2      1505.03      1504.93
  1695   1695  227.92   36.00   2      1438.95      1438.79
  1696   1696  227.92   38.00   2      1376.03      1375.75
  1697   1697  227.92   40.00   2      1314.22      1314.12
  1698   1698  227.92   42.00   2      1254.44      1254.19
  1699   1699  227.92   44.00   2      1194.84      1194.74
  1700   1700  227.92   46.00   2      1135.39      1135.13
  1701   1701  227.92   48.00   2      1073.10      1072.91
  1702   1702  227.92   50.00   2      1007.07      1006.63
  1703   1703  227.92   52.00   2       932.00       930.81
  1704   1704  227.92   54.00   2       838.32       836.54
  1705   1705  227.92   56.00   2       710.14       705.74
  1706   1706  227.92   58.00   2       571.01       567.49
  1707   1707  227.92   60.00   2       445.77       442.97
  1708   1708  227.92   62.00   2       336.27       333.92
  1709   1709  227.92   64.00   2       246.73       245.11
  1710   1710  227.92   66.00   2       181.53       180.24
  1711   1711  229.92    0.00   2      3329.70      3328.90
  1712   1712  229.92    2.00   2      3431.10      3431.30
  1713   1713  229.92    4.00   2      3372.70      3372.70
  1714   1714  229.92    6.00   2      3236.10      3239.19
  1715   1715  229.92    8.00   2      3073.07      3072.85
  1716   1716  229.92   10.00   2      2899.55      2899.36
  1717   1717  229.92   12.00   2      2731.23      2731.06
  1718   1718  229.92   14.00   2      2531.81      2573.98
  1719   1719  229.92   16.00   2      2430.08      2429.63
  1720   1720  229.92   18.00   2      2297.19      2297.00
  1721   1721  229.92   20.00   2      2176.27      2176.01
  1722   1722  229.92   22.00   2      2065.53      2065.33
  1723   1723  229.92   24.00   2      1964.02      1963.88
  1724   1724  229.92   26.00   2      1870.72      1870.40
  1725   1725  229.92   28.00   2      1783.54      1783.39
  1726   1726  229.92   30.00   2      1702.98      1702.79
  1727   1727  229.92   32.00   2      1627.18      1627.09
  1728   1728  229.92   34.00   2      1556.47      1556.28
  1729   1729  229.92   36.00   2      1489.42      1489.18
  1730   1730  229.92   38.00   2      1424.71      1424.65
  1731   1731  229.92   40.00   2      1363.39      1363.21
  1732   1732  229.92   42.00   2      1304.09      1303.80
  1733   1733  229.92   44.00   2      1245.20      1245.08
  1734   1734  229.92   46.00   2      1187.47      1187.21
  1735   1735  229.92   48.00   2      1128.55      1128.42
  1736   1736  229.92   50.00   2      1068.36      1067.99
  1737   1737  229.92   52.00   2      1002.89      1002.65
  1738   1738  229.92   54.00   2       929.64       928.36
  1739   1739  229.92   56.00   2       838.81       836.31
  1740   1740  229.92   58.00   2       712.31       710.47
  1741   1741  229.92   60.00   2       578.69       575.23
  1742   1742  229.92   62.00   2       455.18       451.52
  1743   1743  229.92   64.00   2       347.20       343.57
  1744   1744  229.92   66.00   2       256.84       255.49
  1745   1745  229.92   68.00   2       190.69       189.14
  1746   1746  231.92    0.00   2      3313.90      3313.90
  1747   1747  231.92    2.00   2      3462.40      3465.50
  1748   1748  231.92    4.00   2      3440.10      3438.00
  1749   1749  231.92    6.00   2      3315.20      3313.40
  1750   1750  231.92    8.00   2      3149.50      3148.50
  1751   1751  231.92   10.00   2      2976.80      2975.30
  1752   1752  231.92   12.00   2      2810.40      2806.70
  1753   1753  231.92   14.00   2      2641.06      2640.87
  1754   1754  231.92   16.00   2      2492.57      2492.21
  1755   1755  231.92   18.00   2      2355.83      2355.60
  1756   1756  231.92   20.00   2      2231.17      2230.93
  1757   1757  231.92   22.00   2      2117.62      2117.20
  1758   1758  231.92   24.00   2      2012.77      2012.64
  1759   1759  231.92   26.00   2      1917.12      1916.80
  1760   1760  231.92   28.00   2      1828.35      1828.24
  1761   1761  231.92   30.00   2      1746.19      1745.95
  1762   1762  231.92   32.00   2      1669.92      1669.50
  1763   1763  231.92   34.00   2      1596.92      1596.82
  1764   1764  231.92   36.00   2      1529.08      1528.77
  1765   1765  231.92   38.00   2      1464.06      1463.98
  1766   1766  231.92   40.00   2      1402.17      1401.93
  1767   1767  231.92   42.00   2      1343.04      1342.72
  1768   1768  231.92   44.00   2      1284.05      1283.91
  1769   1769  231.92   46.00   2      1227.44      1227.12
  1770   1770  231.92   48.00   2      1170.05      1169.86
  1771   1771  231.92   50.00   2      1112.19      1111.88
  1772   1772  231.92   52.00   2      1051.44      1051.26
  1773   1773  231.92   54.00   2       986.17       985.73
  1774   1774  231.92   56.00   2       910.23       909.03
  1775   1775  231.92   58.00   2       814.11       811.40
  1776   1776  231.92   60.00   2       684.26       682.52
  1777   1777  231.92   62.00   2       555.72       552.51
  1778   1778  231.92   64.00   2       437.70       433.15
  1779   1779  231.92   66.00   2       333.31       331.72
  1780   1780  231.92   68.00   2       248.46       247.15
  1781   1781  233.92    0.00   2      3291.80      3291.10
  1782   1782  233.92    2.00   2      3486.80      3488.50
  1783   1783  233.92    4.00   2      3483.30      3481.20
  1784   1784  233.92    6.00   2      3368.30      3365.60
  1785   1785  233.92    8.00   2      3203.40      3202.50
  1786   1786  233.92   10.00   2      3031.80      3029.00
  1787   1787  233.92   12.00   2      2853.60      2852.70
  1788   1788  233.92   14.00   2      2688.43      2688.03
  1789   1789  233.92   16.00   2      2536.61      2536.38
  1790   1790  233.92   18.00   2      2397.94      2397.53
  1791   1791  233.92   20.00   2      2270.70      2270.51
  1792   1792  233.92   22.00   2      2154.86      2154.55
  1793   1793  233.92   24.00   2      2048.45      2048.32
  1794   1794  233.92   26.00   2      1951.12      1950.91
  1795   1795  233.92   28.00   2      1861.61      1861.24
  1796   1796  233.92   30.00   2      1777.71      1777.58
  1797   1797  233.92   32.00   2      1700.13      1699.86
  1798   1798  233.92   34.00   2      1626.60      1626.55
  1799   1799  233.92   36.00   2      1558.22      1558.03
  1800   1800  233.92   38.00   2      1493.66      1493.34
  1801   1801  233.92   40.00   2      1430.89      1430.71
  1802   1802  233.92   42.00   2      1371.51      1371.29
  1803   1803  233.92   44.00   2      1313.11      1313.04
  1804   1804  233.92   46.00   2      1256.39      1256.21
  1805   1805  233.92   48.00   2      1200.25      1200.05
  1806   1806  233.92   50.00   2      1143.65      1143.44
  1807   1807  233.92   52.00   2      1085.97      1085.59
  1808   1808  233.92   54.00   2      1024.21      1023.93
  1809   1809  233.92   56.00   2       956.61       955.22
  1810   1810  233.92   58.00   2       875.73       874.36
  1811   1811  233.92   60.00   2       768.30       764.37
  1812   1812  233.92   62.00   2       637.63       634.39
  1813   1813  233.92   64.00   2       513.50       510.41
  1814   1814  233.92   66.00   2       401.17       398.55
  1815   1815  233.92   68.00   2       305.67       303.19
  1816   1816  235.92    0.00   2      3280.80      3280.50
  1817   1817  235.92    2.00   2      3502.10      3504.10
  1818   1818  235.92    4.00   2      3506.20      3504.70
  1819   1819  235.92    6.00   2      3393.50      3391.90
  1820   1820  235.92    8.00   2      3230.10      3229.30
  1821   1821  235.92   10.00   2      3056.60      3054.90
  1822   1822  235.92   12.00   2      2878.90      2878.20
  1823   1823  235.92   14.00   2      2715.20      2714.10
  1824   1824  235.92   16.00   2      2560.48      2560.04
  1825   1825  235.92   18.00   2      2419.83      2419.65
  1826   1826  235.92   20.00   2      2292.15      2291.90
  1827   1827  235.92   22.00   2      2175.18      2175.04
  1828   1828  235.92   24.00   2      2068.53      2068.41
  1829   1829  235.92   26.00   2      1971.05      1970.69
  1830   1830  235.92   28.00   2      1880.11      1879.98
  1831   1831  235.92   30.00   2      1796.48      1796.27
  1832   1832  235.92   32.00   2      1718.13      1718.01
  1833   1833  235.92   34.00   2      1645.14      1644.99
  1834   1834  235.92   36.00   2      1576.81      1576.42
  1835   1835  235.92   38.00   2      1510.76      1510.65
  1836   1836  235.92   40.00   2      1448.98      1448.71
  1837   1837  235.92   42.00   2      1388.98      1388.91
  1838   1838  235.92   44.00   2      1331.42      1331.23
  1839   1839  235.92   46.00   2      1275.94      1275.60
  1840   1840  235.92   48.00   2      1219.84      1219.64
  1841   1841  235.92   50.00   2      1164.68      1164.31
  1842   1842  235.92   52.00   2      1107.45      1107.34
  1843   1843  235.92   54.00   2      1048.76      1048.36
  1844   1844  235.92   56.00   2       984.66       984.35
  1845   1845  235.92   58.00   2       911.57       910.33
  1846   1846  235.92   60.00   2       818.59       817.41
  1847   1847  235.92   62.00   2       695.65       692.28
  1848   1848  235.92   64.00   2       568.94       565.78
  1849   1849  235.92   66.00   2       453.55       450.48
  1850   1850  235.92   68.00   2       352.14       348.57
  1851   1851  237.92    0.00   2      3270.10      3268.60
  1852   1852  237.92    2.00   2      3490.40      3493.10
  1853   1853  237.92    4.00   2      3496.80      3496.20
  1854   1854  237.92    6.00   2      3392.40      3389.20
  1855   1855  237.92    8.00   2      3229.00      3227.80
  1856   1856  237.92   10.00   2      3058.50      3055.00
  1857   1857  237.92   12.00   2      2879.90      2878.90
  1858   1858  237.92   14.00   2      2718.60      2716.20
  1859   1859  237.92   16.00   2      2561.97      2561.69
  1860   1860  237.92   18.00   2      2422.79      2422.58
  1861   1861  237.92   20.00   2      2296.04      2295.65
  1862   1862  237.92   22.00   2      2179.50      2179.34
  1863   1863  237.92   24.00   2      2073.49      2073.23
  1864   1864  237.92   26.00   2      1975.81      1975.66
  1865   1865  237.92   28.00   2      1885.98      1885.80
  1866   1866  237.92   30.00   2      1802.85      1802.53
  1867   1867  237.92   32.00   2      1724.70      1724.59
  1868   1868  237.92   34.00   2      1652.05      1651.88
  1869   1869  237.92   36.00   2      1583.29      1583.24
  1870   1870  237.92   38.00   2      1518.50      1518.36
  1871   1871  237.92   40.00   2      1457.38      1457.15
  1872   1872  237.92   42.00   2      1397.71      1397.57
  1873   1873  237.92   44.00   2      1340.69      1340.45
  1874   1874  237.92   46.00   2      1284.66      1284.57
  1875   1875  237.92   48.00   2      1229.86      1229.67
  1876   1876  237.92   50.00   2      1174.96      1174.81
  1877   1877  237.92   52.00   2      1119.48      1119.26
  1878   1878  237.92   54.00   2      1062.21      1061.83
  1879   1879  237.92   56.00   2      1000.05       999.68
  1880   1880  237.92   58.00   2       930.19       928.90
  1881   1881  237.92   60.00   2       846.08       843.68
  1882   1882  237.92   62.00   2       730.88       727.69
  1883   1883  237.92   64.00   2       604.13       601.53
  1884   1884  237.92   66.00   2       486.86       483.46
  1885   1885  237.92   68.00   2       381.00       378.34
  1886   1886  239.92    0.00   2      3278.90      3275.80
  1887   1887  239.92    2.00   2      3479.30      3481.90
  1888   1888  239.92    4.00   2      3480.90      3480.00
  1889   1889  239.92    6.00   2      3367.10      3366.50
  1890   1890  239.92    8.00   2      3210.30      3208.70
  1891   1891  239.92   10.00   2      3033.10      3032.30
  1892   1892  239.92   12.00   2      2862.60      2861.40
  1893   1893  239.92   14.00   2      2696.96      2696.74
  1894   1894  239.92   16.00   2      2547.13      2546.77
  1895   1895  239.92   18.00   2      2409.53      2409.36
  1896   1896  239.92   20.00   2      2284.40      2284.19
  1897   1897  239.92   22.00   2      2170.46      2170.00
  1898   1898  239.92   24.00   2      2065.05      2064.96
  1899   1899  239.92   26.00   2      1969.08      1968.83
  1900   1900  239.92   28.00   2      1880.04      1879.91
  1901   1901  239.92   30.00   2      1797.62      1797.47
  1902   1902  239.92   32.00   2      1721.43      1721.00
  1903   1903  239.92   34.00   2      1648.68      1648.57
  1904   1904  239.92   36.00   2      1581.27      1581.01
  1905   1905  239.92   38.00   2      1516.76      1516.71
  1906   1906  239.92   40.00   2      1456.01      1455.83
  1907   1907  239.92   42.00   2      1397.26      1397.18
  1908   1908  239.92   44.00   2      1340.75      1340.58
  1909   1909  239.92   46.00   2      1285.95      1285.66
  1910   1910  239.92   48.00   2      1230.92      1230.80
  1911   1911  239.92   50.00   2      1177.13      1176.85
  1912   1912  239.92   52.00   2      1121.65      1121.58
  1913   1913  239.92   54.00   2      1065.26      1064.92
  1914   1914  239.92   56.00   2      1003.93      1003.67
  1915   1915  239.92   58.00   2       936.12       935.68
  1916   1916  239.92   60.00   2       854.12       852.81
  1917   1917  239.92   62.00   2       743.64       740.10
  1918   1918  239.92   64.00   2       618.71       614.67
  1919   1919  239.92   66.00   2       499.71       497.03
  1920   1920  239.92   68.00   2       394.95       392.03
  1921   1921  241.92    0.00   2      3292.40      3291.60
  1922   1922  241.92    2.00   2      3465.10      3466.90
  1923   1923  241.92    4.00   2      3452.70      3450.40
  1924   1924  241.92    6.00   2      3333.10      3330.30
  1925   1925  241.92    8.00   2      3167.90      3166.90
  1926   1926  241.92   10.00   2      2999.00      2996.30
  1927   1927  241.92   12.00   2      2825.30      2824.30
  1928   1928  241.92   14.00   2      2664.34      2664.19
  1929   1929  241.92   16.00   2      2518.06      2516.80
  1930   1930  241.92   18.00   2      2382.91      2382.69
  1931   1931  241.92   20.00   2      2260.31      2259.95
  1932   1932  241.92   22.00   2      2147.87      2147.71
  1933   1933  241.92   24.00   2      2045.28      2045.01
  1934   1934  241.92   26.00   2      1951.29      1950.88
  1935   1935  241.92   28.00   2      1863.54      1863.42
  1936   1936  241.92   30.00   2      1782.98      1782.68
  1937   1937  241.92   32.00   2      1707.22      1707.15
  1938   1938  241.92   34.00   2      1636.41      1636.25
  1939   1939  241.92   36.00   2      1569.56      1569.50
  1940   1940  241.92   38.00   2      1506.58      1506.45
  1941   1941  241.92   40.00   2      1446.73      1446.36
  1942   1942  241.92   42.00   2      1388.23      1388.18
  1943   1943  241.92   44.00   2      1332.30      1332.11
  1944   1944  241.92   46.00   2      1277.34      1277.19
  1945   1945  241.92   48.00   2      1223.46      1223.30
  1946   1946  241.92   50.00   2      1169.99      1169.65
  1947   1947  241.92   52.00   2      1114.58      1114.37
  1948   1948  241.92   54.00   2      1058.16      1057.74
  1949   1949  241.92   56.00   2       996.87       996.57
  1950   1950  241.92   58.00   2       928.32       926.94
  1951   1951  241.92   60.00   2       844.50       843.14
  1952   1952  241.92   62.00   2       731.56       728.85
  1953   1953  241.92   64.00   2       607.47       604.95
  1954   1954  241.92   66.00   2       491.97       488.76
  1955   1955  241.92   68.00   2       387.43       384.82
  1956   1956  243.92    0.00   2      3314.20      3312.90
  1957   1957  243.92    2.00   2      3432.90      3435.70
  1958   1958  243.92    4.00   2      3395.40      3394.70
  1959   1959  243.92    6.00   2      3265.60      3265.00
  1960   1960  243.92    8.00   2      3105.50      3104.30
  1961   1961  243.92   10.00   2      2939.80      2936.60
  1962   1962  243.92   12.00   2      2769.90      2769.10
  1963   1963  243.92   14.00   2      2614.20      2613.82
  1964   1964  243.92   16.00   2      2471.67      2471.45
  1965   1965  243.92   18.00   2      2341.77      2341.53
  1966   1966  243.92   20.00   2      2223.03      2222.63
  1967   1967  243.92   22.00   2      2113.90      2113.74
  1968   1968  243.92   24.00   2      2014.35      2014.10
  1969   1969  243.92   26.00   2      1922.39      1922.26
  1970   1970  243.92   28.00   2      1837.35      1837.16
  1971   1971  243.92   30.00   2      1758.76      1758.36
  1972   1972  243.92   32.00   2      1684.18      1684.04
  1973   1973  243.92   34.00   2      1615.23      1614.97
  1974   1974  243.92   36.00   2      1549.58      1549.47
  1975   1975  243.92   38.00   2      1487.55      1487.36
  1976   1976  243.92   40.00   2      1428.73      1428.40
  1977   1977  243.92   42.00   2      1370.81      1370.70
  1978   1978  243.92   44.00   2      1315.64      1315.38
  1979   1979  243.92   46.00   2      1261.13      1261.04
  1980   1980  243.92   48.00   2      1207.86      1207.65
  1981   1981  243.92   50.00   2      1154.04      1153.89
  1982   1982  243.92   52.00   2      1099.22      1098.97
  1983   1983  243.92   54.00   2      1041.57      1041.40
  1984   1984  243.92   56.00   2       979.56       979.16
  1985   1985  243.92   58.00   2       908.10       906.76
  1986   1986  243.92   60.00   2       818.73       817.34
  1987   1987  243.92   62.00   2       701.03       697.98
  1988   1988  243.92   64.00   2       578.81       577.07
  1989   1989  243.92   66.00   2       466.28       463.65
  1990   1990  243.92   68.00   2       365.25       363.57
  1991   1991  245.92    0.00   2      3322.90      3321.80
  1992   1992  245.92    2.00   2      3387.80      3389.00
  1993   1993  245.92    4.00   2      3324.20      3322.20
  1994   1994  245.92    6.00   2      3183.60      3182.80
  1995   1995  245.92    8.00   2      3024.40      3022.00
  1996   1996  245.92   10.00   2      2854.40      2853.60
  1997   1997  245.92   12.00   2      2694.22      2693.85
  1998   1998  245.92   14.00   2      2546.19      2545.97
  1999   1999  245.92   16.00   2      2410.46      2410.10
  2000   2000  245.92   18.00   2      2285.71      2285.54
  2001   2001  245.92   20.00   2      2171.85      2171.62
  2002   2002  245.92   22.00   2      2067.25      2067.05
  2003   2003  245.92   24.00   2      1971.25      1971.11
  2004   2004  245.92   26.00   2      1883.08      1882.71
  2005   2005  245.92   28.00   2      1800.43      1800.31
  2006   2006  245.92   30.00   2      1724.22      1724.03
  2007   2007  245.92   32.00   2      1652.11      1652.02
  2008   2008  245.92   34.00   2      1584.66      1584.50
  2009   2009  245.92   36.00   2      1521.23      1520.93
  2010   2010  245.92   38.00   2      1459.95      1459.87
  2011   2011  245.92   40.00   2      1401.85      1401.67
  2012   2012  245.92   42.00   2      1345.20      1345.07
  2013   2013  245.92   44.00   2      1290.46      1290.23
  2014   2014  245.92   46.00   2      1236.44      1236.33
  2015   2015  245.92   48.00   2      1183.40      1183.21
  2016   2016  245.92   50.00   2      1129.37      1129.06
  2017   2017  245.92   52.00   2      1072.84      1072.64
  2018   2018  245.92   54.00   2      1013.69      1013.52
  2019   2019  245.92   56.00   2       948.76       947.49
  2020   2020  245.92   58.00   2       870.46       869.04
  2021   2021  245.92   60.00   2       767.43       765.71
  2022   2022  245.92   62.00   2       644.99       640.49
  2023   2023  245.92   64.00   2       525.65       522.86
  2024   2024  245.92   66.00   2       418.63       415.08
  2025   2025  247.92    0.00   2      3309.00      3308.10
  2026   2026  247.92    2.00   2      3324.10      3322.10
  2027   2027  247.92    4.00   2      3226.90      3224.10
  2028   2028  247.92    6.00   2      3076.90      3075.90
  2029   2029  247.92    8.00   2      2920.40      2917.60
  2030   2030  247.92   10.00   2      2756.20      2755.30
  2031   2031  247.92   12.00   2      2603.31      2603.03
  2032   2032  247.92   14.00   2      2462.70      2462.44
  2033   2033  247.92   16.00   2      2333.76      2333.57
  2034   2034  247.92   18.00   2      2216.28      2215.88
  2035   2035  247.92   20.00   2      2107.53      2107.39
  2036   2036  247.92   22.00   2      2008.04      2007.82
  2037   2037  247.92   24.00   2      1916.40      1916.27
  2038   2038  247.92   26.00   2      1831.85      1831.69
  2039   2039  247.92   28.00   2      1753.27      1752.95
  2040   2040  247.92   30.00   2      1679.07      1678.97
  2041   2041  247.92   32.00   2      1610.21      1609.96
  2042   2042  247.92   34.00   2      1544.28      1544.16
  2043   2043  247.92   36.00   2      1482.31      1482.13
  2044   2044  247.92   38.00   2      1423.37      1423.02
  2045   2045  247.92   40.00   2      1365.70      1365.60
  2046   2046  247.92   42.00   2      1310.65      1310.41
  2047   2047  247.92   44.00   2      1255.99      1255.88
  2048   2048  247.92   46.00   2      1202.44      1202.21
  2049   2049  247.92   48.00   2      1149.08      1148.70
  2050   2050  247.92   50.00   2      1093.09      1092.86
  2051   2051  247.92   52.00   2      1035.86      1035.52
  2052   2052  247.92   54.00   2       972.02       971.69
  2053   2053  247.92   56.00   2       899.99       898.68
  2054   2054  247.92   58.00   2       806.04       804.60
  2055   2055  247.92   60.00   2       686.46       682.72
  2056   2056  247.92   62.00   2       563.18       560.22
  2057   2057  247.92   64.00   2       452.03       448.03
  2058   2058  247.92   66.00   2       351.71       350.32
  2059   2059  249.92    0.00   2      3256.04      3257.35
  2060   2060  249.92    2.00   2      3215.53      3215.66
  2061   2061  249.92    4.00   2      3095.70      3095.60
  2062   2062  249.92    6.00   2      2945.99      2945.70
  2063   2063  249.92    8.00   2      2789.15      2788.91
  2064   2064  249.92   10.00   2      2637.86      2637.61
  2065   2065  249.92   12.00   2      2495.79      2494.38
  2066   2066  249.92   14.00   2      2363.56      2363.38
  2067   2067  249.92   16.00   2      2242.99      2242.59
  2068   2068  249.92   18.00   2      2131.94      2131.78
  2069   2069  249.92   20.00   2      2030.36      2030.10
  2070   2070  249.92   22.00   2      1937.55      1936.38
  2071   2071  249.92   24.00   2      1850.43      1850.25
  2072   2072  249.92   26.00   2      1770.26      1770.02
  2073   2073  249.92   28.00   2      1694.79      1694.70
  2074   2074  249.92   30.00   2      1624.14      1623.96
  2075   2075  249.92   32.00   2      1557.68      1557.56
  2076   2076  249.92   34.00   2      1494.68      1494.53
  2077   2077  249.92   36.00   2      1434.59      1434.33
  2078   2078  249.92   38.00   2      1376.25      1376.16
  2079   2079  249.92   40.00   2      1320.14      1319.86
  2080   2080  249.92   42.00   2      1264.99      1264.95
  2081   2081  249.92   44.00   2      1211.02      1210.80
  2082   2082  249.92   46.00   2      1157.36      1157.03
  2083   2083  249.92   48.00   2      1101.54      1101.26
  2084   2084  249.92   50.00   2      1043.98      1043.60
  2085   2085  249.92   52.00   2       981.16       980.85
  2086   2086  249.92   54.00   2       909.91       908.54
  2087   2087  249.92   56.00   2       820.24       818.52
  2088   2088  249.92   58.00   2       699.60       696.74
  2089   2089  249.92   60.00   2       575.95       573.24
  2090   2090  249.92   62.00   2       462.89       459.07
  2091   2091  249.92   64.00   2       360.31       357.86
  2092   2092  251.92    0.00   2      3163.73      3165.02
  2093   2093  251.92    2.00   2      3078.97      3079.06
  2094   2094  251.92    4.00   2      2944.54      2944.43
  2095   2095  251.92    6.00   2      2795.05      2794.85
  2096   2096  251.92    8.00   2      2646.27      2645.80
  2097   2097  251.92   10.00   2      2503.84      2503.66
  2098   2098  251.92   12.00   2      2372.00      2371.69
  2099   2099  251.92   14.00   2      2250.35      2250.16
  2100   2100  251.92   16.00   2      2138.29      2138.10
  2101   2101  251.92   18.00   2      2036.18      2035.84
  2102   2102  251.92   20.00   2      1940.86      1940.69
  2103   2103  251.92   22.00   2      1853.68      1853.41
  2104   2104  251.92   24.00   2      1772.25      1772.11
  2105   2105  251.92   26.00   2      1696.50      1696.32
  2106   2106  251.92   28.00   2      1625.92      1625.59
  2107   2107  251.92   30.00   2      1558.11      1557.92
  2108   2108  251.92   32.00   2      1495.07      1494.78
  2109   2109  251.92   34.00   2      1433.89      1433.79
  2110   2110  251.92   36.00   2      1375.67      1375.42
  2111   2111  251.92   38.00   2      1318.73      1318.65
  2112   2112  251.92   40.00   2      1263.64      1263.45
  2113   2113  251.92   42.00   2      1209.60      1209.30
  2114   2114  251.92   44.00   2      1154.42      1154.23
  2115   2115  251.92   46.00   2      1098.94      1098.56
  2116   2116  251.92   48.00   2      1040.05      1039.85
  2117   2117  251.92   50.00   2       976.30       975.01
  2118   2118  251.92   52.00   2       902.58       901.40
  2119   2119  251.92   54.00   2       809.88       806.65
  2120   2120  251.92   56.00   2       685.44       682.08
  2121   2121  251.92   58.00   2       562.21       557.97
  2122   2122  251.92   60.00   2       449.37       445.08
  2123   2123  251.92   62.00   2       347.63       345.12
  2124   2124  253.92    0.00   2      3017.83      3020.26
  2125   2125  253.92    2.00   2      2906.86      2906.67
  2126   2126  253.92    4.00   2      2767.44      2767.39
  2127   2127  253.92    6.00   2      2624.23      2623.91
  2128   2128  253.92    8.00   2      2485.13      2484.95
  2129   2129  253.92   10.00   2      2354.81      2354.49
  2130   2130  253.92   12.00   2      2233.96      2233.74
  2131   2131  253.92   14.00   2      2122.70      2122.53
  2132   2132  253.92   16.00   2      2021.09      2020.68
  2133   2133  253.92   18.00   2      1926.02      1925.90
  2134   2134  253.92   20.00   2      1838.89      1838.67
  2135   2135  253.92   22.00   2      1757.89      1757.78
  2136   2136  253.92   24.00   2      1682.15      1681.95
  2137   2137  253.92   26.00   2      1611.34      1611.01
  2138   2138  253.92   28.00   2      1543.79      1543.71
  2139   2139  253.92   30.00   2      1480.54      1480.26
  2140   2140  253.92   32.00   2      1419.50      1419.38
  2141   2141  253.92   34.00   2      1361.24      1361.04
  2142   2142  253.92   36.00   2      1304.88      1304.57
  2143   2143  253.92   38.00   2      1248.63      1248.43
  2144   2144  253.92   40.00   2      1193.84      1193.50
  2145   2145  253.92   42.00   2      1137.47      1137.32
  2146   2146  253.92   44.00   2      1080.53      1080.27
  2147   2147  253.92   46.00   2      1019.82      1019.53
  2148   2148  253.92   48.00   2       952.49       951.09
  2149   2149  253.92   50.00   2       872.81       871.45
  2150   2150  253.92   52.00   2       764.82       762.34
  2151   2151  253.92   54.00   2       636.59       633.71
  2152   2152  253.92   56.00   2       514.58       512.72
  2153   2153  253.92   58.00   2       405.67       402.39
  2154   2154  253.92   60.00   2       309.31       308.03
  2155   2155  255.92    0.00   2      2817.76      2819.20
  2156   2156  255.92    2.00   2      2696.62      2696.61
  2157   2157  255.92    4.00   2      2563.28      2563.19
  2158   2158  255.92    6.00   2      2431.19      2431.09
  2159   2159  255.92    8.00   2      2306.15      2305.79
  2160   2160  255.92   10.00   2      2188.82      2188.69
  2161   2161  255.92   12.00   2      2080.88      2080.59
  2162   2162  255.92   14.00   2      1980.55      1980.42
  2163   2163  255.92   16.00   2      1888.27      1888.12
  2164   2164  255.92   18.00   2      1802.98      1802.66
  2165   2165  255.92   20.00   2      1722.74      1722.63
  2166   2166  255.92   22.00   2      1648.56      1648.33
  2167   2167  255.92   24.00   2      1578.25      1578.18
  2168   2168  255.92   26.00   2      1512.23      1512.13
  2169   2169  255.92   28.00   2      1449.87      1449.54
  2170   2170  255.92   30.00   2      1388.92      1388.72
  2171   2171  255.92   32.00   2      1330.80      1330.45
  2172   2172  255.92   34.00   2      1273.56      1273.45
  2173   2173  255.92   36.00   2      1217.85      1217.59
  2174   2174  255.92   38.00   2      1161.35      1161.25
  2175   2175  255.92   40.00   2      1104.56      1104.32
  2176   2176  255.92   42.00   2      1044.82      1044.60
  2177   2177  255.92   44.00   2       979.86       979.48
  2178   2178  255.92   46.00   2       904.88       903.55
  2179   2179  255.92   48.00   2       808.66       807.04
  2180   2180  255.92   50.00   2       683.13       679.99
  2181   2181  255.92   52.00   2       555.97       552.30
  2182   2182  255.92   54.00   2       440.96       436.22
  2183   2183  255.92   56.00   2       337.97       336.05
  2184   2184  255.92   58.00   2       252.71       251.15
  2185   2185  257.92    0.00   2      2573.02      2574.49
  2186   2186  257.92    2.00   2      2456.10      2456.11
  2187   2187  257.92    4.00   2      2335.53      2335.47
  2188   2188  257.92    6.00   2      2219.34      2219.25
  2189   2189  257.92    8.00   2      2110.11      2109.78
  2190   2190  257.92   10.00   2      2007.39      2007.27
  2191   2191  257.92   12.00   2      1912.59      1912.37
  2192   2192  257.92   14.00   2      1823.99      1823.84
  2193   2193  257.92   16.00   2      1741.85      1741.70
  2194   2194  257.92   18.00   2      1665.42      1665.07
  2195   2195  257.92   20.00   2      1592.86      1592.73
  2196   2196  257.92   22.00   2      1525.02      1524.79
  2197   2197  257.92   24.00   2      1460.00      1459.90
  2198   2198  257.92   26.00   2      1398.41      1398.21
  2199   2199  257.92   28.00   2      1338.84      1338.56
  2200   2200  257.92   30.00   2      1280.26      1280.17
  2201   2201  257.92   32.00   2      1223.94      1223.64
  2202   2202  257.92   34.00   2      1166.77      1166.65
  2203   2203  257.92   36.00   2      1109.38      1109.06
  2204   2204  257.92   38.00   2      1048.63      1048.44
  2205   2205  257.92   40.00   2       983.52       982.20
  2206   2206  257.92   42.00   2       908.12       906.95
  2207   2207  257.92   44.00   2       811.42       810.19
  2208   2208  257.92   46.00   2       684.90       681.72
  2209   2209  257.92   48.00   2       557.10       554.23
  2210   2210  257.92   50.00   2       440.18       436.83
  2211   2211  257.92   52.00   2       336.24       334.40
  2212   2212  257.92   54.00   2       251.46       249.53
  2213   2213  259.92    0.00   2      2295.95      2297.18
  2214   2214  259.92    2.00   2      2192.78      2192.82
  2215   2215  259.92    4.00   2      2090.19      2089.95
  2216   2216  259.92    6.00   2      1990.88      1990.78
  2217   2217  259.92    8.00   2      1897.78      1897.60
  2218   2218  259.92   10.00   2      1810.11      1810.00
  2219   2219  259.92   12.00   2      1728.14      1727.94
  2220   2220  259.92   14.00   2      1651.83      1651.51
  2221   2221  259.92   16.00   2      1578.96      1578.86
  2222   2222  259.92   18.00   2      1510.83      1510.57
  2223   2223  259.92   20.00   2      1445.70      1445.58
  2224   2224  259.92   22.00   2      1383.59      1383.40
  2225   2225  259.92   24.00   2      1323.86      1323.55
  2226   2226  259.92   26.00   2      1264.88      1264.75
  2227   2227  259.92   28.00   2      1207.46      1207.17
  2228   2228  259.92   30.00   2      1149.37      1149.25
  2229   2229  259.92   32.00   2      1090.21      1089.98
  2230   2230  259.92   34.00   2      1027.63      1027.46
  2231   2231  259.92   36.00   2       959.14       958.71
  2232   2232  259.92   38.00   2       876.95       875.72
  2233   2233  259.92   40.00   2       767.27       764.49
  2234   2234  259.92   42.00   2       635.39       631.87
  2235   2235  259.92   44.00   2       510.08       506.95
  2236   2236  259.92   46.00   2       397.38       393.94
  2237   2237  259.92   48.00   2       299.51       297.89
  2238   2238  259.92   50.00   2       221.76       220.42
  2239   2239  259.92   52.00   2       166.35       166.17
  2240   2240  261.92    0.00   2      1994.83      1995.11
  2241   2241  261.92    2.00   2      1909.90      1909.91
  2242   2242  261.92    4.00   2      1826.54      1826.25
  2243   2243  261.92    6.00   2      1745.33      1745.22
  2244   2244  261.92    8.00   2      1668.22      1667.93
  2245   2245  261.92   10.00   2      1594.39      1594.34
  2246   2246  261.92   12.00   2      1525.00      1524.83
  2247   2247  261.92   14.00   2      1459.04      1458.95
  2248   2248  261.92   16.00   2      1395.46      1395.32
  2249   2249  261.92   18.00   2      1334.72      1334.40
  2250   2250  261.92   20.00   2      1275.24      1275.14
  2251   2251  261.92   22.00   2      1217.28      1217.01
  2252   2252  261.92   24.00   2      1157.92      1157.84
  2253   2253  261.92   26.00   2      1098.78      1098.41
  2254   2254  261.92   28.00   2      1036.02      1035.81
  2255   2255  261.92   30.00   2       967.75       966.47
  2256   2256  261.92   32.00   2       886.79       885.57
  2257   2257  261.92   34.00   2       779.45       777.81
  2258   2258  261.92   36.00   2       648.48       644.83
  2259   2259  261.92   38.00   2       521.00       518.03
  2260   2260  261.92   40.00   2       407.29       403.43
  2261   2261  261.92   42.00   2       307.61       306.09
  2262   2262  261.92   44.00   2       228.08       226.75
  2263   2263  261.92   46.00   2       170.34       170.11
  2264   2264  261.92   48.00   2       136.51       136.40
  2265   2265  263.92    0.00   2      1669.34      1669.49
  2266   2266  263.92    2.00   2      1604.67      1604.65
  2267   2267  263.92    4.00   2      1539.74      1539.74
  2268   2268  263.92    6.00   2      1476.48      1476.32
  2269   2269  263.92    8.00   2      1415.19      1414.95
  2270   2270  263.92   10.00   2      1354.45      1354.35
  2271   2271  263.92   12.00   2      1296.02      1295.77
  2272   2272  263.92   14.00   2      1237.94      1237.82
  2273   2273  263.92   16.00   2      1180.81      1180.56
  2274   2274  263.92   18.00   2      1121.83      1121.65
  2275   2275  263.92   20.00   2      1061.23      1060.99
  2276   2276  263.92   22.00   2       995.65       995.55
  2277   2277  263.92   24.00   2       921.30       919.77
  2278   2278  263.92   26.00   2       828.39       826.82
  2279   2279  263.92   28.00   2       702.89       699.94
  2280   2280  263.92   30.00   2       573.88       570.88
  2281   2281  263.92   32.00   2       453.25       450.49
  2282   2282  263.92   34.00   2       348.65       346.37
  2283   2283  263.92   36.00   2       260.66       259.14
  2284   2284  263.92   38.00   2       194.27       192.97
  2285   2285  263.92   40.00   2       150.09       149.72
  2286   2286  263.92   42.00   2       126.91       126.73
  2287   2287  265.92    0.00   2      1313.58      1313.90
  2288   2288  265.92    2.00   2      1269.60      1269.59
  2289   2289  265.92    4.00   2      1221.98      1222.02
  2290   2290  265.92    6.00   2      1171.64      1171.51
  2291   2291  265.92    8.00   2      1119.90      1119.66
  2292   2292  265.92   10.00   2      1064.30      1064.05
  2293   2293  265.92   12.00   2      1004.66      1004.29
  2294   2294  265.92   14.00   2       936.07       935.81
  2295   2295  265.92   16.00   2       852.03       850.64
  2296   2296  265.92   18.00   2       738.34       736.59
  2297   2297  265.92   20.00   2       614.29       611.55
  2298   2298  265.92   22.00   2       496.19       493.71
  2299   2299  265.92   24.00   2       390.23       387.87
  2300   2300  265.92   26.00   2       297.45       296.04
  2301   2301  265.92   28.00   2       223.64       222.23
  2302   2302  265.92   30.00   2       169.78       168.49
  2303   2303  265.92   32.00   2       137.32       137.05
  2304   2304  265.92   34.00   2       121.84       121.57
  2305   2305  265.92   36.00   2       116.12       115.99
  2306   2306  267.92    0.00   2       765.42       770.68
  2307   2307  267.92    2.00   2       714.49       714.66
  2308   2308  267.92    4.00   2       642.56       641.38
  2309   2309  267.92    6.00   2       562.53       561.05
  2310   2310  267.92    8.00   2       478.37       477.07
  2311   2311  267.92   10.00   2       397.35       395.98
  2312   2312  267.92   12.00   2       322.22       320.88
  2313   2313  267.92   14.00   2       255.09       253.76
  2314   2314  267.92   16.00   2       199.51       199.25
  2315   2315  267.92   18.00   2       159.00       158.72
  2316   2316  267.92   20.00   2       133.92       133.73
  2317   2317  267.92   22.00   2       121.09       121.05
  2318   2318  267.92   24.00   2       115.81       115.75
  2319   2319  267.92   26.00   2       115.58       115.54
  2320   2320  267.92   28.00   2       115.41       115.36
  2321   2321  267.92   30.00   2       115.32       115.30
  2322   2322  269.92    0.00   2       115.41       115.40
  2323   2323  269.92    2.00   2       115.38       115.38
  2324   2324  269.92    4.00   2       115.37       115.36
  2325   2325  269.92    6.00   2       115.32       115.32
  2326   2326  269.92    8.00   2       115.29       115.27
  2327   2327  269.92   10.00   2       115.26       115.26
  2328   2328  269.92   12.00   2       115.23       115.21
  2329   2329  269.92   14.00   2       115.21       115.21
  2330   2330  269.92   16.00   2       115.20       115.19
  2331   2331  269.92   18.00   2       115.17       115.15
  2332   2332  269.92   20.00   2       115.16       115.16
# END: scan time was  12332.710412  seconds
