# Sensor scan measurement of Sensor IR1
# Iin=    34.81 mA ,  Vin= 12136.30 mV, T=    19.18 C 
# scanRangeX 151.50 mm; scanRangeY  70.00 mm; stepSize   2.00 mm; initialOffset   4.00 mm; sensorX 155.00 mm; start position at (x|y)=(119.92|  0.00) mm
# iStep, iStep, Pos x, Pos y, nMeas, Meas1 ... MeasN
     0      0  121.92    0.00   2       114.94       114.93
     1      1  121.92    2.00   2       114.93       114.91
     2      2  121.92    4.00   2       114.93       114.92
     3      3  121.92    6.00   2       114.92       114.93
     4      4  121.92    8.00   2       114.94       114.93
     5      5  121.92   10.00   2       114.93       114.91
     6      6  121.92   12.00   2       114.93       114.93
     7      7  121.92   14.00   2       114.94       114.94
     8      8  121.92   16.00   2       114.93       114.94
     9      9  121.92   18.00   2       114.92       114.93
    10     10  121.92   20.00   2       114.93       114.92
    11     11  121.92   22.00   2       114.93       114.93
    12     12  123.92    0.00   2       114.96       114.95
    13     13  123.92    2.00   2       114.96       114.96
    14     14  123.92    4.00   2       114.94       114.94
    15     15  123.92    6.00   2       114.94       114.93
    16     16  123.92    8.00   2       114.93       114.92
    17     17  123.92   10.00   2       114.93       114.92
    18     18  123.92   12.00   2       114.93       114.94
    19     19  123.92   14.00   2       114.93       114.92
    20     20  123.92   16.00   2       114.92       114.91
    21     21  123.92   18.00   2       114.93       114.93
    22     22  123.92   20.00   2       114.93       114.93
    23     23  123.92   22.00   2       114.93       114.93
    24     24  123.92   24.00   2       114.92       114.91
    25     25  123.92   26.00   2       114.93       114.92
    26     26  123.92   28.00   2       114.94       114.93
    27     27  123.92   30.00   2       114.92       114.93
    28     28  123.92   32.00   2       114.93       114.94
    29     29  125.92    0.00   2       115.00       115.01
    30     30  125.92    2.00   2       115.00       114.99
    31     31  125.92    4.00   2       115.00       115.00
    32     32  125.92    6.00   2       115.00       114.99
    33     33  125.92    8.00   2       115.00       115.00
    34     34  125.92   10.00   2       114.99       114.98
    35     35  125.92   12.00   2       114.97       114.95
    36     36  125.92   14.00   2       114.95       114.95
    37     37  125.92   16.00   2       114.95       114.95
    38     38  125.92   18.00   2       114.93       114.93
    39     39  125.92   20.00   2       114.94       114.92
    40     40  125.92   22.00   2       114.94       114.92
    41     41  125.92   24.00   2       114.93       114.92
    42     42  125.92   26.00   2       114.93       114.93
    43     43  125.92   28.00   2       114.94       114.93
    44     44  125.92   30.00   2       114.92       114.90
    45     45  125.92   32.00   2       114.92       114.91
    46     46  125.92   34.00   2       114.91       114.92
    47     47  125.92   36.00   2       114.91       114.93
    48     48  125.92   38.00   2       114.92       114.91
    49     49  127.92    0.00   2       115.02       115.02
    50     50  127.92    2.00   2       115.02       115.02
    51     51  127.92    4.00   2       115.01       115.00
    52     52  127.92    6.00   2       115.01       115.00
    53     53  127.92    8.00   2       115.00       115.00
    54     54  127.92   10.00   2       114.99       115.00
    55     55  127.92   12.00   2       115.00       114.99
    56     56  127.92   14.00   2       114.99       114.97
    57     57  127.92   16.00   2       114.99       114.98
    58     58  127.92   18.00   2       114.97       114.97
    59     59  127.92   20.00   2       114.97       114.97
    60     60  127.92   22.00   2       114.94       114.93
    61     61  127.92   24.00   2       114.92       114.91
    62     62  127.92   26.00   2       114.93       114.93
    63     63  127.92   28.00   2       114.93       114.94
    64     64  127.92   30.00   2       114.92       114.93
    65     65  127.92   32.00   2       114.93       114.92
    66     66  127.92   34.00   2       114.93       114.92
    67     67  127.92   36.00   2       114.93       114.93
    68     68  127.92   38.00   2       114.94       114.95
    69     69  127.92   40.00   2       114.93       114.92
    70     70  127.92   42.00   2       114.92       114.91
    71     71  127.92   44.00   2       114.93       114.92
    72     72  129.92    0.00   2       115.03       115.04
    73     73  129.92    2.00   2       115.03       115.03
    74     74  129.92    4.00   2       115.03       115.03
    75     75  129.92    6.00   2       115.01       115.00
    76     76  129.92    8.00   2       115.02       115.02
    77     77  129.92   10.00   2       115.01       115.02
    78     78  129.92   12.00   2       115.01       115.02
    79     79  129.92   14.00   2       115.01       114.99
    80     80  129.92   16.00   2       115.00       115.00
    81     81  129.92   18.00   2       115.00       115.00
    82     82  129.92   20.00   2       115.00       115.01
    83     83  129.92   22.00   2       114.98       114.98
    84     84  129.92   24.00   2       114.97       114.95
    85     85  129.92   26.00   2       114.96       114.95
    86     86  129.92   28.00   2       114.96       114.96
    87     87  129.92   30.00   2       114.92       114.94
    88     88  129.92   32.00   2       114.93       114.92
    89     89  129.92   34.00   2       114.93       114.92
    90     90  129.92   36.00   2       114.92       114.92
    91     91  129.92   38.00   2       114.92       114.92
    92     92  129.92   40.00   2       114.92       114.93
    93     93  129.92   42.00   2       114.93       114.91
    94     94  129.92   44.00   2       114.92       114.92
    95     95  129.92   46.00   2       114.92       114.92
    96     96  129.92   48.00   2       114.91       114.91
    97     97  131.92    0.00   2       115.06       115.06
    98     98  131.92    2.00   2       115.04       115.05
    99     99  131.92    4.00   2       115.04       115.04
   100    100  131.92    6.00   2       115.04       115.02
   101    101  131.92    8.00   2       115.03       115.02
   102    102  131.92   10.00   2       115.02       115.02
   103    103  131.92   12.00   2       115.03       115.02
   104    104  131.92   14.00   2       115.01       115.00
   105    105  131.92   16.00   2       115.02       115.00
   106    106  131.92   18.00   2       115.01       115.01
   107    107  131.92   20.00   2       114.98       115.00
   108    108  131.92   22.00   2       114.98       114.97
   109    109  131.92   24.00   2       115.00       114.98
   110    110  131.92   26.00   2       114.99       114.98
   111    111  131.92   28.00   2       114.97       114.97
   112    112  131.92   30.00   2       114.96       114.98
   113    113  131.92   32.00   2       114.97       114.95
   114    114  131.92   34.00   2       114.96       114.95
   115    115  131.92   36.00   2       114.95       114.95
   116    116  131.92   38.00   2       114.93       114.94
   117    117  131.92   40.00   2       114.93       114.93
   118    118  131.92   42.00   2       114.93       114.91
   119    119  131.92   44.00   2       114.92       114.91
   120    120  131.92   46.00   2       114.93       114.93
   121    121  131.92   48.00   2       114.92       114.93
   122    122  131.92   50.00   2       114.93       114.92
   123    123  131.92   52.00   2       114.93       114.93
   124    124  133.92    0.00   2       115.07       115.05
   125    125  133.92    2.00   2       115.06       115.07
   126    126  133.92    4.00   2       115.06       115.07
   127    127  133.92    6.00   2       115.05       115.04
   128    128  133.92    8.00   2       115.04       115.02
   129    129  133.92   10.00   2       115.04       115.04
   130    130  133.92   12.00   2       115.03       115.03
   131    131  133.92   14.00   2       115.02       115.03
   132    132  133.92   16.00   2       115.03       115.01
   133    133  133.92   18.00   2       115.01       115.00
   134    134  133.92   20.00   2       115.01       115.01
   135    135  133.92   22.00   2       115.00       115.00
   136    136  133.92   24.00   2       115.00       114.99
   137    137  133.92   26.00   2       114.99       114.98
   138    138  133.92   28.00   2       114.99       114.99
   139    139  133.92   30.00   2       114.98       114.99
   140    140  133.92   32.00   2       114.99       114.99
   141    141  133.92   34.00   2       114.98       114.96
   142    142  133.92   36.00   2       114.97       114.96
   143    143  133.92   38.00   2       114.96       114.97
   144    144  133.92   40.00   2       114.93       114.94
   145    145  133.92   42.00   2       114.94       114.93
   146    146  133.92   44.00   2       114.92       114.91
   147    147  133.92   46.00   2       114.93       114.93
   148    148  133.92   48.00   2       114.94       114.94
   149    149  133.92   50.00   2       114.92       114.93
   150    150  133.92   52.00   2       114.92       114.90
   151    151  133.92   54.00   2       114.91       114.90
   152    152  135.92    0.00   2       115.09       115.08
   153    153  135.92    2.00   2       115.08       115.09
   154    154  135.92    4.00   2       115.06       115.07
   155    155  135.92    6.00   2       115.06       115.05
   156    156  135.92    8.00   2       115.04       115.04
   157    157  135.92   10.00   2       115.06       115.06
   158    158  135.92   12.00   2       115.03       115.05
   159    159  135.92   14.00   2       115.04       115.05
   160    160  135.92   16.00   2       115.02       115.01
   161    161  135.92   18.00   2       115.01       115.01
   162    162  135.92   20.00   2       115.03       115.03
   163    163  135.92   22.00   2       115.02       115.02
   164    164  135.92   24.00   2       115.01       115.00
   165    165  135.92   26.00   2       115.01       115.00
   166    166  135.92   28.00   2       115.01       115.01
   167    167  135.92   30.00   2       115.00       115.01
   168    168  135.92   32.00   2       114.98       114.99
   169    169  135.92   34.00   2       115.00       114.98
   170    170  135.92   36.00   2       114.99       114.98
   171    171  135.92   38.00   2       114.99       114.99
   172    172  135.92   40.00   2       114.98       114.97
   173    173  135.92   42.00   2       114.97       114.96
   174    174  135.92   44.00   2       114.95       114.93
   175    175  135.92   46.00   2       114.94       114.93
   176    176  135.92   48.00   2       114.94       114.93
   177    177  135.92   50.00   2       114.92       114.93
   178    178  135.92   52.00   2       114.93       114.92
   179    179  135.92   54.00   2       114.91       114.90
   180    180  135.92   56.00   2       114.93       114.92
   181    181  135.92   58.00   2       114.93       114.94
   182    182  137.92    0.00   2       115.08       115.07
   183    183  137.92    2.00   2       115.07       115.07
   184    184  137.92    4.00   2       115.07       115.07
   185    185  137.92    6.00   2       115.07       115.07
   186    186  137.92    8.00   2       115.07       115.05
   187    187  137.92   10.00   2       115.05       115.04
   188    188  137.92   12.00   2       115.05       115.06
   189    189  137.92   14.00   2       115.05       115.06
   190    190  137.92   16.00   2       115.04       115.03
   191    191  137.92   18.00   2       115.03       115.01
   192    192  137.92   20.00   2       115.03       115.02
   193    193  137.92   22.00   2       115.01       115.02
   194    194  137.92   24.00   2       115.02       115.02
   195    195  137.92   26.00   2       115.01       115.01
   196    196  137.92   28.00   2       115.01       115.00
   197    197  137.92   30.00   2       115.00       115.00
   198    198  137.92   32.00   2       115.00       115.00
   199    199  137.92   34.00   2       115.00       115.00
   200    200  137.92   36.00   2       115.01       114.99
   201    201  137.92   38.00   2       114.99       114.98
   202    202  137.92   40.00   2       115.00       115.00
   203    203  137.92   42.00   2       114.99       114.99
   204    204  137.92   44.00   2       114.97       114.95
   205    205  137.92   46.00   2       114.95       114.94
   206    206  137.92   48.00   2       114.94       114.94
   207    207  137.92   50.00   2       114.92       114.93
   208    208  137.92   52.00   2       114.95       114.94
   209    209  137.92   54.00   2       114.92       114.91
   210    210  137.92   56.00   2       114.92       114.92
   211    211  137.92   58.00   2       114.93       114.92
   212    212  137.92   60.00   2       114.93       114.94
   213    213  139.92    0.00   2       115.09       115.08
   214    214  139.92    2.00   2       115.08       115.09
   215    215  139.92    4.00   2       115.09       115.09
   216    216  139.92    6.00   2       115.09       115.06
   217    217  139.92    8.00   2       115.07       115.06
   218    218  139.92   10.00   2       115.07       115.07
   219    219  139.92   12.00   2       115.07       115.07
   220    220  139.92   14.00   2       115.07       115.05
   221    221  139.92   16.00   2       115.05       115.04
   222    222  139.92   18.00   2       115.05       115.05
   223    223  139.92   20.00   2       115.04       115.04
   224    224  139.92   22.00   2       115.02       115.03
   225    225  139.92   24.00   2       115.02       115.00
   226    226  139.92   26.00   2       115.03       115.02
   227    227  139.92   28.00   2       115.02       115.03
   228    228  139.92   30.00   2       115.02       115.03
   229    229  139.92   32.00   2       115.03       115.02
   230    230  139.92   34.00   2       115.00       114.98
   231    231  139.92   36.00   2       115.01       115.01
   232    232  139.92   38.00   2       115.00       115.00
   233    233  139.92   40.00   2       115.01       115.01
   234    234  139.92   42.00   2       115.00       114.98
   235    235  139.92   44.00   2       114.99       114.98
   236    236  139.92   46.00   2       114.98       114.98
   237    237  139.92   48.00   2       114.97       114.97
   238    238  139.92   50.00   2       114.95       114.96
   239    239  139.92   52.00   2       114.95       114.93
   240    240  139.92   54.00   2       114.94       114.93
   241    241  139.92   56.00   2       114.93       114.93
   242    242  139.92   58.00   2       114.93       114.94
   243    243  139.92   60.00   2       114.92       114.91
   244    244  139.92   62.00   2       114.92       114.92
   245    245  141.92    0.00   2       115.09       115.08
   246    246  141.92    2.00   2       115.08       115.08
   247    247  141.92    4.00   2       115.09       115.10
   248    248  141.92    6.00   2       115.07       115.06
   249    249  141.92    8.00   2       115.07       115.05
   250    250  141.92   10.00   2       115.07       115.07
   251    251  141.92   12.00   2       115.07       115.07
   252    252  141.92   14.00   2       115.07       115.08
   253    253  141.92   16.00   2       115.06       115.04
   254    254  141.92   18.00   2       115.06       115.05
   255    255  141.92   20.00   2       115.05       115.05
   256    256  141.92   22.00   2       115.04       115.05
   257    257  141.92   24.00   2       115.03       115.03
   258    258  141.92   26.00   2       115.03       115.01
   259    259  141.92   28.00   2       115.02       115.02
   260    260  141.92   30.00   2       115.01       115.01
   261    261  141.92   32.00   2       115.02       115.03
   262    262  141.92   34.00   2       115.01       115.00
   263    263  141.92   36.00   2       115.00       114.99
   264    264  141.92   38.00   2       115.01       115.00
   265    265  141.92   40.00   2       115.00       115.00
   266    266  141.92   42.00   2       115.00       115.00
   267    267  141.92   44.00   2       115.01       114.99
   268    268  141.92   46.00   2       115.01       115.00
   269    269  141.92   48.00   2       115.00       114.98
   270    270  141.92   50.00   2       114.98       114.99
   271    271  141.92   52.00   2       114.96       114.97
   272    272  141.92   54.00   2       114.98       114.96
   273    273  141.92   56.00   2       114.94       114.93
   274    274  141.92   58.00   2       114.96       114.94
   275    275  141.92   60.00   2       114.92       114.93
   276    276  141.92   62.00   2       114.94       114.93
   277    277  141.92   64.00   2       114.95       114.93
   278    278  143.92    0.00   2       115.11       115.09
   279    279  143.92    2.00   2       115.10       115.09
   280    280  143.92    4.00   2       115.11       115.11
   281    281  143.92    6.00   2       115.10       115.10
   282    282  143.92    8.00   2       115.11       115.09
   283    283  143.92   10.00   2       115.10       115.08
   284    284  143.92   12.00   2       115.08       115.08
   285    285  143.92   14.00   2       115.08       115.09
   286    286  143.92   16.00   2       115.06       115.07
   287    287  143.92   18.00   2       115.05       115.04
   288    288  143.92   20.00   2       115.05       115.05
   289    289  143.92   22.00   2       115.05       115.05
   290    290  143.92   24.00   2       115.04       115.05
   291    291  143.92   26.00   2       115.03       115.03
   292    292  143.92   28.00   2       115.02       115.01
   293    293  143.92   30.00   2       115.04       115.04
   294    294  143.92   32.00   2       115.02       115.03
   295    295  143.92   34.00   2       115.01       115.02
   296    296  143.92   36.00   2       115.00       114.99
   297    297  143.92   38.00   2       115.01       115.01
   298    298  143.92   40.00   2       115.01       115.01
   299    299  143.92   42.00   2       115.00       115.02
   300    300  143.92   44.00   2       114.99       114.98
   301    301  143.92   46.00   2       115.00       114.99
   302    302  143.92   48.00   2       115.00       115.00
   303    303  143.92   50.00   2       114.98       114.99
   304    304  143.92   52.00   2       114.97       114.96
   305    305  143.92   54.00   2       114.98       114.95
   306    306  143.92   56.00   2       114.96       114.94
   307    307  143.92   58.00   2       114.94       114.94
   308    308  143.92   60.00   2       114.94       114.95
   309    309  143.92   62.00   2       114.94       114.92
   310    310  143.92   64.00   2       114.94       114.93
   311    311  143.92   66.00   2       114.94       114.94
   312    312  145.92    0.00   2       115.12       115.10
   313    313  145.92    2.00   2       115.10       115.10
   314    314  145.92    4.00   2       115.11       115.09
   315    315  145.92    6.00   2       115.09       115.09
   316    316  145.92    8.00   2       115.11       115.10
   317    317  145.92   10.00   2       115.09       115.09
   318    318  145.92   12.00   2       115.09       115.08
   319    319  145.92   14.00   2       115.06       115.06
   320    320  145.92   16.00   2       115.05       115.05
   321    321  145.92   18.00   2       115.06       115.06
   322    322  145.92   20.00   2       115.05       115.06
   323    323  145.92   22.00   2       115.06       115.03
   324    324  145.92   24.00   2       115.04       115.04
   325    325  145.92   26.00   2       115.03       115.04
   326    326  145.92   28.00   2       115.03       115.04
   327    327  145.92   30.00   2       115.04       115.03
   328    328  145.92   32.00   2       115.02       115.01
   329    329  145.92   34.00   2       115.02       115.01
   330    330  145.92   36.00   2       115.02       115.03
   331    331  145.92   38.00   2       115.00       115.01
   332    332  145.92   40.00   2       115.02       115.01
   333    333  145.92   42.00   2       115.01       114.99
   334    334  145.92   44.00   2       114.99       115.00
   335    335  145.92   46.00   2       114.99       115.00
   336    336  145.92   48.00   2       114.99       114.98
   337    337  145.92   50.00   2       114.97       114.97
   338    338  145.92   52.00   2       114.98       114.97
   339    339  145.92   54.00   2       114.97       114.98
   340    340  145.92   56.00   2       114.96       114.95
   341    341  145.92   58.00   2       114.95       114.93
   342    342  145.92   60.00   2       114.94       114.93
   343    343  145.92   62.00   2       114.95       114.94
   344    344  145.92   64.00   2       114.93       114.94
   345    345  145.92   66.00   2       114.94       114.94
   346    346  147.92    0.00   2       115.11       115.09
   347    347  147.92    2.00   2       115.11       115.10
   348    348  147.92    4.00   2       115.10       115.10
   349    349  147.92    6.00   2       115.11       115.12
   350    350  147.92    8.00   2       115.10       115.08
   351    351  147.92   10.00   2       115.10       115.09
   352    352  147.92   12.00   2       115.09       115.10
   353    353  147.92   14.00   2       115.07       115.08
   354    354  147.92   16.00   2       115.08       115.07
   355    355  147.92   18.00   2       115.06       115.05
   356    356  147.92   20.00   2       115.05       115.06
   357    357  147.92   22.00   2       115.05       115.06
   358    358  147.92   24.00   2       115.04       115.04
   359    359  147.92   26.00   2       115.05       115.03
   360    360  147.92   28.00   2       115.04       115.04
   361    361  147.92   30.00   2       115.03       115.03
   362    362  147.92   32.00   2       115.02       115.04
   363    363  147.92   34.00   2       115.02       115.01
   364    364  147.92   36.00   2       115.03       115.01
   365    365  147.92   38.00   2       115.02       115.02
   366    366  147.92   40.00   2       115.01       115.02
   367    367  147.92   42.00   2       115.00       115.00
   368    368  147.92   44.00   2       115.02       115.00
   369    369  147.92   46.00   2       115.02       115.02
   370    370  147.92   48.00   2       115.02       115.01
   371    371  147.92   50.00   2       115.00       115.00
   372    372  147.92   52.00   2       114.98       114.98
   373    373  147.92   54.00   2       114.98       114.97
   374    374  147.92   56.00   2       114.97       114.97
   375    375  147.92   58.00   2       114.96       114.95
   376    376  147.92   60.00   2       114.96       114.96
   377    377  147.92   62.00   2       114.94       114.92
   378    378  147.92   64.00   2       114.95       114.94
   379    379  147.92   66.00   2       114.93       114.94
   380    380  147.92   68.00   2       114.94       114.94
   381    381  149.92    0.00   2       115.11       115.09
   382    382  149.92    2.00   2       115.10       115.10
   383    383  149.92    4.00   2       115.10       115.11
   384    384  149.92    6.00   2       115.11       115.11
   385    385  149.92    8.00   2       115.11       115.09
   386    386  149.92   10.00   2       115.10       115.10
   387    387  149.92   12.00   2       115.09       115.09
   388    388  149.92   14.00   2       115.09       115.08
   389    389  149.92   16.00   2       115.08       115.07
   390    390  149.92   18.00   2       115.07       115.06
   391    391  149.92   20.00   2       115.05       115.05
   392    392  149.92   22.00   2       115.05       115.06
   393    393  149.92   24.00   2       115.06       115.06
   394    394  149.92   26.00   2       115.04       115.03
   395    395  149.92   28.00   2       115.05       115.02
   396    396  149.92   30.00   2       115.04       115.04
   397    397  149.92   32.00   2       115.04       115.04
   398    398  149.92   34.00   2       115.03       115.04
   399    399  149.92   36.00   2       115.03       115.01
   400    400  149.92   38.00   2       115.02       115.02
   401    401  149.92   40.00   2       115.02       115.01
   402    402  149.92   42.00   2       115.02       115.02
   403    403  149.92   44.00   2       115.01       115.00
   404    404  149.92   46.00   2       115.01       115.00
   405    405  149.92   48.00   2       115.00       115.00
   406    406  149.92   50.00   2       115.00       115.00
   407    407  149.92   52.00   2       114.99       114.99
   408    408  149.92   54.00   2       114.99       114.97
   409    409  149.92   56.00   2       114.98       114.98
   410    410  149.92   58.00   2       114.98       114.98
   411    411  149.92   60.00   2       114.96       114.97
   412    412  149.92   62.00   2       114.95       114.94
   413    413  149.92   64.00   2       114.94       114.93
   414    414  149.92   66.00   2       114.95       114.94
   415    415  149.92   68.00   2       114.94       114.95
   416    416  151.92    0.00   2       115.09       115.07
   417    417  151.92    2.00   2       115.11       115.11
   418    418  151.92    4.00   2       115.11       115.11
   419    419  151.92    6.00   2       115.11       115.11
   420    420  151.92    8.00   2       115.10       115.08
   421    421  151.92   10.00   2       115.09       115.08
   422    422  151.92   12.00   2       115.08       115.09
   423    423  151.92   14.00   2       115.09       115.10
   424    424  151.92   16.00   2       115.10       115.09
   425    425  151.92   18.00   2       115.07       115.06
   426    426  151.92   20.00   2       115.05       115.05
   427    427  151.92   22.00   2       115.06       115.06
   428    428  151.92   24.00   2       115.06       115.07
   429    429  151.92   26.00   2       115.05       115.03
   430    430  151.92   28.00   2       115.04       115.03
   431    431  151.92   30.00   2       115.04       115.04
   432    432  151.92   32.00   2       115.03       115.04
   433    433  151.92   34.00   2       115.04       115.03
   434    434  151.92   36.00   2       115.02       115.01
   435    435  151.92   38.00   2       115.02       115.03
   436    436  151.92   40.00   2       115.02       115.01
   437    437  151.92   42.00   2       115.02       115.02
   438    438  151.92   44.00   2       115.02       115.00
   439    439  151.92   46.00   2       115.01       115.01
   440    440  151.92   48.00   2       115.01       115.01
   441    441  151.92   50.00   2       115.01       115.00
   442    442  151.92   52.00   2       115.01       114.99
   443    443  151.92   54.00   2       115.00       114.99
   444    444  151.92   56.00   2       114.99       115.00
   445    445  151.92   58.00   2       114.97       114.98
   446    446  151.92   60.00   2       114.97       114.97
   447    447  151.92   62.00   2       114.97       114.96
   448    448  151.92   64.00   2       114.95       114.94
   449    449  151.92   66.00   2       114.95       114.94
   450    450  151.92   68.00   2       114.93       114.94
   451    451  153.92    0.00   2       115.12       115.11
   452    452  153.92    2.00   2       115.09       115.10
   453    453  153.92    4.00   2       115.12       115.12
   454    454  153.92    6.00   2       115.11       115.11
   455    455  153.92    8.00   2       115.10       115.08
   456    456  153.92   10.00   2       115.09       115.08
   457    457  153.92   12.00   2       115.08       115.07
   458    458  153.92   14.00   2       115.09       115.10
   459    459  153.92   16.00   2       115.08       115.07
   460    460  153.92   18.00   2       115.08       115.06
   461    461  153.92   20.00   2       115.06       115.05
   462    462  153.92   22.00   2       115.05       115.05
   463    463  153.92   24.00   2       115.05       115.06
   464    464  153.92   26.00   2       115.05       115.04
   465    465  153.92   28.00   2       115.04       115.03
   466    466  153.92   30.00   2       115.04       115.04
   467    467  153.92   32.00   2       115.04       115.04
   468    468  153.92   34.00   2       115.03       115.03
   469    469  153.92   36.00   2       115.04       115.02
   470    470  153.92   38.00   2       115.03       115.02
   471    471  153.92   40.00   2       115.03       115.01
   472    472  153.92   42.00   2       115.01       115.02
   473    473  153.92   44.00   2       115.02       115.01
   474    474  153.92   46.00   2       115.01       115.00
   475    475  153.92   48.00   2       115.00       115.00
   476    476  153.92   50.00   2       115.00       115.01
   477    477  153.92   52.00   2       114.99       114.99
   478    478  153.92   54.00   2       114.99       114.97
   479    479  153.92   56.00   2       114.98       114.98
   480    480  153.92   58.00   2       114.96       114.97
   481    481  153.92   60.00   2       114.96       114.97
   482    482  153.92   62.00   2       114.94       114.93
   483    483  153.92   64.00   2       114.95       114.94
   484    484  153.92   66.00   2       114.95       114.95
   485    485  153.92   68.00   2       114.95       114.95
   486    486  155.92    0.00   2       115.11       115.10
   487    487  155.92    2.00   2       115.11       115.10
   488    488  155.92    4.00   2       115.11       115.12
   489    489  155.92    6.00   2       115.11       115.11
   490    490  155.92    8.00   2       115.11       115.09
   491    491  155.92   10.00   2       115.10       115.08
   492    492  155.92   12.00   2       115.10       115.10
   493    493  155.92   14.00   2       115.09       115.09
   494    494  155.92   16.00   2       115.08       115.06
   495    495  155.92   18.00   2       115.06       115.05
   496    496  155.92   20.00   2       115.06       115.06
   497    497  155.92   22.00   2       115.06       115.06
   498    498  155.92   24.00   2       115.06       115.07
   499    499  155.92   26.00   2       115.05       115.04
   500    500  155.92   28.00   2       115.05       115.05
   501    501  155.92   30.00   2       115.05       115.05
   502    502  155.92   32.00   2       115.04       115.05
   503    503  155.92   34.00   2       115.02       115.01
   504    504  155.92   36.00   2       115.02       115.01
   505    505  155.92   38.00   2       115.02       115.01
   506    506  155.92   40.00   2       115.03       115.03
   507    507  155.92   42.00   2       115.02       115.03
   508    508  155.92   44.00   2       115.02       115.00
   509    509  155.92   46.00   2       115.00       115.00
   510    510  155.92   48.00   2       114.99       114.99
   511    511  155.92   50.00   2       115.00       115.02
   512    512  155.92   52.00   2       114.99       114.98
   513    513  155.92   54.00   2       115.00       115.00
   514    514  155.92   56.00   2       114.99       114.99
   515    515  155.92   58.00   2       114.97       114.98
   516    516  155.92   60.00   2       114.97       114.97
   517    517  155.92   62.00   2       114.95       114.94
   518    518  155.92   64.00   2       114.96       114.95
   519    519  155.92   66.00   2       114.93       114.94
   520    520  155.92   68.00   2       114.93       114.94
   521    521  157.92    0.00   2       115.12       115.11
   522    522  157.92    2.00   2       115.11       115.11
   523    523  157.92    4.00   2       115.12       115.12
   524    524  157.92    6.00   2       115.12       115.11
   525    525  157.92    8.00   2       115.10       115.09
   526    526  157.92   10.00   2       115.10       115.10
   527    527  157.92   12.00   2       115.09       115.11
   528    528  157.92   14.00   2       115.09       115.09
   529    529  157.92   16.00   2       115.08       115.05
   530    530  157.92   18.00   2       115.07       115.06
   531    531  157.92   20.00   2       115.07       115.07
   532    532  157.92   22.00   2       115.05       115.06
   533    533  157.92   24.00   2       115.05       115.04
   534    534  157.92   26.00   2       115.05       115.04
   535    535  157.92   28.00   2       115.04       115.03
   536    536  157.92   30.00   2       115.04       115.04
   537    537  157.92   32.00   2       115.03       115.04
   538    538  157.92   34.00   2       115.04       115.02
   539    539  157.92   36.00   2       115.04       115.03
   540    540  157.92   38.00   2       115.02       115.03
   541    541  157.92   40.00   2       115.02       115.02
   542    542  157.92   42.00   2       115.01       115.00
   543    543  157.92   44.00   2       115.01       115.00
   544    544  157.92   46.00   2       115.01       115.01
   545    545  157.92   48.00   2       114.99       115.00
   546    546  157.92   50.00   2       115.00       115.00
   547    547  157.92   52.00   2       115.00       114.98
   548    548  157.92   54.00   2       114.99       114.98
   549    549  157.92   56.00   2       114.98       114.99
   550    550  157.92   58.00   2       114.98       114.98
   551    551  157.92   60.00   2       114.96       114.95
   552    552  157.92   62.00   2       114.97       114.95
   553    553  157.92   64.00   2       114.97       114.95
   554    554  157.92   66.00   2       114.96       114.97
   555    555  157.92   68.00   2       114.94       114.95
   556    556  159.92    0.00   2       115.11       115.10
   557    557  159.92    2.00   2       115.12       115.12
   558    558  159.92    4.00   2       115.11       115.13
   559    559  159.92    6.00   2       115.11       115.09
   560    560  159.92    8.00   2       115.10       115.09
   561    561  159.92   10.00   2       115.11       115.11
   562    562  159.92   12.00   2       115.09       115.09
   563    563  159.92   14.00   2       115.09       115.08
   564    564  159.92   16.00   2       115.07       115.05
   565    565  159.92   18.00   2       115.06       115.05
   566    566  159.92   20.00   2       115.07       115.06
   567    567  159.92   22.00   2       115.05       115.06
   568    568  159.92   24.00   2       115.05       115.04
   569    569  159.92   26.00   2       115.04       115.03
   570    570  159.92   28.00   2       115.04       115.03
   571    571  159.92   30.00   2       115.04       115.04
   572    572  159.92   32.00   2       115.02       115.02
   573    573  159.92   34.00   2       115.02       115.00
   574    574  159.92   36.00   2       115.02       115.02
   575    575  159.92   38.00   2       115.03       115.03
   576    576  159.92   40.00   2       115.01       115.03
   577    577  159.92   42.00   2       115.01       115.00
   578    578  159.92   44.00   2       115.00       114.99
   579    579  159.92   46.00   2       115.01       115.00
   580    580  159.92   48.00   2       115.00       115.00
   581    581  159.92   50.00   2       114.99       114.99
   582    582  159.92   52.00   2       114.98       114.97
   583    583  159.92   54.00   2       115.00       114.99
   584    584  159.92   56.00   2       114.99       114.99
   585    585  159.92   58.00   2       114.98       114.99
   586    586  159.92   60.00   2       114.96       114.95
   587    587  159.92   62.00   2       114.96       114.95
   588    588  159.92   64.00   2       114.96       114.95
   589    589  159.92   66.00   2       114.95       114.95
   590    590  159.92   68.00   2       114.96       114.96
   591    591  161.92    0.00   2       115.11       115.12
   592    592  161.92    2.00   2       113.52       115.09
   593    593  161.92    4.00   2       113.22       115.02
   594    594  161.92    6.00   2       112.25       115.06
   595    595  161.92    8.00   2       112.21       115.02
   596    596  161.92   10.00   2       114.80       114.91
   597    597  161.92   12.00   2       112.21       115.08
   598    598  161.92   14.00   2       114.58       114.75
   599    599  161.92   16.00   2       115.09       115.09
   600    600  161.92   18.00   2       114.03       115.05
   601    601  161.92   20.00   2       113.40       114.97
   602    602  161.92   22.00   2       115.05       115.04
   603    603  161.92   24.00   2       115.04       115.04
   604    604  161.92   26.00   2       115.05       115.06
   605    605  161.92   28.00   2       115.04       115.03
   606    606  161.92   30.00   2       115.04       115.02
   607    607  161.92   32.00   2       115.04       115.04
   608    608  161.92   34.00   2       115.03       115.03
   609    609  161.92   36.00   2       115.02       115.04
   610    610  161.92   38.00   2       115.03       115.01
   611    611  161.92   40.00   2       115.03       115.01
   612    612  161.92   42.00   2       115.03       115.03
   613    613  161.92   44.00   2       115.02       115.01
   614    614  161.92   46.00   2       115.02       115.02
   615    615  161.92   48.00   2       114.99       114.97
   616    616  161.92   50.00   2       114.99       114.98
   617    617  161.92   52.00   2       114.99       114.99
   618    618  161.92   54.00   2       114.98       114.98
   619    619  161.92   56.00   2       114.99       114.98
   620    620  161.92   58.00   2       114.97       114.96
   621    621  161.92   60.00   2       114.97       114.95
   622    622  161.92   62.00   2       114.96       114.97
   623    623  161.92   64.00   2       114.96       114.97
   624    624  161.92   66.00   2       114.96       114.94
   625    625  161.92   68.00   2       114.94       114.93
   626    626  163.92    0.00   2       115.11       115.12
   627    627  163.92    2.00   2       116.53       115.22
   628    628  163.92    4.00   2       116.56       115.21
   629    629  163.92    6.00   2       115.52       115.37
   630    630  163.92    8.00   2       113.25       115.11
   631    631  163.92   10.00   2       113.82       115.02
   632    632  163.92   12.00   2       115.09       115.09
   633    633  163.92   14.00   2       112.48       114.98
   634    634  163.92   16.00   2       115.12       115.11
   635    635  163.92   18.00   2       112.28       115.00
   636    636  163.92   20.00   2       114.99       115.01
   637    637  163.92   22.00   2       112.21       115.03
   638    638  163.92   24.00   2       114.69       114.81
   639    639  163.92   26.00   2       112.16       115.03
   640    640  163.92   28.00   2       114.00       115.02
   641    641  163.92   30.00   2       115.09       115.06
   642    642  163.92   32.00   2       113.33       114.93
   643    643  163.92   34.00   2       115.02       115.02
   644    644  163.92   36.00   2       115.02       115.02
   645    645  163.92   38.00   2       115.01       115.03
   646    646  163.92   40.00   2       115.01       115.00
   647    647  163.92   42.00   2       115.02       115.01
   648    648  163.92   44.00   2       115.00       115.00
   649    649  163.92   46.00   2       115.01       115.02
   650    650  163.92   48.00   2       115.01       115.01
   651    651  163.92   50.00   2       115.00       114.98
   652    652  163.92   52.00   2       114.99       114.98
   653    653  163.92   54.00   2       114.97       114.98
   654    654  163.92   56.00   2       114.97       114.97
   655    655  163.92   58.00   2       114.98       114.98
   656    656  163.92   60.00   2       114.96       114.95
   657    657  163.92   62.00   2       114.96       114.96
   658    658  163.92   64.00   2       114.94       114.94
   659    659  163.92   66.00   2       114.93       114.93
   660    660  165.92    0.00   2       115.17       115.16
   661    661  165.92    2.00   2       115.08       115.11
   662    662  165.92    4.00   2       115.27       115.21
   663    663  165.92    6.00   2       115.13       115.15
   664    664  165.92    8.00   2       115.22       115.18
   665    665  165.92   10.00   2       115.20       115.16
   666    666  165.92   12.00   2       115.06       115.07
   667    667  165.92   14.00   2       115.02       115.04
   668    668  165.92   16.00   2       115.16       115.13
   669    669  165.92   18.00   2       115.43       115.31
   670    670  165.92   20.00   2       115.79       115.53
   671    671  165.92   22.00   2       115.42       115.30
   672    672  165.92   24.00   2       114.11       115.16
   673    673  165.92   26.00   2       112.52       115.06
   674    674  165.92   28.00   2       114.16       114.52
   675    675  165.92   30.00   2       115.05       115.03
   676    676  165.92   32.00   2       113.65       114.93
   677    677  165.92   34.00   2       115.03       115.03
   678    678  165.92   36.00   2       112.29       114.96
   679    679  165.92   38.00   2       115.07       115.05
   680    680  165.92   40.00   2       115.02       115.02
   681    681  165.92   42.00   2       115.03       115.01
   682    682  165.92   44.00   2       115.03       115.02
   683    683  165.92   46.00   2       115.01       115.01
   684    684  165.92   48.00   2       115.01       115.01
   685    685  165.92   50.00   2       115.01       114.99
   686    686  165.92   52.00   2       114.99       114.98
   687    687  165.92   54.00   2       114.98       114.99
   688    688  165.92   56.00   2       114.97       114.97
   689    689  165.92   58.00   2       114.97       114.95
   690    690  165.92   60.00   2       114.97       114.95
   691    691  165.92   62.00   2       114.96       114.96
   692    692  165.92   64.00   2       114.96       114.96
   693    693  165.92   66.00   2       114.95       114.95
   694    694  167.92    0.00   2       115.21       115.19
   695    695  167.92    2.00   2       115.11       115.14
   696    696  167.92    4.00   2       115.30       115.24
   697    697  167.92    6.00   2       115.30       115.23
   698    698  167.92    8.00   2       115.29       115.23
   699    699  167.92   10.00   2       115.17       115.16
   700    700  167.92   12.00   2       115.08       115.09
   701    701  167.92   14.00   2       115.08       115.10
   702    702  167.92   16.00   2       115.01       115.06
   703    703  167.92   18.00   2       118.10       115.23
   704    704  167.92   20.00   2       115.21       115.15
   705    705  167.92   22.00   2       115.20       115.15
   706    706  167.92   24.00   2       115.17       115.12
   707    707  167.92   26.00   2       115.09       115.07
   708    708  167.92   28.00   2       115.03       115.03
   709    709  167.92   30.00   2       114.97       114.99
   710    710  167.92   32.00   2       114.92       114.96
   711    711  167.92   34.00   2       114.15       114.50
   712    712  167.92   36.00   2       115.05       115.05
   713    713  167.92   38.00   2       112.41       114.97
   714    714  167.92   40.00   2       114.97       114.99
   715    715  167.92   42.00   2       112.32       115.01
   716    716  167.92   44.00   2       114.73       114.83
   717    717  167.92   46.00   2       115.00       114.99
   718    718  167.92   48.00   2       115.01       115.00
   719    719  167.92   50.00   2       114.99       115.00
   720    720  167.92   52.00   2       114.99       114.99
   721    721  167.92   54.00   2       114.99       114.98
   722    722  167.92   56.00   2       114.96       114.94
   723    723  167.92   58.00   2       114.95       114.95
   724    724  167.92   60.00   2       114.96       114.95
   725    725  167.92   62.00   2       114.96       114.96
   726    726  167.92   64.00   2       114.95       114.94
   727    727  169.92    0.00   2       115.25       115.24
   728    728  169.92    2.00   2       115.15       115.16
   729    729  169.92    4.00   2       115.14       115.17
   730    730  169.92    6.00   2       115.12       115.15
   731    731  169.92    8.00   2       115.32       115.26
   732    732  169.92   10.00   2       115.15       115.17
   733    733  169.92   12.00   2       115.27       115.22
   734    734  169.92   14.00   2       115.24       115.20
   735    735  169.92   16.00   2       115.09       115.11
   736    736  169.92   18.00   2       115.07       115.08
   737    737  169.92   20.00   2       114.99       115.03
   738    738  169.92   22.00   2       116.55       115.19
   739    739  169.92   24.00   2       115.22       115.16
   740    740  169.92   26.00   2       115.08       115.09
   741    741  169.92   28.00   2       115.15       115.11
   742    742  169.92   30.00   2       115.06       115.06
   743    743  169.92   32.00   2       114.97       114.98
   744    744  169.92   34.00   2       114.97       115.01
   745    745  169.92   36.00   2       115.25       115.18
   746    746  169.92   38.00   2       115.88       115.59
   747    747  169.92   40.00   2       115.68       115.46
   748    748  169.92   42.00   2       114.85       114.92
   749    749  169.92   44.00   2       112.76       115.02
   750    750  169.92   46.00   2       114.31       114.54
   751    751  169.92   48.00   2       115.02       115.03
   752    752  169.92   50.00   2       115.00       115.01
   753    753  169.92   52.00   2       115.00       114.99
   754    754  169.92   54.00   2       114.97       114.95
   755    755  169.92   56.00   2       114.97       114.96
   756    756  169.92   58.00   2       114.96       114.96
   757    757  169.92   60.00   2       114.96       114.97
   758    758  169.92   62.00   2       114.95       114.95
   759    759  171.92    0.00   2       115.25       115.25
   760    760  171.92    2.00   2       115.19       115.20
   761    761  171.92    4.00   2       115.14       115.17
   762    762  171.92    6.00   2       116.59       115.32
   763    763  171.92    8.00   2       115.30       115.24
   764    764  171.92   10.00   2       115.16       115.17
   765    765  171.92   12.00   2       115.21       115.19
   766    766  171.92   14.00   2       115.12       115.13
   767    767  171.92   16.00   2       115.07       115.09
   768    768  171.92   18.00   2       115.06       115.08
   769    769  171.92   20.00   2       116.31       115.18
   770    770  171.92   22.00   2       115.24       115.18
   771    771  171.92   24.00   2       115.13       115.14
   772    772  171.92   26.00   2       115.22       115.17
   773    773  171.92   28.00   2       115.12       115.11
   774    774  171.92   30.00   2       115.05       115.06
   775    775  171.92   32.00   2       115.01       115.03
   776    776  171.92   34.00   2       114.95       114.99
   777    777  171.92   36.00   2       115.80       115.55
   778    778  171.92   38.00   2       115.18       115.12
   779    779  171.92   40.00   2       115.03       115.04
   780    780  171.92   42.00   2       115.14       115.08
   781    781  171.92   44.00   2       115.03       115.02
   782    782  171.92   46.00   2       114.95       114.97
   783    783  171.92   48.00   2       117.48       114.92
   784    784  171.92   50.00   2       113.02       114.89
   785    785  171.92   52.00   2       114.97       114.98
   786    786  171.92   54.00   2       114.98       114.98
   787    787  171.92   56.00   2       114.96       114.94
   788    788  171.92   58.00   2       114.97       114.96
   789    789  171.92   60.00   2       114.98       114.98
   790    790  173.92    0.00   2       115.26       115.25
   791    791  173.92    2.00   2       115.25       115.25
   792    792  173.92    4.00   2       115.24       115.24
   793    793  173.92    6.00   2       115.19       115.20
   794    794  173.92    8.00   2       115.17       115.18
   795    795  173.92   10.00   2       115.08       115.12
   796    796  173.92   12.00   2       115.28       115.23
   797    797  173.92   14.00   2       115.14       115.15
   798    798  173.92   16.00   2       115.26       115.21
   799    799  173.92   18.00   2       115.23       115.18
   800    800  173.92   20.00   2       115.10       115.11
   801    801  173.92   22.00   2       115.06       115.09
   802    802  173.92   24.00   2       115.04       115.06
   803    803  173.92   26.00   2       117.44       115.20
   804    804  173.92   28.00   2       115.24       115.17
   805    805  173.92   30.00   2       115.11       115.11
   806    806  173.92   32.00   2       115.14       115.10
   807    807  173.92   34.00   2       115.10       115.09
   808    808  173.92   36.00   2       115.02       115.03
   809    809  173.92   38.00   2       114.99       115.01
   810    810  173.92   40.00   2       115.67       115.46
   811    811  173.92   42.00   2       115.18       115.10
   812    812  173.92   44.00   2       115.01       115.02
   813    813  173.92   46.00   2       115.08       115.04
   814    814  173.92   48.00   2       115.01       114.99
   815    815  173.92   50.00   2       114.95       114.96
   816    816  173.92   52.00   2       114.90       114.91
   817    817  173.92   54.00   2       114.87       114.91
   818    818  173.92   56.00   2       113.14       114.91
   819    819  173.92   58.00   2       114.96       114.96
   820    820  175.92    0.00   2       115.26       115.26
   821    821  175.92    2.00   2       115.36       115.31
   822    822  175.92    4.00   2       115.27       115.25
   823    823  175.92    6.00   2       115.20       115.21
   824    824  175.92    8.00   2       115.17       115.19
   825    825  175.92   10.00   2       116.33       115.96
   826    826  175.92   12.00   2       115.30       115.25
   827    827  175.92   14.00   2       115.18       115.18
   828    828  175.92   16.00   2       115.15       115.15
   829    829  175.92   18.00   2       115.14       115.15
   830    830  175.92   20.00   2       115.05       115.07
   831    831  175.92   22.00   2       117.61       115.23
   832    832  175.92   24.00   2       115.23       115.18
   833    833  175.92   26.00   2       115.26       115.19
   834    834  175.92   28.00   2       115.19       115.15
   835    835  175.92   30.00   2       115.11       115.10
   836    836  175.92   32.00   2       115.05       115.06
   837    837  175.92   34.00   2       114.99       115.03
   838    838  175.92   36.00   2       115.50       115.35
   839    839  175.92   38.00   2       115.16       115.11
   840    840  175.92   40.00   2       115.03       115.04
   841    841  175.92   42.00   2       115.13       115.08
   842    842  175.92   44.00   2       115.08       115.04
   843    843  175.92   46.00   2       114.97       114.98
   844    844  175.92   48.00   2       114.90       114.93
   845    845  175.92   50.00   2       114.89       114.93
   846    846  175.92   52.00   2       116.47       115.10
   847    847  175.92   54.00   2       115.13       115.07
   848    848  175.92   56.00   2       115.08       115.04
   850    850  177.92    0.00   2       115.32       115.29
   851    851  177.92    2.00   2       115.18       115.21
   852    852  177.92    4.00   2       117.25       115.33
   853    853  177.92    6.00   2       115.35       115.29
   854    854  177.92    8.00   2       115.17       115.20
   855    855  177.92   10.00   2       115.30       115.25
   856    856  177.92   12.00   2       115.23       115.21
   857    857  177.92   14.00   2       115.16       115.17
   858    858  177.92   16.00   2       115.10       115.13
   859    859  177.92   18.00   2       116.24       115.87
   860    860  177.92   20.00   2       115.25       115.19
   861    861  177.92   22.00   2       115.26       115.20
   862    862  177.92   24.00   2       115.24       115.19
   863    863  177.92   26.00   2       115.16       115.14
   864    864  177.92   28.00   2       115.06       115.07
   865    865  177.92   30.00   2       115.03       115.06
   866    866  177.92   32.00   2       114.99       115.02
   867    867  177.92   34.00   2       115.21       115.15
   868    868  177.92   36.00   2       115.06       115.07
   869    869  177.92   38.00   2       115.10       115.07
   870    870  177.92   40.00   2       114.99       115.01
   871    871  177.92   42.00   2       115.00       115.01
   872    872  177.92   44.00   2       117.20       115.13
   873    873  177.92   46.00   2       115.14       115.08
   874    874  177.92   48.00   2       115.14       115.09
   875    875  177.92   50.00   2       115.09       115.05
   876    876  177.92   52.00   2       115.00       115.00
   881    881  179.92    0.00   2       115.24       115.24
   882    882  179.92    2.00   2       115.17       115.19
   883    883  179.92    4.00   2       115.13       115.17
   884    884  179.92    6.00   2       115.29       115.25
   885    885  179.92    8.00   2       115.33       115.27
   886    886  179.92   10.00   2       115.23       115.23
   887    887  179.92   12.00   2       115.22       115.21
   888    888  179.92   14.00   2       115.10       115.13
   889    889  179.92   16.00   2       115.06       115.10
   890    890  179.92   18.00   2       115.08       115.11
   891    891  179.92   20.00   2       115.24       115.19
   892    892  179.92   22.00   2       115.08       115.11
   893    893  179.92   24.00   2       115.22       115.19
   894    894  179.92   26.00   2       115.16       115.12
   895    895  179.92   28.00   2       115.13       115.11
   896    896  179.92   30.00   2       115.07       115.07
   897    897  179.92   32.00   2       115.01       115.02
   898    898  179.92   34.00   2       114.98       114.99
   899    899  179.92   36.00   2       115.17       115.11
   900    900  179.92   38.00   2       115.20       115.11
   901    901  179.92   40.00   2       115.03       115.05
   902    902  179.92   42.00   2       115.15       115.10
   903    903  179.92   44.00   2       115.01       115.02
   904    904  179.92   46.00   2       115.01       115.02
   905    905  179.92   48.00   2       114.94       114.97
   913    913  181.92    0.00   2       115.26       115.24
   914    914  181.92    2.00   2       115.16       115.18
   915    915  181.92    4.00   2       115.17       115.19
   916    916  181.92    6.00   2       115.14       115.17
   917    917  181.92    8.00   2       115.09       115.14
   918    918  181.92   10.00   2       115.30       115.25
   919    919  181.92   12.00   2       115.19       115.20
   920    920  181.92   14.00   2       115.28       115.23
   921    921  181.92   16.00   2       115.26       115.20
   922    922  181.92   18.00   2       115.19       115.16
   923    923  181.92   20.00   2       115.04       115.07
   924    924  181.92   22.00   2       115.02       115.03
   925    925  181.92   24.00   2       115.69       115.49
   926    926  181.92   26.00   2       115.19       115.14
   927    927  181.92   28.00   2       115.04       115.06
   928    928  181.92   30.00   2       115.14       115.10
   929    929  181.92   32.00   2       115.10       115.09
   930    930  181.92   34.00   2       115.00       115.03
   931    931  181.92   36.00   2       114.97       115.01
   932    932  181.92   38.00   2       114.96       114.99
   933    933  181.92   40.00   2       117.79       115.14
   934    934  181.92   42.00   2       115.17       115.11
   935    935  181.92   44.00   2       115.03       115.04
   946    946  183.92    0.00   2       115.27       115.23
   947    947  183.92    2.00   2       115.24       115.20
   948    948  183.92    4.00   2       115.16       115.17
   949    949  183.92    6.00   2       115.08       115.11
   950    950  183.92    8.00   2       115.07       115.11
   951    951  183.92   10.00   2       115.28       115.22
   952    952  183.92   12.00   2       115.15       115.15
   953    953  183.92   14.00   2       115.20       115.17
   954    954  183.92   16.00   2       115.09       115.10
   955    955  183.92   18.00   2       115.05       115.08
   956    956  183.92   20.00   2       115.06       115.08
   957    957  183.92   22.00   2       115.25       115.18
   958    958  183.92   24.00   2       115.07       115.09
   959    959  183.92   26.00   2       115.22       115.15
   960    960  183.92   28.00   2       115.15       115.11
   961    961  183.92   30.00   2       115.06       115.07
   962    962  183.92   32.00   2       115.00       115.03
   963    963  183.92   34.00   2       114.94       114.99
   964    964  183.92   36.00   2       115.18       115.12
   965    965  183.92   38.00   2       115.07       115.07
   980    980  185.92    0.00   2       115.15       115.14
   981    981  185.92    2.00   2       115.13       115.13
   982    982  185.92    4.00   2       115.21       115.19
   983    983  185.92    6.00   2       115.06       115.10
   984    984  185.92    8.00   2       115.26       115.20
   985    985  185.92   10.00   2       115.09       115.12
   986    986  185.92   12.00   2       115.25       115.21
   987    987  185.92   14.00   2       115.11       115.12
   988    988  185.92   16.00   2       115.07       115.09
   989    989  185.92   18.00   2       115.06       115.08
   990    990  185.92   20.00   2       117.57       115.21
   991    991  185.92   22.00   2       115.23       115.16
   992    992  185.92   24.00   2       115.13       115.13
   993    993  185.92   26.00   2       115.16       115.12
   994    994  185.92   28.00   2       115.02       115.04
   995    995  185.92   30.00   2       114.95       115.00
   996    996  185.92   32.00   2       117.45       115.17
  1014   1014  187.92    0.00   2       115.15       115.13
  1015   1015  187.92    2.00   2       115.23       115.21
  1016   1016  187.92    4.00   2       115.23       115.21
  1017   1017  187.92    6.00   2       115.22       115.20
  1018   1018  187.92    8.00   2       115.18       115.18
  1019   1019  187.92   10.00   2       115.10       115.13
  1020   1020  187.92   12.00   2       115.12       115.13
  1021   1021  187.92   14.00   2       115.28       115.22
  1022   1022  187.92   16.00   2       115.14       115.16
  1023   1023  187.92   18.00   2       115.23       115.19
  1024   1024  187.92   20.00   2       115.18       115.15
  1025   1025  187.92   22.00   2       115.09       115.09
  1049   1049  189.92    0.00   2       115.20       115.19
  1050   1050  189.92    2.00   2       115.16       115.15
  1051   1051  189.92    4.00   2       115.22       115.19
# END: scan time was  13422.3134789  seconds
