# Sensor scan measurement of Sensor IR2
# Iin=    34.80 mA ,  Vin= 12137.00 mV, T=    18.74 C 
# scanRangeX 151.50 mm; scanRangeY  70.00 mm; stepSize   2.00 mm; initialOffset   4.00 mm; sensorX 195.50 mm; start position at (x|y)=(  0.00|  0.00) mm
# iStep, iStep, Pos x, Pos y, nMeas, Meas1 ... MeasN
     0      0    0.00    0.00   2       111.89       111.86
     1      1    0.00    2.00   2       111.79       111.80
     2      2    0.00    4.00   2       111.87       111.85
     3      3    0.00    6.00   2       111.78       111.81
     4      4    0.00    8.00   2       111.88       111.86
     5      5    0.00   10.00   2       111.78       111.80
     6      6    0.00   12.00   2       111.86       111.84
     7      7    0.00   14.00   2       111.77       111.79
     8      8    0.00   16.00   2       111.91       111.87
     9      9    0.00   18.00   2       111.78       111.80
    10     10    0.00   20.00   2       111.88       111.86
    11     11    0.00   22.00   2       111.72       111.75
    12     12    0.00    0.00   2       111.75       111.77
    13     13    0.00    2.00   2       111.82       111.82
    14     14    0.00    4.00   2       111.80       111.80
    15     15    0.00    6.00   2       111.84       111.84
    16     16    0.00    8.00   2       111.83       111.84
    17     17    0.00   10.00   2       111.83       111.81
    18     18    0.00   12.00   2       111.84       111.83
    19     19    0.00   14.00   2       111.83       111.84
    20     20    0.00   16.00   2       111.83       111.82
    21     21    0.00   18.00   2       111.81       111.82
    22     22    0.00   20.00   2       111.85       111.85
    23     23    0.00   22.00   2       111.84       111.83
    24     24    0.00   24.00   2       111.86       111.84
    25     25    0.00   26.00   2       111.82       111.83
    26     26    0.00   28.00   2       111.87       111.85
    27     27    0.00   30.00   2       111.79       111.81
    28     28    0.00   32.00   2       111.89       111.86
    29     29    0.00    0.00   2       111.78       111.80
    30     30    0.00    2.00   2       111.83       111.82
    31     31    0.00    4.00   2       111.74       111.77
    32     32    0.00    6.00   2       111.83       111.82
    33     33    0.00    8.00   2       111.85       111.84
    34     34    0.00   10.00   2       111.83       111.83
    35     35    0.00   12.00   2       111.85       111.84
    36     36    0.00   14.00   2       111.81       111.82
    37     37    0.00   16.00   2       111.84       111.82
    38     38    0.00   18.00   2       111.77       111.79
    39     39    0.00   20.00   2       111.83       111.81
    40     40    0.00   22.00   2       111.81       111.83
    41     41    0.00   24.00   2       111.82       111.82
    42     42    0.00   26.00   2       111.84       111.84
    43     43    0.00   28.00   2       111.81       111.82
    44     44    0.00   30.00   2       111.86       111.84
    45     45    0.00   32.00   2       111.77       111.79
    46     46    0.00   34.00   2       111.87       111.85
    47     47    0.00   36.00   2       111.75       111.77
    48     48    0.00   38.00   2       111.88       111.87
    49     49    0.00    0.00   2       111.86       111.84
    50     50    0.00    2.00   2       111.77       111.79
    51     51    0.00    4.00   2       111.86       111.84
    52     52    0.00    6.00   2       111.78       111.80
    53     53    0.00    8.00   2       111.89       111.86
    54     54    0.00   10.00   2       111.77       111.79
    55     55    0.00   12.00   2       111.92       111.88
    56     56    0.00   14.00   2       111.78       111.80
    57     57    0.00   16.00   2       111.89       111.87
    58     58    0.00   18.00   2       111.77       111.79
    59     59    0.00   20.00   2       111.84       111.82
    60     60    0.00   22.00   2       111.77       111.78
    61     61    0.00   24.00   2       111.85       111.83
    62     62    0.00   26.00   2       111.80       111.81
    63     63    0.00   28.00   2       111.84       111.83
    64     64    0.00   30.00   2       111.78       111.79
    65     65    0.00   32.00   2       111.82       111.81
    66     66    0.00   34.00   2       111.82       111.82
    67     67    0.00   36.00   2       111.83       111.83
    68     68    0.00   38.00   2       111.82       111.82
    69     69    0.00   40.00   2       111.80       111.81
    70     70    0.00   42.00   2       111.80       111.81
    71     71    0.00   44.00   2       111.79       111.81
    72     72    0.00    0.00   2       111.81       111.79
    73     73    0.00    2.00   2       111.81       111.82
    74     74    0.00    4.00   2       111.80       111.80
    75     75    0.00    6.00   2       111.88       111.86
    76     76    0.00    8.00   2       111.82       111.82
    77     77    0.00   10.00   2       111.84       111.83
    78     78    0.00   12.00   2       111.82       111.82
    79     79    0.00   14.00   2       111.85       111.85
    80     80    0.00   16.00   2       111.82       111.82
    81     81    0.00   18.00   2       114.74       112.62
    82     82    0.00   20.00   2       111.80       111.81
    83     83    0.00   22.00   2       111.86       111.85
    84     84    0.00   24.00   2       111.81       111.82
    85     85    0.00   26.00   2       111.85       111.85
    86     86    0.00   28.00   2       111.83       111.82
    87     87    0.00   30.00   2       111.87       111.86
    88     88    0.00   32.00   2       111.77       111.79
    89     89    0.00   34.00   2       111.86       111.84
    90     90    0.00   36.00   2       111.78       111.80
    91     91    0.00   38.00   2       111.87       111.85
    92     92    0.00   40.00   2       111.77       111.79
    93     93    0.00   42.00   2       111.84       111.82
    94     94    0.00   44.00   2       111.83       111.84
    95     95    0.00   46.00   2       111.83       111.82
    96     96    0.00   48.00   2       111.84       111.83
    97     97    0.00    0.00   2       111.86       111.84
    98     98    0.00    2.00   2       111.81       111.80
    99     99    0.00    4.00   2       111.85       111.85
   100    100    0.00    6.00   2       111.84       111.82
   101    101    0.00    8.00   2       111.83       111.82
   102    102    0.00   10.00   2       111.80       111.81
   103    103    0.00   12.00   2       111.80       111.82
   104    104    0.00   14.00   2       111.83       111.83
   105    105    0.00   16.00   2       111.76       111.78
   106    106    0.00   18.00   2       111.83       111.81
   107    107    0.00   20.00   2       111.89       111.86
   108    108    0.00   22.00   2       111.83       111.82
   109    109    0.00   24.00   2       111.92       111.89
   110    110    0.00   26.00   2       111.85       111.84
   111    111    0.00   28.00   2       111.79       111.81
   112    112    0.00   30.00   2       111.84       111.83
   113    113    0.00   32.00   2       111.85       111.84
   114    114    0.00   34.00   2       111.82       111.82
   115    115    0.00   36.00   2       111.80       111.81
   116    116    0.00   38.00   2       111.81       111.82
   117    117    0.00   40.00   2       111.86       111.84
   118    118    0.00   42.00   2       111.79       111.81
   119    119    0.00   44.00   2       111.86       111.84
   120    120    0.00   46.00   2       111.77       111.79
   121    121    0.00   48.00   2       111.88       111.85
   122    122    0.00   50.00   2       111.78       111.79
   123    123    0.00   52.00   2       111.87       111.85
   124    124    0.00    0.00   2       111.75       111.77
   125    125    0.00    2.00   2       111.82       111.83
   126    126    0.00    4.00   2       111.83       111.83
   127    127    0.00    6.00   2       111.84       111.85
   128    128    0.00    8.00   2       111.83       111.83
   129    129    0.00   10.00   2       111.84       111.83
   130    130    0.00   12.00   2       111.81       111.82
   131    131    0.00   14.00   2       111.85       111.83
   132    132    0.00   16.00   2       111.82       111.83
   133    133    0.00   18.00   2       111.85       111.83
   134    134    0.00   20.00   2       111.84       111.85
   135    135    0.00   22.00   2       111.86       111.84
   136    136    0.00   24.00   2       111.84       111.84
   137    137    0.00   26.00   2       111.84       111.83
   138    138    0.00   28.00   2       111.80       111.81
   139    139    0.00   30.00   2       111.81       111.81
   140    140    0.00   32.00   2       111.77       111.79
   141    141    0.00   34.00   2       111.82       111.82
   142    142    0.00   36.00   2       111.82       111.83
   143    143    0.00   38.00   2       111.81       111.81
   144    144    0.00   40.00   2       111.87       111.85
   145    145    0.00   42.00   2       111.83       111.84
   146    146    0.00   44.00   2       111.89       111.87
   147    147    0.00   46.00   2       111.78       111.80
   148    148    0.00   48.00   2       111.86       111.84
   149    149    0.00   50.00   2       111.78       111.80
   150    150    0.00   52.00   2       111.87       111.86
   151    151    0.00   54.00   2       111.80       111.82
   152    152    0.00    0.00   2       111.82       111.81
   153    153    0.00    2.00   2       111.84       111.84
   154    154    0.00    4.00   2       111.86       111.84
   155    155    0.00    6.00   2       111.83       111.83
   156    156    0.00    8.00   2       111.86       111.84
   157    157    0.00   10.00   2       111.83       111.83
   158    158    0.00   12.00   2       111.83       111.83
   159    159    0.00   14.00   2       111.80       111.81
   160    160    0.00   16.00   2       111.78       111.80
   161    161    0.00   18.00   2       111.83       111.83
   162    162    0.00   20.00   2       111.78       111.80
   163    163    0.00   22.00   2       111.89       111.85
   164    164    0.00   24.00   2       111.78       111.80
   165    165    0.00   26.00   2       111.89       111.86
   166    166    0.00   28.00   2       111.77       111.79
   167    167    0.00   30.00   2       111.89       111.85
   168    168    0.00   32.00   2       111.78       111.80
   169    169    0.00   34.00   2       111.85       111.83
   170    170    0.00   36.00   2       111.75       111.78
   171    171    0.00   38.00   2       111.85       111.83
   172    172    0.00   40.00   2       111.78       111.79
   173    173    0.00   42.00   2       111.83       111.82
   174    174    0.00   44.00   2       111.87       111.86
   175    175    0.00   46.00   2       111.80       111.82
   176    176    0.00   48.00   2       111.85       111.84
   177    177    0.00   50.00   2       111.81       111.83
   178    178    0.00   52.00   2       111.86       111.84
   179    179    0.00   54.00   2       111.76       111.78
   180    180    0.00   56.00   2       111.88       111.85
   181    181    0.00   58.00   2       111.76       111.78
   182    182    0.00    0.00   2       111.80       111.81
   183    183    0.00    2.00   2       111.84       111.82
   184    184    0.00    4.00   2       111.83       111.83
   185    185    0.00    6.00   2       111.80       111.81
   186    186    0.00    8.00   2       111.82       111.82
   187    187    0.00   10.00   2       111.83       111.82
   188    188    0.00   12.00   2       111.80       111.81
   189    189    0.00   14.00   2       111.79       111.80
   190    190    0.00   16.00   2       111.82       111.82
   191    191    0.00   18.00   2       111.79       111.81
   192    192    0.00   20.00   2       111.84       111.84
   193    193    0.00   22.00   2       111.74       111.78
   194    194    0.00   24.00   2       111.84       111.83
   195    195    0.00   26.00   2       111.73       111.77
   196    196    0.00   28.00   2       111.87       111.84
   197    197    0.00   30.00   2       111.79       111.80
   198    198    0.00   32.00   2       111.84       111.84
   199    199    0.00   34.00   2       111.70       111.75
   200    200    0.00   36.00   2       111.83       111.83
   201    201    0.00   38.00   2       111.85       111.84
   202    202    0.00   40.00   2       111.79       111.80
   203    203    0.00   42.00   2       111.84       111.83
   204    204    0.00   44.00   2       111.78       111.79
   205    205    0.00   46.00   2       111.85       111.84
   206    206    0.00   48.00   2       111.81       111.82
   207    207    0.00   50.00   2       111.86       111.85
   208    208    0.00   52.00   2       111.83       111.83
   209    209    0.00   54.00   2       111.81       111.81
   210    210    0.00   56.00   2       111.82       111.83
   211    211    0.00   58.00   2       111.86       111.85
   212    212    0.00   60.00   2       111.79       111.81
   213    213    0.00    0.00   2       112.72       112.41
   214    214    0.00    2.00   2       111.90       111.87
   215    215    0.00    4.00   2       111.83       111.82
   216    216    0.00    6.00   2       111.85       111.85
   217    217    0.00    8.00   2       111.83       111.84
   218    218    0.00   10.00   2       111.86       111.86
   219    219    0.00   12.00   2       111.82       111.82
   220    220    0.00   14.00   2       111.82       111.83
   221    221    0.00   16.00   2       111.84       111.84
   222    222    0.00   18.00   2       111.82       111.82
   223    223    0.00   20.00   2       111.78       111.80
   224    224    0.00   22.00   2       111.87       111.84
   225    225    0.00   24.00   2       111.80       111.82
   226    226    0.00   26.00   2       111.84       111.83
   227    227    0.00   28.00   2       111.78       111.80
   228    228    0.00   30.00   2       111.83       111.82
   229    229    0.00   32.00   2       111.85       111.83
   230    230    0.00   34.00   2       111.80       111.80
   231    231    0.00   36.00   2       111.81       111.82
   232    232    0.00   38.00   2       111.82       111.82
   233    233    0.00   40.00   2       111.86       111.85
   234    234    0.00   42.00   2       111.81       111.82
   235    235    0.00   44.00   2       111.84       111.83
   236    236    0.00   46.00   2       111.80       111.81
   237    237    0.00   48.00   2       111.87       111.84
   238    238    0.00   50.00   2       111.83       111.83
   239    239    0.00   52.00   2       111.85       111.83
   240    240    0.00   54.00   2       111.81       111.81
   241    241    0.00   56.00   2       111.85       111.83
   242    242    0.00   58.00   2       111.80       111.82
   243    243    0.00   60.00   2       111.87       111.86
   244    244    0.00   62.00   2       111.80       111.82
   245    245    0.00    0.00   2       111.80       111.81
   246    246    0.00    2.00   2       111.86       111.85
   247    247    0.00    4.00   2       111.81       111.82
   248    248    0.00    6.00   2       111.85       111.85
   249    249    0.00    8.00   2       111.82       111.83
   250    250    0.00   10.00   2       111.84       111.82
   251    251    0.00   12.00   2       111.78       111.80
   252    252    0.00   14.00   2       111.85       111.82
   253    253    0.00   16.00   2       111.84       111.84
   254    254    0.00   18.00   2       111.84       111.82
   255    255    0.00   20.00   2       111.87       111.86
   256    256    0.00   22.00   2       111.81       111.81
   257    257    0.00   24.00   2       113.47       111.73
   258    258    0.00   26.00   2       111.75       111.78
   259    259    0.00   28.00   2       111.84       111.83
   260    260    0.00   30.00   2       111.80       111.82
   261    261    0.00   32.00   2       111.85       111.84
   262    262    0.00   34.00   2       111.80       111.82
   263    263    0.00   36.00   2       111.88       111.85
   264    264    0.00   38.00   2       111.79       111.80
   265    265    0.00   40.00   2       111.87       111.85
   266    266    0.00   42.00   2       111.78       111.80
   267    267    0.00   44.00   2       111.86       111.84
   268    268    0.00   46.00   2       111.78       111.80
   269    269    0.00   48.00   2       111.82       111.82
   270    270    0.00   50.00   2       111.76       111.78
   271    271    0.00   52.00   2       111.84       111.83
   272    272    0.00   54.00   2       111.85       111.84
   273    273    0.00   56.00   2       111.82       111.81
   274    274    0.00   58.00   2       111.81       111.81
   275    275    0.00   60.00   2       111.81       111.82
   276    276    0.00   62.00   2       111.81       111.82
   277    277    0.00   64.00   2       111.76       111.78
   278    278    0.00    0.00   2       111.81       111.82
   279    279    0.00    2.00   2       111.84       111.84
   280    280    0.00    4.00   2       111.82       111.83
   281    281    0.00    6.00   2       111.82       111.82
   282    282    0.00    8.00   2       111.81       111.83
   283    283    0.00   10.00   2       111.82       111.82
   284    284    0.00   12.00   2       111.77       111.79
   285    285    0.00   14.00   2       111.87       111.85
   286    286    0.00   16.00   2       111.76       111.78
   287    287    0.00   18.00   2       111.82       111.82
   288    288    0.00   20.00   2       111.81       111.81
   289    289    0.00   22.00   2       111.82       111.82
   290    290    0.00   24.00   2       111.91       111.88
   291    291    0.00   26.00   2       111.80       111.81
   292    292    0.00   28.00   2       111.75       111.77
   293    293    0.00   30.00   2       111.82       111.82
   294    294    0.00   32.00   2       111.85       111.85
   295    295    0.00   34.00   2       111.82       111.82
   296    296    0.00   36.00   2       111.84       111.83
   297    297    0.00   38.00   2       111.82       111.83
   298    298    0.00   40.00   2       111.83       111.84
   299    299    0.00   42.00   2       111.82       111.82
   300    300    0.00   44.00   2       111.85       111.84
   301    301    0.00   46.00   2       111.80       111.81
   302    302    0.00   48.00   2       111.82       111.82
   303    303    0.00   50.00   2       111.82       111.83
   304    304    0.00   52.00   2       111.86       111.83
   305    305    0.00   54.00   2       111.80       111.82
   306    306    0.00   56.00   2       111.85       111.84
   307    307    0.00   58.00   2       111.78       111.80
   308    308    0.00   60.00   2       111.85       111.82
   309    309    0.00   62.00   2       111.82       111.83
   310    310    0.00   64.00   2       111.85       111.84
   311    311    0.00   66.00   2       111.86       111.84
   312    312    0.00    0.00   2       111.91       111.88
   313    313    0.00    2.00   2       111.75       111.78
   314    314    0.00    4.00   2       111.83       111.82
   315    315    0.00    6.00   2       111.75       111.78
   316    316    0.00    8.00   2       111.85       111.83
   317    317    0.00   10.00   2       111.84       111.84
   318    318    0.00   12.00   2       111.85       111.84
   319    319    0.00   14.00   2       111.89       111.87
   320    320    0.00   16.00   2       111.81       111.82
   321    321    0.00   18.00   2       111.85       111.84
   322    322    0.00   20.00   2       111.84       111.85
   323    323    0.00   22.00   2       111.85       111.84
   324    324    0.00   24.00   2       111.81       111.81
   325    325    0.00   26.00   2       111.83       111.83
   326    326    0.00   28.00   2       111.82       111.84
   327    327    0.00   30.00   2       111.87       111.84
   328    328    0.00   32.00   2       111.77       111.79
   329    329    0.00   34.00   2       111.86       111.85
   330    330    0.00   36.00   2       111.76       111.78
   331    331    0.00   38.00   2       111.87       111.84
   332    332    0.00   40.00   2       111.77       111.79
   333    333    0.00   42.00   2       111.87       111.85
   334    334    0.00   44.00   2       111.71       111.76
   335    335    0.00   46.00   2       111.85       111.83
   336    336    0.00   48.00   2       111.85       111.84
   337    337    0.00   50.00   2       111.83       111.83
   338    338    0.00   52.00   2       111.87       111.86
   339    339    0.00   54.00   2       111.82       111.82
   340    340    0.00   56.00   2       111.87       111.85
   341    341    0.00   58.00   2       111.79       111.81
   342    342    0.00   60.00   2       111.87       111.85
   343    343    0.00   62.00   2       111.79       111.82
   344    344    0.00   64.00   2       111.81       111.81
   345    345    0.00   66.00   2       111.84       111.82
   346    346    0.00    0.00   2       111.89       111.86
   347    347    0.00    2.00   2       111.84       111.84
   348    348    0.00    4.00   2       111.88       111.86
   349    349    0.00    6.00   2       111.83       111.83
   350    350    0.00    8.00   2       111.86       111.84
   351    351    0.00   10.00   2       111.84       111.84
   352    352    0.00   12.00   2       111.86       111.84
   353    353    0.00   14.00   2       111.83       111.83
   354    354    0.00   16.00   2       111.84       111.83
   355    355    0.00   18.00   2       111.79       111.81
   356    356    0.00   20.00   2       111.84       111.82
   357    357    0.00   22.00   2       111.79       111.80
   358    358    0.00   24.00   2       111.84       111.82
   359    359    0.00   26.00   2       111.83       111.84
   360    360    0.00   28.00   2       111.83       111.82
   361    361    0.00   30.00   2       111.87       111.84
   362    362    0.00   32.00   2       111.84       111.83
   363    363    0.00   34.00   2       111.83       111.82
   364    364    0.00   36.00   2       111.80       111.81
   365    365    0.00   38.00   2       111.85       111.84
   366    366    0.00   40.00   2       111.80       111.81
   367    367    0.00   42.00   2       111.84       111.83
   368    368    0.00   44.00   2       111.77       111.79
   369    369    0.00   46.00   2       111.89       111.87
   370    370    0.00   48.00   2       111.80       111.81
   371    371    0.00   50.00   2       111.87       111.85
   372    372    0.00   52.00   2       111.77       111.80
   373    373    0.00   54.00   2       111.82       111.81
   374    374    0.00   56.00   2       111.76       111.78
   375    375    0.00   58.00   2       111.88       111.86
   376    376    0.00   60.00   2       111.76       111.78
   377    377    0.00   62.00   2       111.85       111.83
   378    378    0.00   64.00   2       111.83       111.84
   379    379    0.00   66.00   2       111.82       111.83
   380    380    0.00   68.00   2       111.84       111.83
   381    381    0.00    0.00   2       111.85       111.85
   382    382    0.00    2.00   2       111.87       111.85
   383    383    0.00    4.00   2       113.23       111.71
   384    384    0.00    6.00   2       111.82       111.83
   385    385    0.00    8.00   2       111.85       111.84
   386    386    0.00   10.00   2       111.83       111.84
   387    387    0.00   12.00   2       111.87       111.86
   388    388    0.00   14.00   2       111.82       111.83
   389    389    0.00   16.00   2       111.88       111.86
   390    390    0.00   18.00   2       111.81       111.83
   391    391    0.00   20.00   2       111.85       111.85
   392    392    0.00   22.00   2       111.79       111.81
   393    393    0.00   24.00   2       111.84       111.82
   394    394    0.00   26.00   2       111.82       111.83
   395    395    0.00   28.00   2       111.84       111.84
   396    396    0.00   30.00   2       111.89       111.87
   397    397    0.00   32.00   2       111.80       111.81
   398    398    0.00   34.00   2       111.87       111.85
   399    399    0.00   36.00   2       111.79       111.80
   400    400    0.00   38.00   2       111.85       111.83
   401    401    0.00   40.00   2       111.78       111.80
   402    402    0.00   42.00   2       111.86       111.85
   403    403    0.00   44.00   2       111.78       111.80
   404    404    0.00   46.00   2       111.85       111.83
   405    405    0.00   48.00   2       111.81       111.83
   406    406    0.00   50.00   2       111.86       111.86
   407    407    0.00   52.00   2       111.80       111.82
   408    408    0.00   54.00   2       111.90       111.88
   409    409    0.00   56.00   2       111.78       111.80
   410    410    0.00   58.00   2       111.84       111.83
   411    411    0.00   60.00   2       111.79       111.80
   412    412    0.00   62.00   2       111.87       111.85
   413    413    0.00   64.00   2       111.78       111.80
   414    414    0.00   66.00   2       111.86       111.84
   415    415    0.00   68.00   2       111.75       111.78
   416    416    0.00    0.00   2       111.93       111.90
   417    417    0.00    2.00   2       111.89       111.86
   418    418    0.00    4.00   2       111.77       111.79
   419    419    0.00    6.00   2       111.89       111.85
   420    420    0.00    8.00   2       111.77       111.80
   421    421    0.00   10.00   2       111.89       111.86
   422    422    0.00   12.00   2       111.76       111.78
   423    423    0.00   14.00   2       111.85       111.85
   424    424    0.00   16.00   2       113.67       111.77
   425    425    0.00   18.00   2       112.07       112.00
   426    426    0.00   20.00   2       111.84       111.84
   427    427    0.00   22.00   2       111.80       111.82
   428    428    0.00   24.00   2       111.85       111.84
   429    429    0.00   26.00   2       111.79       111.81
   430    430    0.00   28.00   2       111.86       111.85
   431    431    0.00   30.00   2       111.78       111.80
   432    432    0.00   32.00   2       111.86       111.83
   433    433    0.00   34.00   2       111.84       111.84
   434    434    0.00   36.00   2       111.83       111.82
   435    435    0.00   38.00   2       111.81       111.83
   436    436    0.00   40.00   2       111.84       111.84
   437    437    0.00   42.00   2       111.85       111.84
   438    438    0.00   44.00   2       111.84       111.83
   439    439    0.00   46.00   2       111.83       111.83
   440    440    0.00   48.00   2       111.82       111.82
   441    441    0.00   50.00   2       111.85       111.84
   442    442    0.00   52.00   2       111.83       111.84
   443    443    0.00   54.00   2       111.84       111.84
   444    444    0.00   56.00   2       111.86       111.84
   445    445    0.00   58.00   2       111.81       111.83
   446    446    0.00   60.00   2       111.85       111.84
   447    447    0.00   62.00   2       111.76       111.78
   448    448    0.00   64.00   2       111.85       111.85
   449    449    0.00   66.00   2       111.85       111.85
   450    450    0.00   68.00   2       111.73       111.76
   451    451    0.00    0.00   2       111.84       111.82
   452    452    0.00    2.00   2       111.84       111.83
   453    453    0.00    4.00   2       111.84       111.83
   454    454    0.00    6.00   2       111.85       111.84
   455    455    0.00    8.00   2       111.78       111.80
   456    456    0.00   10.00   2       111.82       111.83
   457    457    0.00   12.00   2       111.91       111.88
   458    458    0.00   14.00   2       111.76       111.78
   459    459    0.00   16.00   2       111.83       111.82
   460    460    0.00   18.00   2       111.83       111.84
   461    461    0.00   20.00   2       111.83       111.83
   462    462    0.00   22.00   2       111.82       111.81
   463    463    0.00   24.00   2       111.75       111.77
   464    464    0.00   26.00   2       111.78       111.79
   465    465    0.00   28.00   2       111.78       111.80
   466    466    0.00   30.00   2       111.77       111.79
   467    467    0.00   32.00   2       111.76       111.78
   468    468    0.00   34.00   2       111.76       111.78
   469    469    0.00   36.00   2       111.82       111.82
   470    470    0.00   38.00   2       111.86       111.85
   471    471    0.00   40.00   2       111.83       111.83
   472    472    0.00   42.00   2       111.84       111.83
   473    473    0.00   44.00   2       111.79       111.80
   474    474    0.00   46.00   2       111.84       111.83
   475    475    0.00   48.00   2       111.84       111.83
   476    476    0.00   50.00   2       111.80       111.81
   477    477    0.00   52.00   2       111.84       111.83
   478    478    0.00   54.00   2       111.77       111.79
   479    479    0.00   56.00   2       111.88       111.84
   480    480    0.00   58.00   2       113.69       111.76
   481    481    0.00   60.00   2       111.90       111.87
   482    482    0.00   62.00   2       111.83       111.82
   483    483    0.00   64.00   2       111.82       111.82
   484    484    0.00   66.00   2       111.79       111.81
   485    485    0.00   68.00   2       111.79       111.80
   486    486    0.00    0.00   2       111.84       111.83
   487    487    0.00    2.00   2       111.81       111.82
   488    488    0.00    4.00   2       111.82       111.81
   489    489    0.00    6.00   2       111.83       111.82
   490    490    0.00    8.00   2       111.78       111.80
   491    491    0.00   10.00   2       111.81       111.81
   492    492    0.00   12.00   2       111.82       111.82
   493    493    0.00   14.00   2       111.75       111.78
   494    494    0.00   16.00   2       111.87       111.85
   495    495    0.00   18.00   2       113.62       111.73
   496    496    0.00   20.00   2       111.85       111.83
   497    497    0.00   22.00   2       111.73       111.77
   498    498    0.00   24.00   2       111.80       111.81
   499    499    0.00   26.00   2       111.84       111.84
   500    500    0.00   28.00   2       111.84       111.84
   501    501    0.00   30.00   2       111.76       111.79
   502    502    0.00   32.00   2       111.84       111.84
   503    503    0.00   34.00   2       111.85       111.83
   504    504    0.00   36.00   2       111.76       111.79
   505    505    0.00   38.00   2       111.80       111.81
   506    506    0.00   40.00   2       111.85       111.83
   507    507    0.00   42.00   2       111.81       111.82
   508    508    0.00   44.00   2       111.85       111.84
   509    509    0.00   46.00   2       111.85       111.84
   510    510    0.00   48.00   2       111.79       111.80
   511    511    0.00   50.00   2       111.84       111.82
   512    512    0.00   52.00   2       111.89       111.87
   513    513    0.00   54.00   2       111.82       111.82
   514    514    0.00   56.00   2       111.88       111.86
   515    515    0.00   58.00   2       111.75       111.78
   516    516    0.00   60.00   2       111.82       111.82
   517    517    0.00   62.00   2       111.85       111.84
   518    518    0.00   64.00   2       111.77       111.79
   519    519    0.00   66.00   2       111.83       111.83
   520    520    0.00   68.00   2       111.82       111.83
   521    521    0.00    0.00   2       111.88       111.85
   522    522    0.00    2.00   2       112.97       111.74
   523    523    0.00    4.00   2       111.82       111.83
   524    524    0.00    6.00   2       111.82       111.81
   525    525    0.00    8.00   2       111.85       111.85
   526    526    0.00   10.00   2       111.75       111.78
   527    527    0.00   12.00   2       111.84       111.84
   528    528    0.00   14.00   2       111.87       111.85
   529    529    0.00   16.00   2       111.83       111.82
   530    530    0.00   18.00   2       111.84       111.83
   531    531    0.00   20.00   2       111.70       111.74
   532    532    0.00   22.00   2       111.84       111.84
   533    533    0.00   24.00   2       111.87       111.86
   534    534    0.00   26.00   2       111.77       111.79
   535    535    0.00   28.00   2       111.80       111.80
   536    536    0.00   30.00   2       111.89       111.87
   537    537    0.00   32.00   2       111.76       111.78
   538    538    0.00   34.00   2       111.84       111.83
   539    539    0.00   36.00   2       113.38       111.71
   540    540    0.00   38.00   2       111.82       111.83
   541    541    0.00   40.00   2       111.84       111.83
   542    542    0.00   42.00   2       111.79       111.80
   543    543    0.00   44.00   2       111.76       111.78
   544    544    0.00   46.00   2       111.78       111.80
   545    545    0.00   48.00   2       111.84       111.84
   546    546    0.00   50.00   2       111.87       111.85
   547    547    0.00   52.00   2       113.56       111.75
   548    548    0.00   54.00   2       112.04       111.96
   549    549    0.00   56.00   2       111.88       111.85
   550    550    0.00   58.00   2       111.75       111.78
   551    551    0.00   60.00   2       111.87       111.85
   552    552    0.00   62.00   2       111.76       111.78
   553    553    0.00   64.00   2       111.86       111.85
   554    554    0.00   66.00   2       111.85       111.84
   555    555    0.00   68.00   2       111.79       111.80
   556    556    0.00    0.00   2       111.84       111.83
   557    557    0.00    2.00   2       111.83       111.82
   558    558    0.00    4.00   2       111.85       111.84
   559    559    0.00    6.00   2       111.76       111.78
   560    560    0.00    8.00   2       111.84       111.84
   561    561    0.00   10.00   2       111.83       111.84
   562    562    0.00   12.00   2       111.81       111.82
   563    563    0.00   14.00   2       111.87       111.86
   564    564    0.00   16.00   2       111.79       111.81
   565    565    0.00   18.00   2       111.87       111.85
   566    566    0.00   20.00   2       111.75       111.77
   567    567    0.00   22.00   2       111.85       111.84
   568    568    0.00   24.00   2       111.84       111.83
   569    569    0.00   26.00   2       111.77       111.79
   570    570    0.00   28.00   2       111.83       111.82
   571    571    0.00   30.00   2       111.77       111.78
   572    572    0.00   32.00   2       111.82       111.82
   573    573    0.00   34.00   2       111.83       111.83
   574    574    0.00   36.00   2       111.75       111.78
   575    575    0.00   38.00   2       111.82       111.81
   576    576    0.00   40.00   2       111.87       111.86
   577    577    0.00   42.00   2       111.80       111.81
   578    578    0.00   44.00   2       111.83       111.83
   579    579    0.00   46.00   2       111.73       111.76
   580    580    0.00   48.00   2       111.81       111.81
   581    581    0.00   50.00   2       111.81       111.82
   582    582    0.00   52.00   2       111.80       111.81
   583    583    0.00   54.00   2       111.88       111.85
   584    584    0.00   56.00   2       111.71       111.74
   585    585    0.00   58.00   2       111.82       111.82
   586    586    0.00   60.00   2       111.84       111.82
   587    587    0.00   62.00   2       111.77       111.79
   588    588    0.00   64.00   2       111.84       111.82
   589    589    0.00   66.00   2       111.79       111.80
   590    590    0.00   68.00   2       111.79       111.80
   591    591    0.00    0.00   2       111.84       111.84
   592    592    0.00    2.00   2       111.78       111.80
   593    593    0.00    4.00   2       111.82       111.82
   594    594    0.00    6.00   2       111.76       111.79
   595    595    0.00    8.00   2       111.83       111.82
   596    596    0.00   10.00   2       111.80       111.80
   597    597    0.00   12.00   2       111.79       111.80
   598    598    0.00   14.00   2       111.83       111.81
   599    599    0.00   16.00   2       111.86       111.85
   600    600    0.00   18.00   2       111.82       111.83
   601    601    0.00   20.00   2       111.87       111.85
   602    602    0.00   22.00   2       111.78       111.80
   603    603    0.00   24.00   2       111.85       111.83
   604    604    0.00   26.00   2       111.76       111.78
   605    605    0.00   28.00   2       111.84       111.82
   606    606    0.00   30.00   2       111.85       111.84
   607    607    0.00   32.00   2       111.82       111.83
   608    608    0.00   34.00   2       111.84       111.83
   609    609    0.00   36.00   2       111.75       111.77
   610    610    0.00   38.00   2       111.83       111.82
   611    611    0.00   40.00   2       111.87       111.86
   612    612    0.00   42.00   2       111.80       111.81
   613    613    0.00   44.00   2       111.92       111.89
   614    614    0.00   46.00   2       111.80       111.79
   615    615    0.00   48.00   2       111.86       111.84
   616    616    0.00   50.00   2       111.81       111.81
   617    617    0.00   52.00   2       111.80       111.81
   618    618    0.00   54.00   2       111.80       111.81
   619    619    0.00   56.00   2       111.74       111.77
   620    620    0.00   58.00   2       111.86       111.84
   621    621    0.00   60.00   2       112.67       112.31
   622    622    0.00   62.00   2       111.86       111.85
   623    623    0.00   64.00   2       111.84       111.82
   624    624    0.00   66.00   2       111.83       111.83
   625    625    0.00   68.00   2       111.78       111.79
