# Sensor scan measurement of Sensor IR779
# Iin=    34.78 mA ,  Vin= 12138.20 mV, T=    18.68 C 
# scanRangeX 151.50 mm; scanRangeY  70.00 mm; stepSize   2.00 mm; initialOffset   4.00 mm; sensorX 236.50 mm; start position at (x|y)=(119.92|  0.00) mm
# iStep, iStep, Pos x, Pos y, nMeas, Meas1 ... MeasN
  1259   1259  201.92    0.00   2       115.20       115.18
  1260   1260  201.92    2.00   2       115.25       115.24
  1261   1261  201.92    4.00   2       115.27       115.25
  1262   1262  201.92    6.00   2       115.24       115.22
  1263   1263  201.92    8.00   2       115.22       115.19
  1264   1264  201.92   10.00   2       115.21       115.19
  1315   1315  203.92   24.00   2       115.27       115.22
  1316   1316  203.92   22.00   2       115.11       115.11
  1317   1317  203.92   20.00   2       115.14       115.16
  1318   1318  203.92   18.00   2       115.09       115.12
  1319   1319  203.92   16.00   2       115.30       115.24
  1320   1320  203.92   14.00   2       115.09       115.11
  1321   1321  203.92   12.00   2       115.25       115.23
  1322   1322  203.92   10.00   2       115.14       115.17
  1323   1323  203.92    8.00   2       115.15       115.17
  1324   1324  203.92    6.00   2       115.19       115.21
  1325   1325  203.92    4.00   2       115.30       115.29
  1326   1326  203.92    2.00   2       115.24       115.22
  1327   1327  203.92    0.00   2       115.33       115.27
  1328   1328  205.92    0.00   2       175.15       175.27
  1329   1329  205.92    2.00   2       161.84       161.79
  1330   1330  205.92    4.00   2       144.87       144.80
  1331   1331  205.92    6.00   2       130.15       130.14
  1332   1332  205.92    8.00   2       120.06       120.08
  1333   1333  205.92   10.00   2       115.61       115.63
  1334   1334  205.92   12.00   2       115.53       115.49
  1335   1335  205.92   14.00   2       115.23       115.26
  1336   1336  205.92   16.00   2       115.30       115.29
  1337   1337  205.92   18.00   2       115.23       115.25
  1338   1338  205.92   20.00   2       115.25       115.24
  1339   1339  205.92   22.00   2       115.18       115.20
  1340   1340  205.92   24.00   2       115.18       115.19
  1341   1341  205.92   26.00   2       115.16       115.17
  1342   1342  205.92   28.00   2       115.12       115.14
  1343   1343  205.92   30.00   2       115.17       115.17
  1344   1344  205.92   32.00   2       115.08       115.11
  1345   1345  205.92   34.00   2       115.25       115.20
  1374   1374  207.92   40.00   2       115.10       115.13
  1375   1375  207.92   38.00   2       115.13       115.14
  1376   1376  207.92   36.00   2       115.14       115.16
  1377   1377  207.92   34.00   2       115.21       115.21
  1378   1378  207.92   32.00   2       115.21       115.24
  1379   1379  207.92   30.00   2       115.27       115.30
  1380   1380  207.92   28.00   2       115.65       115.67
  1381   1381  207.92   26.00   2       125.44       125.48
  1382   1382  207.92   24.00   2       152.74       152.80
  1383   1383  207.92   22.00   2       203.52       203.71
  1384   1384  207.92   20.00   2       274.92       276.27
  1385   1385  207.92   18.00   2       365.77       365.92
  1386   1386  207.92   16.00   2       467.03       468.60
  1387   1387  207.92   14.00   2       585.41       586.64
  1388   1388  207.92   12.00   2       714.29       716.85
  1389   1389  207.92   10.00   2       842.20       843.85
  1390   1390  207.92    8.00   2       939.66       940.94
  1391   1391  207.92    6.00   2      1012.62      1012.86
  1392   1392  207.92    4.00   2      1073.34      1073.52
  1393   1393  207.92    2.00   2      1125.76      1125.77
  1394   1394  207.92    0.00   2      1172.00      1172.05
  1395   1395  209.92    0.00   2      1574.85      1574.97
  1396   1396  209.92    2.00   2      1518.42      1518.37
  1397   1397  209.92    4.00   2      1458.51      1458.54
  1398   1398  209.92    6.00   2      1398.33      1398.35
  1399   1399  209.92    8.00   2      1337.91      1337.88
  1400   1400  209.92   10.00   2      1277.85      1277.80
  1401   1401  209.92   12.00   2      1217.32      1217.29
  1402   1402  209.92   14.00   2      1156.76      1156.67
  1403   1403  209.92   16.00   2      1093.30      1093.19
  1404   1404  209.92   18.00   2      1025.17      1025.04
  1405   1405  209.92   20.00   2       947.14       946.93
  1406   1406  209.92   22.00   2       850.94       849.64
  1407   1407  209.92   24.00   2       718.23       717.01
  1408   1408  209.92   26.00   2       581.31       578.71
  1409   1409  209.92   28.00   2       455.81       454.70
  1410   1410  209.92   30.00   2       345.14       344.89
  1411   1411  209.92   32.00   2       253.91       252.56
  1412   1412  209.92   34.00   2       183.38       183.11
  1413   1413  209.92   36.00   2       139.39       139.19
  1414   1414  209.92   38.00   2       119.63       119.62
  1415   1415  209.92   40.00   2       115.64       115.64
  1416   1416  209.92   42.00   2       115.39       115.41
  1417   1417  209.92   44.00   2       115.34       115.34
  1433   1433  211.92   48.00   2       116.29       116.04
  1434   1434  211.92   46.00   2       119.09       119.09
  1435   1435  211.92   44.00   2       135.16       135.20
  1436   1436  211.92   42.00   2       171.03       171.21
  1437   1437  211.92   40.00   2       229.41       229.60
  1438   1438  211.92   38.00   2       308.79       309.90
  1439   1439  211.92   36.00   2       407.94       409.09
  1440   1440  211.92   34.00   2       522.30       523.52
  1441   1441  211.92   32.00   2       651.79       654.23
  1442   1442  211.92   30.00   2       793.89       795.14
  1443   1443  211.92   28.00   2       916.05       917.40
  1444   1444  211.92   26.00   2      1004.78      1005.09
  1445   1445  211.92   24.00   2      1079.26      1079.41
  1446   1446  211.92   22.00   2      1146.57      1146.70
  1447   1447  211.92   20.00   2      1210.63      1210.74
  1448   1448  211.92   18.00   2      1273.67      1273.75
  1449   1449  211.92   16.00   2      1336.92      1336.97
  1450   1450  211.92   14.00   2      1401.14      1401.23
  1451   1451  211.92   12.00   2      1468.31      1468.38
  1452   1452  211.92   10.00   2      1537.19      1537.25
  1453   1453  211.92    8.00   2      1608.67      1608.76
  1454   1454  211.92    6.00   2      1683.80      1683.87
  1455   1455  211.92    4.00   2      1760.68      1760.70
  1456   1456  211.92    2.00   2      1839.51      1839.57
  1457   1457  211.92    0.00   2      1918.26      1918.37
  1458   1458  213.92    0.00   2      2224.02      2224.20
  1459   1459  213.92    2.00   2      2132.17      2132.24
  1460   1460  213.92    4.00   2      2037.27      2037.26
  1461   1461  213.92    6.00   2      1943.64      1943.57
  1462   1462  213.92    8.00   2      1853.10      1853.06
  1463   1463  213.92   10.00   2      1766.81      1766.79
  1464   1464  213.92   12.00   2      1685.22      1685.20
  1465   1465  213.92   14.00   2      1607.95      1607.84
  1466   1466  213.92   16.00   2      1534.74      1534.68
  1467   1467  213.92   18.00   2      1465.12      1465.07
  1468   1468  213.92   20.00   2      1398.57      1398.52
  1469   1469  213.92   22.00   2      1334.96      1334.86
  1470   1470  213.92   24.00   2      1273.03      1273.03
  1471   1471  213.92   26.00   2      1211.94      1211.80
  1472   1472  213.92   28.00   2      1150.70      1150.65
  1473   1473  213.92   30.00   2      1087.82      1087.76
  1474   1474  213.92   32.00   2      1021.34      1021.21
  1475   1475  213.92   34.00   2       946.46       946.25
  1476   1476  213.92   36.00   2       854.76       854.51
  1477   1477  213.92   38.00   2       730.33       728.83
  1478   1478  213.92   40.00   2       598.99       597.21
  1479   1479  213.92   42.00   2       477.76       476.48
  1480   1480  213.92   44.00   2       371.13       369.54
  1481   1481  213.92   46.00   2       280.22       278.87
  1482   1482  213.92   48.00   2       207.02       205.68
  1483   1483  213.92   50.00   2       155.61       155.41
  1484   1484  213.92   52.00   2       127.16       127.11
  1488   1488  215.92   56.00   2       145.00       145.01
  1489   1489  215.92   54.00   2       183.30       183.44
  1490   1490  215.92   52.00   2       241.57       241.91
  1491   1491  215.92   50.00   2       317.18       318.45
  1492   1492  215.92   48.00   2       408.85       409.13
  1493   1493  215.92   46.00   2       513.28       514.69
  1494   1494  215.92   44.00   2       630.63       631.97
  1495   1495  215.92   42.00   2       763.18       764.66
  1496   1496  215.92   40.00   2       883.65       885.24
  1497   1497  215.92   38.00   2       973.91       974.23
  1498   1498  215.92   36.00   2      1046.71      1046.95
  1499   1499  215.92   34.00   2      1112.32      1112.55
  1500   1500  215.92   32.00   2      1173.83      1174.00
  1501   1501  215.92   30.00   2      1234.19      1234.30
  1502   1502  215.92   28.00   2      1294.58      1294.65
  1503   1503  215.92   26.00   2      1355.75      1355.85
  1504   1504  215.92   24.00   2      1419.40      1419.39
  1505   1505  215.92   22.00   2      1485.14      1485.25
  1506   1506  215.92   20.00   2      1554.64      1554.70
  1507   1507  215.92   18.00   2      1628.14      1628.20
  1508   1508  215.92   16.00   2      1705.81      1705.80
  1509   1509  215.92   14.00   2      1788.85      1788.89
  1510   1510  215.92   12.00   2      1876.82      1876.83
  1511   1511  215.92   10.00   2      1970.58      1970.69
  1512   1512  215.92    8.00   2      2070.33      2070.33
  1513   1513  215.92    6.00   2      2226.46      2174.56
  1514   1514  215.92    4.00   2      2315.65      2282.85
  1515   1515  215.92    2.00   2      2391.48      2391.59
  1516   1516  215.92    0.00   2      2495.15      2495.23
  1517   1517  217.92    0.00   2      2711.04      2716.31
  1518   1518  217.92    2.00   2      2616.93      2616.88
  1519   1519  217.92    4.00   2      2503.36      2503.28
  1520   1520  217.92    6.00   2      2385.19      2385.16
  1521   1521  217.92    8.00   2      2269.24      2269.17
  1522   1522  217.92   10.00   2      2157.13      2157.08
  1523   1523  217.92   12.00   2      2051.53      2051.45
  1524   1524  217.92   14.00   2      1952.40      1952.39
  1525   1525  217.92   16.00   2      1860.13      1860.07
  1526   1526  217.92   18.00   2      1773.72      1773.68
  1527   1527  217.92   20.00   2      1693.23      1693.15
  1528   1528  217.92   22.00   2      1617.78      1617.77
  1529   1529  217.92   24.00   2      1547.10      1547.06
  1530   1530  217.92   26.00   2      1480.07      1480.01
  1531   1531  217.92   28.00   2      1416.43      1416.37
  1532   1532  217.92   30.00   2      1355.56      1355.54
  1533   1533  217.92   32.00   2      1296.50      1296.44
  1534   1534  217.92   34.00   2      1239.20      1239.20
  1535   1535  217.92   36.00   2      1182.74      1182.67
  1536   1536  217.92   38.00   2      1113.80      1125.51
  1537   1537  217.92   40.00   2      1068.73      1066.51
  1538   1538  217.92   42.00   2      1003.78      1003.56
  1539   1539  217.92   44.00   2       931.92       931.80
  1540   1540  217.92   46.00   2       843.12       842.99
  1541   1541  217.92   48.00   2       726.08       724.95
  1542   1542  217.92   50.00   2       604.30       602.94
  1543   1543  217.92   52.00   2       491.33       488.84
  1544   1544  217.92   54.00   2       389.33       389.04
  1545   1545  217.92   56.00   2       304.37       302.71
  1546   1546  217.92   58.00   2       231.94       230.36
  1547   1547  219.92   60.00   2       299.23       298.95
  1548   1548  219.92   58.00   2       373.18       374.57
  1549   1549  219.92   56.00   2       461.67       463.04
  1550   1550  219.92   54.00   2       562.97       565.86
  1551   1551  219.92   52.00   2       676.74       678.13
  1552   1552  219.92   50.00   2       795.74       798.71
  1553   1553  219.92   48.00   2       904.23       904.36
  1554   1554  219.92   46.00   2       983.27       983.35
  1555   1555  219.92   44.00   2      1049.31      1049.48
  1556   1556  219.92   42.00   2      1109.71      1109.75
  1557   1557  219.92   40.00   2      1167.07      1167.14
  1558   1558  219.92   38.00   2      1223.01      1223.11
  1559   1559  219.92   36.00   2      1279.09      1279.17
  1560   1560  219.92   34.00   2      1336.06      1336.15
  1561   1561  219.92   32.00   2      1394.39      1394.42
  1562   1562  219.92   30.00   2      1455.89      1455.93
  1563   1563  219.92   28.00   2      1519.83      1519.88
  1564   1564  219.92   26.00   2      1587.16      1587.24
  1565   1565  219.92   24.00   2      1658.87      1658.86
  1566   1566  219.92   22.00   2      1734.83      1734.90
  1567   1567  219.92   20.00   2      1816.23      1816.36
  1568   1568  219.92   18.00   2      1903.65      1903.75
  1569   1569  219.92   16.00   2      1997.71      1997.78
  1570   1570  219.92   14.00   2      2098.22      2098.30
  1571   1571  219.92   12.00   2      2205.89      2205.97
  1572   1572  219.92   10.00   2      2320.48      2320.53
  1573   1573  219.92    8.00   2      2440.90      2441.05
  1574   1574  219.92    6.00   2      2564.90      2565.02
  1575   1575  219.92    4.00   2      2687.04      2687.20
  1576   1576  219.92    2.00   2      2799.23      2799.34
  1577   1577  219.92    0.00   2      2887.48      2887.61
  1578   1578  221.92    0.00   2      3016.98      3017.10
  1579   1579  221.92    2.00   2      2959.12      2959.11
  1580   1580  221.92    4.00   2      2855.97      2855.83
  1581   1581  221.92    6.00   2      2732.62      2732.54
  1582   1582  221.92    8.00   2      2602.65      2602.52
  1583   1583  221.92   10.00   2      2473.14      2473.08
  1584   1584  221.92   12.00   2      2349.03      2348.90
  1585   1585  221.92   14.00   2      2232.09      2231.97
  1586   1586  221.92   16.00   2      2122.54      2122.45
  1587   1587  221.92   18.00   2      2021.24      2021.18
  1588   1588  221.92   20.00   2      1926.95      1926.87
  1589   1589  221.92   22.00   2      1839.43      1839.34
  1590   1590  221.92   24.00   2      1758.04      1758.03
  1591   1591  221.92   26.00   2      1682.10      1682.02
  1592   1592  221.92   28.00   2      1610.98      1610.98
  1593   1593  221.92   30.00   2      1544.08      1544.02
  1594   1594  221.92   32.00   2      1480.65      1480.65
  1595   1595  221.92   34.00   2      1420.72      1420.69
  1596   1596  221.92   36.00   2      1363.40      1363.38
  1597   1597  221.92   38.00   2      1307.80      1307.80
  1598   1598  221.92   40.00   2      1253.64      1253.54
  1599   1599  221.92   42.00   2      1200.18      1200.13
  1600   1600  221.92   44.00   2      1146.76      1146.65
  1601   1601  221.92   46.00   2      1091.98      1091.95
  1602   1602  221.92   48.00   2      1035.72      1035.51
  1603   1603  221.92   50.00   2       973.96       973.72
  1604   1604  221.92   52.00   2       902.80       902.32
  1605   1605  221.92   54.00   2       813.97       811.33
  1606   1606  221.92   56.00   2       699.17       697.40
  1607   1607  221.92   58.00   2       586.85       582.91
  1608   1608  221.92   60.00   2       479.72       478.32
  1609   1609  221.92   62.00   2       384.76       383.24
  1610   1610  223.92   64.00   2       420.11       418.72
  1611   1611  223.92   62.00   2       501.67       503.10
  1612   1612  223.92   60.00   2       598.83       599.95
  1613   1613  223.92   58.00   2       708.22       710.15
  1614   1614  223.92   56.00   2       821.12       823.85
  1615   1615  223.92   54.00   2       913.05       914.38
  1616   1616  223.92   52.00   2       985.59       986.79
  1617   1617  223.92   50.00   2      1048.62      1048.71
  1618   1618  223.92   48.00   2      1105.41      1105.47
  1619   1619  223.92   46.00   2      1159.01      1159.30
  1620   1620  223.92   44.00   2      1212.93      1213.00
  1621   1621  223.92   42.00   2      1265.60      1265.79
  1622   1622  223.92   40.00   2      1319.54      1319.61
  1623   1623  223.92   38.00   2      1375.38      1375.45
  1624   1624  223.92   36.00   2      1432.85      1432.89
  1625   1625  223.92   34.00   2      1492.34      1492.46
  1626   1626  223.92   32.00   2      1555.21      1555.23
  1627   1627  223.92   30.00   2      1621.16      1621.23
  1628   1628  223.92   28.00   2      1691.57      1691.62
  1629   1629  223.92   26.00   2      1766.51      1766.64
  1630   1630  223.92   24.00   2      1847.03      1847.07
  1631   1631  223.92   22.00   2      1933.28      1933.38
  1632   1632  223.92   20.00   2      2026.53      2026.61
  1633   1633  223.92   18.00   2      2126.93      2127.01
  1634   1634  223.92   16.00   2      2234.69      2234.77
  1635   1635  223.92   14.00   2      2352.03      2352.11
  1636   1636  223.92   12.00   2      2476.47      2476.65
  1637   1637  223.92   10.00   2      2607.97      2608.09
  1638   1638  223.92    8.00   2      2742.79      2742.96
  1639   1639  223.92    6.00   2      2875.87      2875.97
  1640   1640  223.92    4.00   2      2995.72      2995.85
  1641   1641  223.92    2.00   2      3084.52      3084.64
  1642   1642  223.92    0.00   2      3104.21      3104.26
  1643   1643  225.92    0.00   2      3148.63      3148.61
  1644   1644  225.92    2.00   2      3187.66      3187.71
  1645   1645  225.92    4.00   2      3124.28      3124.16
  1646   1646  225.92    6.00   2      3011.13      3010.96
  1647   1647  225.92    8.00   2      2876.39      2876.19
  1648   1648  225.92   10.00   2      2735.14      2734.97
  1649   1649  225.92   12.00   2      2595.40      2595.23
  1650   1650  225.92   14.00   2      2462.28      2462.13
  1651   1651  225.92   16.00   2      2337.33      2337.23
  1652   1652  225.92   18.00   2      2221.42      2221.35
  1653   1653  225.92   20.00   2      2113.93      2113.83
  1654   1654  225.92   22.00   2      2014.70      2014.56
  1655   1655  225.92   24.00   2      1923.08      1923.08
  1656   1656  225.92   26.00   2      1838.52      1838.39
  1657   1657  225.92   28.00   2      1759.40      1759.39
  1658   1658  225.92   30.00   2      1685.74      1685.70
  1659   1659  225.92   32.00   2      1588.50      1617.20
  1660   1660  225.92   34.00   2      1552.41      1552.42
  1661   1661  225.92   36.00   2      1491.49      1491.35
  1662   1662  225.92   38.00   2      1433.74      1433.68
  1663   1663  225.92   40.00   2      1378.55      1378.35
  1664   1664  225.92   42.00   2      1325.61      1325.35
  1665   1665  225.92   44.00   2      1272.82      1272.71
  1666   1666  225.92   46.00   2      1222.56      1222.33
  1667   1667  225.92   48.00   2      1171.72      1171.65
  1668   1668  225.92   50.00   2      1120.77      1120.52
  1669   1669  225.92   52.00   2      1067.95      1067.78
  1670   1670  225.92   54.00   2      1012.09      1011.80
  1671   1671  225.92   56.00   2       949.97       949.74
  1672   1672  225.92   58.00   2       876.77       875.54
  1673   1673  225.92   60.00   2       780.72       779.45
  1674   1674  225.92   62.00   2       670.23       667.88
  1675   1675  225.92   64.00   2       562.79       560.15
  1676   1676  225.92   66.00   2       462.57       460.96
  1677   1677  227.92   66.00   2       545.95       546.23
  1678   1678  227.92   64.00   2       639.91       641.21
  1679   1679  227.92   62.00   2       744.31       746.73
  1680   1680  227.92   60.00   2       848.38       849.60
  1681   1681  227.92   58.00   2       928.60       930.14
  1682   1682  227.92   56.00   2       997.86       998.06
  1683   1683  227.92   54.00   2      1056.60      1056.75
  1684   1684  227.92   52.00   2      1110.90      1110.98
  1685   1685  227.92   50.00   2      1162.86      1162.94
  1686   1686  227.92   48.00   2      1213.21      1213.51
  1687   1687  227.92   46.00   2      1264.47      1264.55
  1688   1688  227.92   44.00   2      1315.11      1315.26
  1689   1689  227.92   42.00   2      1368.72      1368.75
  1690   1690  227.92   40.00   2      1423.27      1423.38
  1691   1691  227.92   38.00   2      1479.46      1479.72
  1692   1692  227.92   36.00   2      1538.92      1539.03
  1693   1693  227.92   34.00   2      1602.56      1602.80
  1694   1694  227.92   32.00   2      1669.89      1669.90
  1695   1695  227.92   30.00   2      1740.62      1740.85
  1696   1696  227.92   28.00   2      1817.56      1817.62
  1697   1697  227.92   26.00   2      1899.66      1899.76
  1698   1698  227.92   24.00   2       112.36       112.37
  1699   1699  227.92   22.00   2      2084.67      2084.74
  1700   1700  227.92   20.00   2      2188.83      2188.90
  1701   1701  227.92   18.00   2      2301.47      2301.52
  1702   1702  227.92   16.00   2      2423.33      2423.37
  1703   1703  227.92   14.00   2      2554.42      2554.54
  1704   1704  227.92   12.00   2      2694.03      2694.19
  1705   1705  227.92   10.00   2      2839.47      2839.65
  1706   1706  227.92    8.00   2      2984.96      2985.11
  1707   1707  227.92    6.00   2      3075.11      3120.26
  1708   1708  227.92    4.00   2      3224.56      3224.73
  1709   1709  227.92    2.00   2      3263.68      3263.71
  1710   1710  227.92    0.00   2      3161.86      3161.78
  1711   1711  229.92    0.00   2      3137.80      3137.77
  1712   1712  229.92    2.00   2      3310.10      3309.90
  1713   1713  229.92    4.00   2      3256.06      3310.80
  1714   1714  229.92    6.00   2      3213.02      3212.92
  1715   1715  229.92    8.00   2      3079.48      3079.19
  1716   1716  229.92   10.00   2      2929.73      2929.62
  1717   1717  229.92   12.00   2      2777.92      2777.67
  1718   1718  229.92   14.00   2      2631.30      2631.17
  1719   1719  229.92   16.00   2      2494.31      2494.06
  1720   1720  229.92   18.00   2      2366.88      2366.69
  1721   1721  229.92   20.00   2      2249.35      2249.21
  1722   1722  229.92   22.00   2      2141.29      2140.95
  1723   1723  229.92   24.00   2      2041.03      2040.90
  1724   1724  229.92   26.00   2      1948.88      1948.77
  1725   1725  229.92   28.00   2      1863.96      1863.87
  1726   1726  229.92   30.00   2      1784.98      1784.84
  1727   1727  229.92   32.00   2      1712.06      1711.77
  1728   1728  229.92   34.00   2      1642.87      1642.79
  1729   1729  229.92   36.00   2      1578.73      1578.58
  1730   1730  229.92   38.00   2      1517.90      1517.85
  1731   1731  229.92   40.00   2      1460.83      1460.68
  1732   1732  229.92   42.00   2      1405.79      1405.76
  1733   1733  229.92   44.00   2      1353.05      1352.93
  1734   1734  229.92   46.00   2      1302.25      1302.08
  1735   1735  229.92   48.00   2      1252.50      1252.44
  1736   1736  229.92   50.00   2      1203.87      1203.66
  1737   1737  229.92   52.00   2      1154.55      1154.47
  1738   1738  229.92   54.00   2      1105.00      1104.79
  1739   1739  229.92   56.00   2      1053.18      1053.05
  1740   1740  229.92   58.00   2       997.63       997.40
  1741   1741  229.92   60.00   2       935.58       935.36
  1742   1742  229.92   62.00   2       862.58       861.14
  1743   1743  229.92   64.00   2       767.88       765.19
  1744   1744  229.92   66.00   2       658.63       657.34
  1745   1745  229.92   68.00   2       555.50       553.01
  1746   1746  231.92   68.00   2       603.70       603.59
  1747   1747  231.92   66.00   2       695.62       696.95
  1748   1748  231.92   64.00   2       797.17       798.59
  1749   1749  231.92   62.00   2       887.38       887.63
  1750   1750  231.92   60.00   2       958.40       958.66
  1751   1751  231.92   58.00   2      1019.51      1019.75
  1752   1752  231.92   56.00   2      1074.81      1074.95
  1753   1753  231.92   54.00   2      1126.75      1126.79
  1754   1754  231.92   52.00   2      1175.98      1176.22
  1755   1755  231.92   50.00   2      1226.17      1226.21
  1756   1756  231.92   48.00   2      1275.39      1275.53
  1757   1757  231.92   46.00   2      1326.25      1326.32
  1758   1758  231.92   44.00   2      1377.85      1377.95
  1759   1759  231.92   42.00   2      1431.46      1431.47
  1760   1760  231.92   40.00   2      1486.92      1487.04
  1761   1761  231.92   38.00   2      1544.73      1545.00
  1762   1762  231.92   36.00   2      1607.63      1607.68
  1763   1763  231.92   34.00   2      1672.62      1672.85
  1764   1764  231.92   32.00   2      1743.26      1743.31
  1765   1765  231.92   30.00   2      1818.29      1818.40
  1766   1766  231.92   28.00   2      1898.97      1899.08
  1767   1767  231.92   26.00   2      1985.96      1986.08
  1768   1768  231.92   24.00   2      2080.15      2080.27
  1769   1769  231.92   22.00   2      2182.22      2182.35
  1770   1770  231.92   20.00   2      2292.65      2292.98
  1771   1771  231.92   18.00   2      2413.79      2413.90
  1772   1772  231.92   16.00   2      2543.58      2543.90
  1773   1773  231.92   14.00   2      2684.21      2684.38
  1774   1774  231.92   12.00   2      2834.12      2834.40
  1775   1775  231.92   10.00   2      2988.77      2988.97
  1776   1776  231.92    8.00   2      3139.70      3139.94
  1777   1777  231.92    6.00   2      3271.35      3272.60
  1778   1778  231.92    4.00   2      3351.20      3353.00
  1779   1779  231.92    2.00   2      3340.70      3338.60
  1780   1780  231.92    0.00   2      3106.10      3103.80
  1781   1781  233.92    0.00   2      3051.70      3050.80
  1782   1782  233.92    2.00   2      3334.00      3335.40
  1783   1783  233.92    4.00   2      3385.20      3386.50
  1784   1784  233.92    6.00   2      3321.60      3320.80
  1785   1785  233.92    8.00   2      3198.80      3196.00
  1786   1786  233.92   10.00   2      3043.30      3042.40
  1787   1787  233.92   12.00   2      2889.50      2886.90
  1788   1788  233.92   14.00   2      2732.00      2731.20
  1789   1789  233.92   16.00   2      2586.09      2585.90
  1790   1790  233.92   18.00   2      2452.09      2451.66
  1791   1791  233.92   20.00   2      2327.35      2327.20
  1792   1792  233.92   22.00   2      2213.83      2213.49
  1793   1793  233.92   24.00   2      2108.92      2108.77
  1794   1794  233.92   26.00   2      2012.62      2012.46
  1795   1795  233.92   28.00   2      1924.45      1924.04
  1796   1796  233.92   30.00   2      1841.86      1841.78
  1797   1797  233.92   32.00   2      1766.08      1765.81
  1798   1798  233.92   34.00   2      1694.90      1694.83
  1799   1799  233.92   36.00   2      1628.59      1628.44
  1800   1800  233.92   38.00   2      1566.12      1566.01
  1801   1801  233.92   40.00   2      1507.05      1506.90
  1802   1802  233.92   42.00   2      1451.62      1451.41
  1803   1803  233.92   44.00   2      1397.58      1397.51
  1804   1804  233.92   46.00   2      1346.55      1346.37
  1805   1805  233.92   48.00   2      1296.29      1296.23
  1806   1806  233.92   50.00   2      1247.85      1247.69
  1807   1807  233.92   52.00   2      1200.42      1200.09
  1808   1808  233.92   54.00   2      1151.59      1151.41
  1809   1809  233.92   56.00   2      1102.73      1102.48
  1810   1810  233.92   58.00   2      1051.51      1051.29
  1811   1811  233.92   60.00   2       997.14       996.67
  1812   1812  233.92   62.00   2       934.88       934.71
  1813   1813  233.92   64.00   2       863.98       863.70
  1814   1814  233.92   66.00   2       772.25       769.67
  1815   1815  233.92   68.00   2       665.19       662.92
  1816   1816  235.92   68.00   2       679.57       679.36
  1817   1817  235.92   66.00   2       771.83       773.09
  1818   1818  235.92   64.00   2       862.32       863.59
  1819   1819  235.92   62.00   2       935.13       936.41
  1820   1820  235.92   60.00   2       997.99       998.15
  1821   1821  235.92   58.00   2      1053.52      1053.68
  1822   1822  235.92   56.00   2      1104.62      1104.84
  1823   1823  235.92   54.00   2      1155.39      1155.45
  1824   1824  235.92   52.00   2      1204.08      1204.29
  1825   1825  235.92   50.00   2      1253.10      1253.19
  1826   1826  235.92   48.00   2      1301.81      1301.99
  1827   1827  235.92   46.00   2      1352.86      1352.91
  1828   1828  235.92   44.00   2      1404.46      1404.55
  1829   1829  235.92   42.00   2      1458.18      1458.42
  1830   1830  235.92   40.00   2      1514.91      1514.96
  1831   1831  235.92   38.00   2      1573.85      1574.04
  1832   1832  235.92   36.00   2      1636.88      1636.95
  1833   1833  235.92   34.00   2      1703.22      1703.38
  1834   1834  235.92   32.00   2      1774.70      1774.77
  1835   1835  235.92   30.00   2      1851.14      1851.22
  1836   1836  235.92   28.00   2      1932.91      1932.99
  1837   1837  235.92   26.00   2      2022.20      2022.31
  1838   1838  235.92   24.00   2      2117.90      2118.30
  1839   1839  235.92   22.00   2      2223.21      2223.36
  1840   1840  235.92   20.00   2      2337.00      2337.33
  1841   1841  235.92   18.00   2      2461.88      2462.02
  1842   1842  235.92   16.00   2      2596.51      2596.79
  1843   1843  235.92   14.00   2      2742.12      2742.31
  1844   1844  235.92   12.00   2      2896.72      2897.01
  1845   1845  235.92   10.00   2      3055.96      3056.26
  1846   1846  235.92    8.00   2      3209.52      3209.78
  1847   1847  235.92    6.00   2      3338.10      3338.50
  1848   1848  235.92    4.00   2      3404.80      3405.70
  1849   1849  235.92    2.00   2      3352.70      3350.10
  1850   1850  235.92    0.00   2      3029.80      3027.50
  1851   1851  237.92    0.00   2      3009.80      3009.40
  1852   1852  237.92    2.00   2      3330.90      3332.20
  1853   1853  237.92    4.00   2      3401.40      3401.40
  1854   1854  237.92    6.00   2      3337.30      3337.20
  1855   1855  237.92    8.00   2      3216.50      3213.90
  1856   1856  237.92   10.00   2      3059.20      3058.40
  1857   1857  237.92   12.00   2      2902.90      2901.20
  1858   1858  237.92   14.00   2      2744.20      2743.70
  1859   1859  237.92   16.00   2      2596.98      2596.79
  1860   1860  237.92   18.00   2      2461.69      2461.33
  1861   1861  237.92   20.00   2      2336.74      2336.63
  1862   1862  237.92   22.00   2      2222.67      2222.43
  1863   1863  237.92   24.00   2      2117.55      2117.44
  1864   1864  237.92   26.00   2      2020.90      2020.79
  1865   1865  237.92   28.00   2      1932.71      1932.44
  1866   1866  237.92   30.00   2      1850.35      1850.29
  1867   1867  237.92   32.00   2      1774.28      1774.14
  1868   1868  237.92   34.00   2      1703.31      1703.22
  1869   1869  237.92   36.00   2      1637.28      1637.09
  1870   1870  237.92   38.00   2      1575.28      1575.07
  1871   1871  237.92   40.00   2      1516.28      1516.17
  1872   1872  237.92   42.00   2      1460.62      1460.40
  1873   1873  237.92   44.00   2      1406.85      1406.79
  1874   1874  237.92   46.00   2      1355.85      1355.67
  1875   1875  237.92   48.00   2      1306.90      1306.62
  1876   1876  237.92   50.00   2      1257.58      1257.47
  1877   1877  237.92   52.00   2      1210.01      1209.89
  1878   1878  237.92   54.00   2      1162.19      1162.11
  1879   1879  237.92   56.00   2      1114.37      1114.12
  1880   1880  237.92   58.00   2      1064.35      1064.24
  1881   1881  237.92   60.00   2      1011.82      1011.56
  1882   1882  237.92   62.00   2       953.68       953.51
  1883   1883  237.92   64.00   2       886.84       885.60
  1884   1884  237.92   66.00   2       802.48       800.73
  1885   1885  237.92   68.00   2       698.03       695.53
  1886   1886  239.92   68.00   2       677.68       676.29
  1887   1887  239.92   66.00   2       765.78       767.27
  1888   1888  239.92   64.00   2       857.88       859.18
  1889   1889  239.92   62.00   2       931.18       932.29
  1890   1890  239.92   60.00   2       994.21       994.26
  1891   1891  239.92   58.00   2      1049.42      1049.54
  1892   1892  239.92   56.00   2      1100.87      1101.09
  1893   1893  239.92   54.00   2      1150.73      1150.84
  1894   1894  239.92   52.00   2      1199.25      1199.36
  1895   1895  239.92   50.00   2      1247.86      1247.87
  1896   1896  239.92   48.00   2      1296.64      1296.72
  1897   1897  239.92   46.00   2      1346.00      1346.20
  1898   1898  239.92   44.00   2      1397.93      1397.98
  1899   1899  239.92   42.00   2      1450.19      1450.46
  1900   1900  239.92   40.00   2      1506.69      1506.81
  1901   1901  239.92   38.00   2      1564.47      1564.62
  1902   1902  239.92   36.00   2      1627.47      1627.52
  1903   1903  239.92   34.00   2      1693.12      1693.20
  1904   1904  239.92   32.00   2      1762.56      1762.85
  1905   1905  239.92   30.00   2      1837.74      1837.83
  1906   1906  239.92   28.00   2      1918.51      1918.82
  1907   1907  239.92   26.00   2      2006.33      2006.43
  1908   1908  239.92   24.00   2      2099.49      2099.77
  1909   1909  239.92   22.00   2      2203.37      2203.50
  1910   1910  239.92   20.00   2      2315.86      2316.08
  1911   1911  239.92   18.00   2      2438.24      2438.38
  1912   1912  239.92   16.00   2      2571.45      2571.66
  1913   1913  239.92   14.00   2      2715.63      2715.81
  1914   1914  239.92   12.00   2      2869.18      2869.40
  1915   1915  239.92   10.00   2      3028.96      3029.12
  1916   1916  239.92    8.00   2      3183.77      3184.06
  1917   1917  239.92    6.00   2      3314.90      3315.00
  1918   1918  239.92    4.00   2      3380.70      3382.90
  1919   1919  239.92    2.00   2      3338.20      3336.00
  1920   1920  239.92    0.00   2      3028.10      3025.90
  1921   1921  241.92    0.00   2      3051.80      3053.50
  1922   1922  241.92    2.00   2      3324.50      3325.40
  1923   1923  241.92    4.00   2      3368.90      3367.80
  1924   1924  241.92    6.00   2      3295.20      3292.60
  1925   1925  241.92    8.00   2      3157.80      3155.90
  1926   1926  241.92   10.00   2      2998.80      2998.10
  1927   1927  241.92   12.00   2      2842.00      2840.50
  1928   1928  241.92   14.00   2      2685.71      2685.51
  1929   1929  241.92   16.00   2      2543.37      2542.97
  1930   1930  241.92   18.00   2      2411.29      2411.12
  1931   1931  241.92   20.00   2      2290.28      2290.06
  1932   1932  241.92   22.00   2      2180.13      2179.64
  1933   1933  241.92   24.00   2      2077.57      2077.46
  1934   1934  241.92   26.00   2      1983.99      1983.78
  1935   1935  241.92   28.00   2      1898.12      1898.04
  1936   1936  241.92   30.00   2      1818.66      1818.46
  1937   1937  241.92   32.00   2      1744.60      1744.51
  1938   1938  241.92   34.00   2      1675.77      1675.66
  1939   1939  241.92   36.00   2      1611.63      1611.37
  1940   1940  241.92   38.00   2      1550.44      1550.34
  1941   1941  241.92   40.00   2      1493.11      1492.91
  1942   1942  241.92   42.00   2      1437.99      1437.94
  1943   1943  241.92   44.00   2      1385.52      1385.39
  1944   1944  241.92   46.00   2      1335.26      1335.07
  1945   1945  241.92   48.00   2      1285.79      1285.70
  1946   1946  241.92   50.00   2      1237.86      1237.60
  1947   1947  241.92   52.00   2      1190.01      1189.89
  1948   1948  241.92   54.00   2      1142.40      1142.20
  1949   1949  241.92   56.00   2      1093.54      1093.42
  1950   1950  241.92   58.00   2      1042.95      1042.68
  1951   1951  241.92   60.00   2       988.46       988.29
  1952   1952  241.92   62.00   2       927.89       927.39
  1953   1953  241.92   64.00   2       855.01       853.62
  1954   1954  241.92   66.00   2       761.12       758.80
  1955   1955  241.92   68.00   2       656.39       653.16
  1956   1956  243.92   68.00   2       600.28       599.01
  1957   1957  243.92   66.00   2       684.97       685.26
  1958   1958  243.92   64.00   2       782.86       784.36
  1959   1959  243.92   62.00   2       873.37       874.86
  1960   1960  243.92   60.00   2       945.13       946.38
  1961   1961  243.92   58.00   2      1006.05      1006.43
  1962   1962  243.92   56.00   2      1060.26      1060.55
  1963   1963  243.92   54.00   2      1112.66      1112.81
  1964   1964  243.92   52.00   2      1161.68      1161.98
  1965   1965  243.92   50.00   2      1210.74      1210.83
  1966   1966  243.92   48.00   2      1259.28      1259.51
  1967   1967  243.92   46.00   2      1309.18      1309.19
  1968   1968  243.92   44.00   2      1359.72      1359.89
  1969   1969  243.92   42.00   2      1412.40      1412.43
  1970   1970  243.92   40.00   2      1466.50      1466.62
  1971   1971  243.92   38.00   2      1523.67      1523.72
  1972   1972  243.92   36.00   2      1583.55      1583.58
  1973   1973  243.92   34.00   2      1646.35      1646.60
  1974   1974  243.92   32.00   2      1714.67      1714.73
  1975   1975  243.92   30.00   2      1786.40      1786.69
  1976   1976  243.92   28.00   2      1863.50      1863.54
  1977   1977  243.92   26.00   2      1947.98      1948.17
  1978   1978  243.92   24.00   2      2038.01      2038.10
  1979   1979  243.92   22.00   2      2137.30      2137.41
  1980   1980  243.92   20.00   2      2244.59      2244.67
  1981   1981  243.92   18.00   2      2361.52      2361.68
  1982   1982  243.92   16.00   2      2489.27      2489.44
  1983   1983  243.92   14.00   2      2627.92      2628.09
  1984   1984  243.92   12.00   2      2776.07      2776.48
  1985   1985  243.92   10.00   2      2932.52      2932.76
  1986   1986  243.92    8.00   2      3088.87      3089.25
  1987   1987  243.92    6.00   2      3230.14      3230.39
  1988   1988  243.92    4.00   2      3323.50      3324.60
  1989   1989  243.92    2.00   2      3325.30      3323.70
  1990   1990  243.92    0.00   2      3108.30      3107.90
  1991   1991  245.92    0.00   2      3146.50      3147.20
  1992   1992  245.92    2.00   2      3286.50      3289.40
  1993   1993  245.92    4.00   2      3274.20      3272.40
  1994   1994  245.92    6.00   2      3165.20      3163.50
  1995   1995  245.92    8.00   2      3018.10      3017.40
  1996   1996  245.92   10.00   2      2865.30      2863.80
  1997   1997  245.92   12.00   2      2715.70      2712.20
  1998   1998  245.92   14.00   2      2563.37      2563.18
  1999   1999  245.92   16.00   2      2428.64      2428.35
  2000   2000  245.92   18.00   2      2304.39      2304.23
  2001   2001  245.92   20.00   2      2190.86      2190.69
  2002   2002  245.92   22.00   2      2087.43      2087.04
  2003   2003  245.92   24.00   2      1991.29      1991.21
  2004   2004  245.92   26.00   2      1903.66      1903.42
  2005   2005  245.92   28.00   2      1822.12      1822.04
  2006   2006  245.92   30.00   2      1746.71      1746.61
  2007   2007  245.92   32.00   2      1677.17      1676.91
  2008   2008  245.92   34.00   2      1611.14      1611.03
  2009   2009  245.92   36.00   2      1549.76      1549.48
  2010   2010  245.92   38.00   2      1490.84      1490.78
  2011   2011  245.92   40.00   2      1435.72      1435.55
  2012   2012  245.92   42.00   2      1382.51      1382.46
  2013   2013  245.92   44.00   2      1331.46      1331.39
  2014   2014  245.92   46.00   2      1282.22      1281.93
  2015   2015  245.92   48.00   2      1233.00      1232.87
  2016   2016  245.92   50.00   2      1185.14      1184.90
  2017   2017  245.92   52.00   2      1136.39      1136.24
  2018   2018  245.92   54.00   2      1087.22      1086.98
  2019   2019  245.92   56.00   2      1035.11      1035.05
  2020   2020  245.92   58.00   2       979.88       979.52
  2021   2021  245.92   60.00   2       916.74       916.38
  2022   2022  245.92   62.00   2       839.58       838.08
  2023   2023  245.92   64.00   2       740.45       739.01
  2024   2024  245.92   66.00   2       634.34       632.79
  2025   2025  247.92   66.00   2       539.68       538.07
  2026   2026  247.92   64.00   2       620.44       620.80
  2027   2027  247.92   62.00   2       717.91       719.14
  2028   2028  247.92   60.00   2       820.79       821.93
  2029   2029  247.92   58.00   2       905.36       906.44
  2030   2030  247.92   56.00   2       973.44       973.66
  2031   2031  247.92   54.00   2      1032.14      1032.50
  2032   2032  247.92   52.00   2      1087.30      1087.39
  2033   2033  247.92   50.00   2      1138.33      1138.48
  2034   2034  247.92   48.00   2      1187.87      1188.19
  2035   2035  247.92   46.00   2      1238.30      1238.36
  2036   2036  247.92   44.00   2      1287.79      1288.01
  2037   2037  247.92   42.00   2      1339.25      1339.33
  2038   2038  247.92   40.00   2      1391.85      1392.04
  2039   2039  247.92   38.00   2      1446.88      1446.90
  2040   2040  247.92   36.00   2      1503.30      1503.39
  2041   2041  247.92   34.00   2      1564.03      1564.08
  2042   2042  247.92   32.00   2      1627.27      1627.32
  2043   2043  247.92   30.00   2      1694.38      1694.65
  2044   2044  247.92   28.00   2      1767.20      1767.27
  2045   2045  247.92   26.00   2      1844.56      1844.76
  2046   2046  247.92   24.00   2      1928.92      1928.97
  2047   2047  247.92   22.00   2      2019.35      2019.50
  2048   2048  247.92   20.00   2      2118.18      2118.26
  2049   2049  247.92   18.00   2      2225.80      2225.95
  2050   2050  247.92   16.00   2      2343.20      2343.29
  2051   2051  247.92   14.00   2      2470.80      2470.94
  2052   2052  247.92   12.00   2      2609.11      2609.24
  2053   2053  247.92   10.00   2      2756.20      2756.41
  2054   2054  247.92    8.00   2      2908.54      2908.95
  2055   2055  247.92    6.00   2      3057.50      3057.73
  2056   2056  247.92    4.00   2      3181.61      3182.88
  2057   2057  247.92    2.00   2      3244.31      3244.53
  2058   2058  247.92    0.00   2      3173.14      3173.02
  2059   2059  249.92    0.00   2      3164.59      3164.49
  2060   2060  249.92    2.00   2      3170.06      3170.05
  2061   2061  249.92    4.00   2      3078.53      3078.44
  2062   2062  249.92    6.00   2      2943.67      2943.32
  2063   2063  249.92    8.00   2      2793.93      2793.73
  2064   2064  249.92   10.00   2      2645.56      2645.33
  2065   2065  249.92   12.00   2      2504.59      2504.17
  2066   2066  249.92   14.00   2      2372.77      2372.58
  2067   2067  249.92   16.00   2      2251.75      2251.44
  2068   2068  249.92   18.00   2      2139.99      2139.81
  2069   2069  249.92   20.00   2      2037.70      2037.53
  2070   2070  249.92   22.00   2      1944.15      1943.77
  2071   2071  249.92   24.00   2      1857.24      1857.16
  2072   2072  249.92   26.00   2      1777.62      1777.41
  2073   2073  249.92   28.00   2      1703.24      1703.19
  2074   2074  249.92   30.00   2      1634.44      1634.24
  2075   2075  249.92   32.00   2      1570.13      1569.83
  2076   2076  249.92   34.00   2      1508.40      1508.26
  2077   2077  249.92   36.00   2      1451.02      1450.75
  2078   2078  249.92   38.00   2      1395.40      1395.37
  2079   2079  249.92   40.00   2      1342.48      1342.29
  2080   2080  249.92   42.00   2      1290.18      1290.09
  2081   2081  249.92   44.00   2      1240.20      1240.07
  2082   2082  249.92   46.00   2      1191.76      1191.52
  2083   2083  249.92   48.00   2      1141.71      1141.53
  2084   2084  249.92   50.00   2      1091.45      1091.15
  2085   2085  249.92   52.00   2      1038.06      1037.95
  2086   2086  249.92   54.00   2       981.21       980.86
  2087   2087  249.92   56.00   2       916.75       915.36
  2088   2088  249.92   58.00   2       836.81       836.47
  2089   2089  249.92   60.00   2       734.16       732.67
  2090   2090  249.92   62.00   2       626.10       623.38
  2091   2091  249.92   64.00   2       524.23       521.22
  2092   2092  251.92   62.00   2       473.19       471.53
  2093   2093  251.92   60.00   2       555.88       557.07
  2094   2094  251.92   58.00   2       654.03       655.47
  2095   2095  251.92   56.00   2       759.48       761.60
  2096   2096  251.92   54.00   2       863.67       865.10
  2097   2097  251.92   52.00   2       941.72       942.96
  2098   2098  251.92   50.00   2      1008.03      1009.26
  2099   2099  251.92   48.00   2      1066.85      1066.97
  2100   2100  251.92   46.00   2      1120.56      1120.79
  2101   2101  251.92   44.00   2      1173.11      1173.15
  2102   2102  251.92   42.00   2      1224.71      1224.82
  2103   2103  251.92   40.00   2      1276.61      1276.65
  2104   2104  251.92   38.00   2      1329.46      1329.49
  2105   2105  251.92   36.00   2      1383.27      1383.44
  2106   2106  251.92   34.00   2      1439.82      1439.84
  2107   2107  251.92   32.00   2      1498.25      1498.40
  2108   2108  251.92   30.00   2      1560.47      1560.57
  2109   2109  251.92   28.00   2      1626.02      1626.17
  2110   2110  251.92   26.00   2      1695.50      1695.57
  2111   2111  251.92   24.00   2      1771.21      1771.35
  2112   2112  251.92   22.00   2      1852.48      1852.55
  2113   2113  251.92   20.00   2      1939.60      1939.67
  2114   2114  251.92   18.00   2      2034.18      2034.49
  2115   2115  251.92   16.00   2      2137.69      2137.83
  2116   2116  251.92   14.00   2      2248.95      2249.33
  2117   2117  251.92   12.00   2      2371.78      2371.93
  2118   2118  251.92   10.00   2      2503.62      2503.86
  2119   2119  251.92    8.00   2      2644.81      2645.00
  2120   2120  251.92    6.00   2      2791.42      2791.73
  2121   2121  251.92    4.00   2      2934.62      2934.84
  2122   2122  251.92    2.00   2      3053.53      3053.74
  2123   2123  251.92    0.00   2      3108.56      3108.77
  2124   2124  253.92    0.00   2      3001.92      3001.78
  2125   2125  253.92    2.00   2      2904.26      2904.08
  2126   2126  253.92    4.00   2      2770.63      2770.48
  2127   2127  253.92    6.00   2      2628.40      2627.21
  2128   2128  253.92    8.00   2      2487.55      2487.36
  2129   2129  253.92   10.00   2      2355.53      2355.25
  2130   2130  253.92   12.00   2      2232.46      2232.32
  2131   2131  253.92   14.00   2      2119.19      2119.03
  2132   2132  253.92   16.00   2      2015.83      2015.67
  2133   2133  253.92   18.00   2      1920.46      1920.35
  2134   2134  253.92   20.00   2      1832.79      1832.50
  2135   2135  253.92   22.00   2      1751.20      1751.09
  2136   2136  253.92   24.00   2      1676.03      1675.87
  2137   2137  253.92   26.00   2      1605.57      1605.53
  2138   2138  253.92   28.00   2      1540.06      1539.92
  2139   2139  253.92   30.00   2      1478.39      1478.14
  2140   2140  253.92   32.00   2      1419.11      1419.04
  2141   2141  253.92   34.00   2      1363.23      1363.05
  2142   2142  253.92   36.00   2      1308.77      1308.69
  2143   2143  253.92   38.00   2      1256.26      1256.09
  2144   2144  253.92   40.00   2      1203.70      1203.59
  2145   2145  253.92   42.00   2      1152.70      1152.56
  2146   2146  253.92   44.00   2      1100.59      1100.31
  2147   2147  253.92   46.00   2      1045.35      1045.19
  2148   2148  253.92   48.00   2       986.59       986.25
  2149   2149  253.92   50.00   2       919.80       918.62
  2150   2150  253.92   52.00   2       838.66       837.31
  2151   2151  253.92   54.00   2       731.28       728.74
  2152   2152  253.92   56.00   2       619.35       616.24
  2153   2153  253.92   58.00   2       513.44       510.65
  2154   2154  253.92   60.00   2       415.43       413.85
  2155   2155  255.92   58.00   2       327.63       325.99
  2156   2156  255.92   56.00   2       396.94       397.19
  2157   2157  255.92   54.00   2       482.31       483.62
  2158   2158  255.92   52.00   2       581.67       581.89
  2159   2159  255.92   50.00   2       690.36       691.94
  2160   2160  255.92   48.00   2       805.91       808.40
  2161   2161  255.92   46.00   2       903.14       904.31
  2162   2162  255.92   44.00   2       978.02       979.30
  2163   2163  255.92   42.00   2      1043.10      1043.30
  2164   2164  255.92   40.00   2      1101.52      1101.63
  2165   2165  255.92   38.00   2      1157.21      1157.26
  2166   2166  255.92   36.00   2      1211.42      1211.46
  2167   2167  255.92   34.00   2      1265.28      1265.50
  2168   2168  255.92   32.00   2      1320.89      1320.96
  2169   2169  255.92   30.00   2      1377.41      1377.58
  2170   2170  255.92   28.00   2      1435.70      1435.74
  2171   2171  255.92   26.00   2      1498.18      1498.31
  2172   2172  255.92   24.00   2      1563.49      1563.56
  2173   2173  255.92   22.00   2      1633.09      1633.12
  2174   2174  255.92   20.00   2      1706.75      1707.00
  2175   2175  255.92   18.00   2      1787.06      1787.17
  2176   2176  255.92   16.00   2      1872.77      1873.01
  2177   2177  255.92   14.00   2      1966.41      1966.49
  2178   2178  255.92   12.00   2      2067.27      2067.52
  2179   2179  255.92   10.00   2      2177.61      2177.69
  2180   2180  255.92    8.00   2      2296.79      2296.95
  2181   2181  255.92    6.00   2      2425.61      2425.82
  2182   2182  255.92    4.00   2      2561.05      2561.27
  2183   2183  255.92    2.00   2      2697.98      2698.14
  2184   2184  255.92    0.00   2      2821.51      2821.74
  2185   2185  257.92    0.00   2      2589.31      2589.13
  2186   2186  257.92    2.00   2      2461.23      2460.99
  2187   2187  257.92    4.00   2      2332.03      2331.87
  2188   2188  257.92    6.00   2      2209.51      2209.32
  2189   2189  257.92    8.00   2      2095.56      2095.12
  2190   2190  257.92   10.00   2      1989.08      1988.98
  2191   2191  257.92   12.00   2      1892.15      1891.93
  2192   2192  257.92   14.00   2      1802.36      1802.25
  2193   2193  257.92   16.00   2      1719.42      1719.26
  2194   2194  257.92   18.00   2      1643.00      1642.66
  2195   2195  257.92   20.00   2      1570.83      1570.68
  2196   2196  257.92   22.00   2      1503.90      1503.65
  2197   2197  257.92   24.00   2      1439.68      1439.59
  2198   2198  257.92   26.00   2      1379.48      1379.29
  2199   2199  257.92   28.00   2      1321.59      1321.55
  2200   2200  257.92   30.00   2      1265.76      1265.66
  2201   2201  257.92   32.00   2      1211.76      1211.48
  2202   2202  257.92   34.00   2      1156.96      1156.82
  2203   2203  257.92   36.00   2      1101.91      1101.68
  2204   2204  257.92   38.00   2      1044.59      1044.40
  2205   2205  257.92   40.00   2       982.51       982.05
  2206   2206  257.92   42.00   2       910.93       909.42
  2207   2207  257.92   44.00   2       821.84       820.37
  2208   2208  257.92   46.00   2       706.15       703.52
  2209   2209  257.92   48.00   2       590.85       588.40
  2210   2210  257.92   50.00   2       483.93       481.40
  2211   2211  257.92   52.00   2       387.16       385.94
  2212   2212  257.92   54.00   2       302.05       300.68
  2213   2213  259.92   52.00   2       189.48       189.24
  2214   2214  259.92   50.00   2       236.63       236.56
  2215   2215  259.92   48.00   2       300.59       300.77
  2216   2216  259.92   46.00   2       378.32       379.62
  2217   2217  259.92   44.00   2       469.57       470.86
  2218   2218  259.92   42.00   2       573.72       575.01
  2219   2219  259.92   40.00   2       688.33       691.96
  2220   2220  259.92   38.00   2       811.66       812.90
  2221   2221  259.92   36.00   2       912.05       913.38
  2222   2222  259.92   34.00   2       989.82       990.14
  2223   2223  259.92   32.00   2      1056.93      1057.16
  2224   2224  259.92   30.00   2      1117.48      1118.88
  2225   2225  259.92   28.00   2      1176.33      1176.47
  2226   2226  259.92   26.00   2      1233.23      1233.46
  2227   2227  259.92   24.00   2      1291.11      1291.14
  2228   2228  259.92   22.00   2      1350.64      1350.74
  2229   2229  259.92   20.00   2      1412.13      1412.15
  2230   2230  259.92   18.00   2      1475.20      1475.27
  2231   2231  259.92   16.00   2      1543.86      1544.13
  2232   2232  259.92   14.00   2      1616.34      1616.41
  2233   2233  259.92   12.00   2      1693.47      1693.61
  2234   2234  259.92   10.00   2      1776.51      1776.62
  2235   2235  259.92    8.00   2      1866.08      1866.28
  2236   2236  259.92    6.00   2      1962.90      1962.96
  2237   2237  259.92    4.00   2      2067.08      2067.23
  2238   2238  259.92    2.00   2      2178.10      2178.49
  2239   2239  259.92    0.00   2      2295.62      2295.77
  2240   2240  261.92    0.00   2      1974.20      1974.01
  2241   2241  261.92    2.00   2      1878.26      1878.08
  2242   2242  261.92    4.00   2      1788.62      1788.25
  2243   2243  261.92    6.00   2      1703.46      1703.36
  2244   2244  261.92    8.00   2      1624.63      1624.38
  2245   2245  261.92   10.00   2      1550.71      1550.57
  2246   2246  261.92   12.00   2      1481.46      1481.27
  2247   2247  261.92   14.00   2      1415.48      1415.41
  2248   2248  261.92   16.00   2      1353.19      1353.10
  2249   2249  261.92   18.00   2      1293.84      1293.58
  2250   2250  261.92   20.00   2      1235.26      1235.17
  2251   2251  261.92   22.00   2      1178.13      1177.83
  2252   2252  261.92   24.00   2      1119.97      1119.87
  2253   2253  261.92   26.00   2      1059.79      1059.51
  2254   2254  261.92   28.00   2       996.73       996.50
  2255   2255  261.92   30.00   2       925.14       923.86
  2256   2256  261.92   32.00   2       836.66       835.14
  2257   2257  261.92   34.00   2       718.63       715.98
  2258   2258  261.92   36.00   2       600.00       597.40
  2259   2259  261.92   38.00   2       489.78       487.15
  2260   2260  261.92   40.00   2       390.02       387.20
  2261   2261  261.92   42.00   2       301.81       300.53
  2262   2262  261.92   44.00   2       229.88       228.52
  2263   2263  261.92   46.00   2       173.84       173.55
  2264   2264  261.92   48.00   2       138.18       137.92
  2265   2265  263.92   42.00   2       120.60       120.77
  2266   2266  263.92   40.00   2       135.61       135.83
  2267   2267  263.92   38.00   2       165.86       166.00
  2268   2268  263.92   36.00   2       213.34       213.47
  2269   2269  263.92   34.00   2       276.44       277.58
  2270   2270  263.92   32.00   2       353.81       355.05
  2271   2271  263.92   30.00   2       445.47       446.80
  2272   2272  263.92   28.00   2       549.25       551.99
  2273   2273  263.92   26.00   2       665.96       667.67
  2274   2274  263.92   24.00   2       792.33       793.84
  2275   2275  263.92   22.00   2       900.76       903.26
  2276   2276  263.92   20.00   2       983.24       984.58
  2277   2277  263.92   18.00   2      1053.47      1053.71
  2278   2278  263.92   16.00   2      1116.42      1116.68
  2279   2279  263.92   14.00   2      1176.74      1176.84
  2280   2280  263.92   12.00   2      1235.76      1235.86
  2281   2281  263.92   10.00   2      1294.54      1294.79
  2282   2282  263.92    8.00   2      1355.70      1355.75
  2283   2283  263.92    6.00   2      1417.72      1417.88
  2284   2284  263.92    4.00   2      1482.84      1482.92
  2285   2285  263.92    2.00   2      1550.72      1550.85
  2286   2286  263.92    0.00   2      1621.41      1621.45
  2287   2287  265.92    0.00   2      1256.78      1256.47
  2288   2288  265.92    2.00   2      1205.14      1205.08
  2289   2289  265.92    4.00   2      1154.02      1153.75
  2290   2290  265.92    6.00   2      1100.33      1100.21
  2291   2291  265.92    8.00   2      1044.16      1043.95
  2292   2292  265.92   10.00   2       982.31       982.18
  2293   2293  265.92   12.00   2       910.90       909.63
  2294   2294  265.92   14.00   2       822.81       820.62
  2295   2295  265.92   16.00   2       708.43       706.90
  2296   2296  265.92   18.00   2       594.58       590.54
  2297   2297  265.92   20.00   2       486.90       484.60
  2298   2298  265.92   22.00   2       390.26       388.92
  2299   2299  265.92   24.00   2       305.47       305.18
  2300   2300  265.92   26.00   2       234.53       233.31
  2301   2301  265.92   28.00   2       179.22       177.94
  2302   2302  265.92   30.00   2       141.33       141.14
  2303   2303  265.92   32.00   2       122.96       122.61
  2304   2304  265.92   34.00   2       115.80       115.78
  2305   2305  265.92   36.00   2       115.61       115.54
  2306   2306  267.92   30.00   2       115.33       115.32
  2307   2307  267.92   28.00   2       115.30       115.29
  2308   2308  267.92   26.00   2       115.32       115.32
  2309   2309  267.92   24.00   2       115.34       115.35
  2310   2310  267.92   22.00   2       115.43       115.44
  2311   2311  267.92   20.00   2       115.58       115.63
  2312   2312  267.92   18.00   2       121.50       121.63
  2313   2313  267.92   16.00   2       136.20       136.34
  2314   2314  267.92   14.00   2       162.89       162.96
  2315   2315  267.92   12.00   2       200.44       201.49
  2316   2316  267.92   10.00   2       250.38       251.69
  2317   2317  267.92    8.00   2       308.47       309.70
  2318   2318  267.92    6.00   2       372.74       373.87
  2319   2319  267.92    4.00   2       441.66       442.94
  2320   2320  267.92    2.00   2       513.48       514.97
  2321   2321  267.92    0.00   2       585.43       586.67
  2322   2322  269.92    0.00   2       115.42       115.36
  2323   2323  269.92    2.00   2       115.28       115.26
  2324   2324  269.92    4.00   2       115.25       115.25
  2325   2325  269.92    6.00   2       115.22       115.20
  2326   2326  269.92    8.00   2       115.21       115.21
  2327   2327  269.92   10.00   2       115.20       115.18
  2328   2328  269.92   12.00   2       115.17       115.17
  2329   2329  269.92   14.00   2       115.18       115.17
  2330   2330  269.92   16.00   2       115.17       115.16
  2331   2331  269.92   18.00   2       115.16       115.16
  2332   2332  269.92   20.00   2       115.17       115.14
# END: scan time was  10588.8120761  seconds
