# Sensor scan measurement of Sensor IR1
# Iin=    34.80 mA ,  Vin= 12137.00 mV, T=    18.74 C 
# scanRangeX 151.50 mm; scanRangeY  70.00 mm; stepSize   2.00 mm; initialOffset   4.00 mm; sensorX 236.50 mm; start position at (x|y)=(  0.00|  0.00) mm
# iStep, iStep, Pos x, Pos y, nMeas, Meas1 ... MeasN
     0      0    0.00    0.00   2       114.90       114.89
     1      1    0.00    2.00   2       114.46       114.60
     2      2    0.00    4.00   2       114.52       114.64
     3      3    0.00    6.00   2       114.50       114.62
     4      4    0.00    8.00   2       114.51       114.64
     5      5    0.00   10.00   2       114.46       114.60
     6      6    0.00   12.00   2       114.52       114.65
     7      7    0.00   14.00   2       114.50       114.63
     8      8    0.00   16.00   2       114.49       114.62
     9      9    0.00   18.00   2       114.46       114.61
    10     10    0.00   20.00   2       114.48       114.63
    11     11    0.00   22.00   2       114.53       114.64
    12     12    0.00    0.00   2       114.52       114.64
    13     13    0.00    2.00   2       114.48       114.63
    14     14    0.00    4.00   2       114.54       114.64
    15     15    0.00    6.00   2       114.49       114.62
    16     16    0.00    8.00   2       114.56       114.66
    17     17    0.00   10.00   2       114.52       114.65
    18     18    0.00   12.00   2       114.56       114.67
    19     19    0.00   14.00   2       114.50       114.62
    20     20    0.00   16.00   2       114.54       114.65
    21     21    0.00   18.00   2       114.51       114.63
    22     22    0.00   20.00   2       114.54       114.66
    23     23    0.00   22.00   2       114.51       114.63
    24     24    0.00   24.00   2       114.52       114.65
    25     25    0.00   26.00   2       114.51       114.63
    26     26    0.00   28.00   2       114.51       114.64
    27     27    0.00   30.00   2       114.50       114.63
    28     28    0.00   32.00   2       114.52       114.64
    29     29    0.00    0.00   2       114.50       114.65
    30     30    0.00    2.00   2       114.51       114.64
    31     31    0.00    4.00   2       114.48       114.61
    32     32    0.00    6.00   2       114.51       114.64
    33     33    0.00    8.00   2       114.52       114.65
    34     34    0.00   10.00   2       114.47       114.61
    35     35    0.00   12.00   2       114.53       114.66
    36     36    0.00   14.00   2       114.50       114.63
    37     37    0.00   16.00   2       114.53       114.65
    38     38    0.00   18.00   2       114.50       114.63
    39     39    0.00   20.00   2       114.51       114.64
    40     40    0.00   22.00   2       114.54       114.65
    41     41    0.00   24.00   2       114.53       114.65
    42     42    0.00   26.00   2       114.57       114.67
    43     43    0.00   28.00   2       114.46       114.60
    44     44    0.00   30.00   2       114.52       114.64
    45     45    0.00   32.00   2       114.46       114.60
    46     46    0.00   34.00   2       114.51       114.64
    47     47    0.00   36.00   2       114.49       114.61
    48     48    0.00   38.00   2       114.52       114.65
    49     49    0.00    0.00   2       114.53       114.66
    50     50    0.00    2.00   2       114.47       114.60
    51     51    0.00    4.00   2       114.52       114.64
    52     52    0.00    6.00   2       114.46       114.60
    53     53    0.00    8.00   2       114.50       114.63
    54     54    0.00   10.00   2       114.51       114.63
    55     55    0.00   12.00   2       114.51       114.65
    56     56    0.00   14.00   2       114.48       114.61
    57     57    0.00   16.00   2       114.51       114.64
    58     58    0.00   18.00   2       114.49       114.63
    59     59    0.00   20.00   2       114.50       114.63
    60     60    0.00   22.00   2       114.49       114.63
    61     61    0.00   24.00   2       114.46       114.62
    62     62    0.00   26.00   2       114.54       114.65
    63     63    0.00   28.00   2       114.49       114.63
    64     64    0.00   30.00   2       114.55       114.65
    65     65    0.00   32.00   2       114.49       114.62
    66     66    0.00   34.00   2       114.56       114.66
    67     67    0.00   36.00   2       114.45       114.60
    68     68    0.00   38.00   2       114.56       114.65
    69     69    0.00   40.00   2       114.51       114.65
    70     70    0.00   42.00   2       114.51       114.63
    71     71    0.00   44.00   2       114.50       114.62
    72     72    0.00    0.00   2       114.53       114.66
    73     73    0.00    2.00   2       114.55       114.65
    74     74    0.00    4.00   2       114.49       114.63
    75     75    0.00    6.00   2       114.54       114.65
    76     76    0.00    8.00   2       114.48       114.63
    77     77    0.00   10.00   2       114.55       114.66
    78     78    0.00   12.00   2       114.46       114.61
    79     79    0.00   14.00   2       114.54       114.66
    80     80    0.00   16.00   2       114.53       114.65
    81     81    0.00   18.00   2       114.53       114.65
    82     82    0.00   20.00   2       114.47       114.61
    83     83    0.00   22.00   2       114.51       114.65
    84     84    0.00   24.00   2       114.49       114.62
    85     85    0.00   26.00   2       114.52       114.63
    86     86    0.00   28.00   2       114.50       114.63
    87     87    0.00   30.00   2       114.51       114.63
    88     88    0.00   32.00   2       114.54       114.65
    89     89    0.00   34.00   2       114.49       114.63
    90     90    0.00   36.00   2       114.52       114.64
    91     91    0.00   38.00   2       114.51       114.64
    92     92    0.00   40.00   2       114.45       114.60
    93     93    0.00   42.00   2       114.52       114.64
    94     94    0.00   44.00   2       114.55       114.66
    95     95    0.00   46.00   2       114.50       114.63
    96     96    0.00   48.00   2       114.55       114.64
    97     97    0.00    0.00   2       114.58       114.68
    98     98    0.00    2.00   2       114.53       114.65
    99     99    0.00    4.00   2       114.50       114.64
   100    100    0.00    6.00   2       114.52       114.65
   101    101    0.00    8.00   2       114.45       114.60
   102    102    0.00   10.00   2       114.52       114.65
   103    103    0.00   12.00   2       114.49       114.62
   104    104    0.00   14.00   2       114.51       114.64
   105    105    0.00   16.00   2       114.51       114.64
   106    106    0.00   18.00   2       114.48       114.62
   107    107    0.00   20.00   2       114.55       114.66
   108    108    0.00   22.00   2       114.49       114.63
   109    109    0.00   24.00   2       114.56       114.66
   110    110    0.00   26.00   2       114.51       114.64
   111    111    0.00   28.00   2       114.54       114.65
   112    112    0.00   30.00   2       114.48       114.62
   113    113    0.00   32.00   2       114.55       114.64
   114    114    0.00   34.00   2       114.50       114.63
   115    115    0.00   36.00   2       114.55       114.66
   116    116    0.00   38.00   2       114.51       114.63
   117    117    0.00   40.00   2       114.52       114.64
   118    118    0.00   42.00   2       114.45       114.58
   119    119    0.00   44.00   2       114.52       114.65
   120    120    0.00   46.00   2       114.51       114.63
   121    121    0.00   48.00   2       114.53       114.65
   122    122    0.00   50.00   2       114.49       114.62
   123    123    0.00   52.00   2       114.51       114.64
   124    124    0.00    0.00   2       114.56       114.66
   125    125    0.00    2.00   2       114.53       114.64
   126    126    0.00    4.00   2       114.49       114.62
   127    127    0.00    6.00   2       114.52       114.65
   128    128    0.00    8.00   2       114.51       114.64
   129    129    0.00   10.00   2       114.52       114.65
   130    130    0.00   12.00   2       114.50       114.62
   131    131    0.00   14.00   2       114.52       114.65
   132    132    0.00   16.00   2       114.45       114.61
   133    133    0.00   18.00   2       114.52       114.65
   134    134    0.00   20.00   2       114.47       114.61
   135    135    0.00   22.00   2       114.53       114.66
   136    136    0.00   24.00   2       114.51       114.63
   137    137    0.00   26.00   2       114.51       114.64
   138    138    0.00   28.00   2       114.46       114.61
   139    139    0.00   30.00   2       114.52       114.66
   140    140    0.00   32.00   2       114.54       114.66
   141    141    0.00   34.00   2       114.49       114.62
   142    142    0.00   36.00   2       114.55       114.66
   143    143    0.00   38.00   2       114.49       114.62
   144    144    0.00   40.00   2       114.53       114.65
   145    145    0.00   42.00   2       114.50       114.62
   146    146    0.00   44.00   2       114.52       114.65
   147    147    0.00   46.00   2       114.48       114.61
   148    148    0.00   48.00   2       114.52       114.66
   149    149    0.00   50.00   2       114.49       114.62
   150    150    0.00   52.00   2       114.52       114.64
   151    151    0.00   54.00   2       114.50       114.62
   152    152    0.00    0.00   2       114.52       114.64
   153    153    0.00    2.00   2       114.56       114.67
   154    154    0.00    4.00   2       114.49       114.62
   155    155    0.00    6.00   2       114.53       114.63
   156    156    0.00    8.00   2       114.49       114.62
   157    157    0.00   10.00   2       114.56       114.66
   158    158    0.00   12.00   2       114.49       114.62
   159    159    0.00   14.00   2       114.53       114.65
   160    160    0.00   16.00   2       114.47       114.60
   161    161    0.00   18.00   2       114.52       114.64
   162    162    0.00   20.00   2       114.46       114.60
   163    163    0.00   22.00   2       114.52       114.65
   164    164    0.00   24.00   2       114.47       114.60
   165    165    0.00   26.00   2       114.50       114.63
   166    166    0.00   28.00   2       114.50       114.63
   167    167    0.00   30.00   2       114.49       114.63
   168    168    0.00   32.00   2       114.52       114.65
   169    169    0.00   34.00   2       114.51       114.63
   170    170    0.00   36.00   2       114.54       114.65
   171    171    0.00   38.00   2       114.47       114.62
   172    172    0.00   40.00   2       114.56       114.65
   173    173    0.00   42.00   2       114.49       114.63
   174    174    0.00   44.00   2       114.54       114.64
   175    175    0.00   46.00   2       114.50       114.63
   176    176    0.00   48.00   2       114.53       114.65
   177    177    0.00   50.00   2       114.45       114.59
   178    178    0.00   52.00   2       114.52       114.65
   179    179    0.00   54.00   2       114.52       114.64
   180    180    0.00   56.00   2       114.49       114.62
   181    181    0.00   58.00   2       114.48       114.62
   182    182    0.00    0.00   2       114.56       114.67
   183    183    0.00    2.00   2       114.51       114.65
   184    184    0.00    4.00   2       114.56       114.65
   185    185    0.00    6.00   2       114.48       114.61
   186    186    0.00    8.00   2       114.56       114.65
   187    187    0.00   10.00   2       114.47       114.62
   188    188    0.00   12.00   2       114.55       114.65
   189    189    0.00   14.00   2       114.52       114.64
   190    190    0.00   16.00   2       114.51       114.65
   191    191    0.00   18.00   2       114.47       114.61
   192    192    0.00   20.00   2       114.52       114.64
   193    193    0.00   22.00   2       114.47       114.60
   194    194    0.00   24.00   2       114.52       114.64
   195    195    0.00   26.00   2       114.50       114.64
   196    196    0.00   28.00   2       114.50       114.63
   197    197    0.00   30.00   2       114.50       114.64
   198    198    0.00   32.00   2       114.49       114.63
   199    199    0.00   34.00   2       114.51       114.62
   200    200    0.00   36.00   2       114.47       114.61
   201    201    0.00   38.00   2       114.52       114.66
   202    202    0.00   40.00   2       114.50       114.63
   203    203    0.00   42.00   2       114.53       114.65
   204    204    0.00   44.00   2       114.48       114.62
   205    205    0.00   46.00   2       114.52       114.65
   206    206    0.00   48.00   2       114.52       114.64
   207    207    0.00   50.00   2       114.52       114.64
   208    208    0.00   52.00   2       114.47       114.61
   209    209    0.00   54.00   2       114.52       114.65
   210    210    0.00   56.00   2       114.49       114.63
   211    211    0.00   58.00   2       114.52       114.65
   212    212    0.00   60.00   2       114.52       114.63
   213    213    0.00    0.00   2       114.57       114.68
   214    214    0.00    2.00   2       114.57       114.67
   215    215    0.00    4.00   2       114.47       114.62
   216    216    0.00    6.00   2       114.55       114.67
   217    217    0.00    8.00   2       114.50       114.63
   218    218    0.00   10.00   2       114.52       114.65
   219    219    0.00   12.00   2       114.50       114.63
   220    220    0.00   14.00   2       114.53       114.66
   221    221    0.00   16.00   2       114.49       114.63
   222    222    0.00   18.00   2       114.53       114.65
   223    223    0.00   20.00   2       114.45       114.60
   224    224    0.00   22.00   2       114.52       114.65
   225    225    0.00   24.00   2       114.44       114.59
   226    226    0.00   26.00   2       114.51       114.64
   227    227    0.00   28.00   2       114.44       114.59
   228    228    0.00   30.00   2       114.50       114.63
   229    229    0.00   32.00   2       114.57       114.67
   230    230    0.00   34.00   2       114.50       114.64
   231    231    0.00   36.00   2       114.55       114.66
   232    232    0.00   38.00   2       114.50       114.63
   233    233    0.00   40.00   2       114.56       114.66
   234    234    0.00   42.00   2       114.51       114.63
   235    235    0.00   44.00   2       114.53       114.65
   236    236    0.00   46.00   2       114.48       114.61
   237    237    0.00   48.00   2       114.52       114.66
   238    238    0.00   50.00   2       114.44       114.60
   239    239    0.00   52.00   2       114.51       114.64
   240    240    0.00   54.00   2       114.47       114.61
   241    241    0.00   56.00   2       114.52       114.65
   242    242    0.00   58.00   2       114.48       114.62
   243    243    0.00   60.00   2       114.51       114.65
   244    244    0.00   62.00   2       114.45       114.59
   245    245    0.00    0.00   2       114.52       114.62
   246    246    0.00    2.00   2       114.52       114.65
   247    247    0.00    4.00   2       114.50       114.63
   248    248    0.00    6.00   2       114.53       114.66
   249    249    0.00    8.00   2       114.50       114.63
   250    250    0.00   10.00   2       114.53       114.65
   251    251    0.00   12.00   2       114.44       114.59
   252    252    0.00   14.00   2       114.51       114.64
   253    253    0.00   16.00   2       114.56       114.66
   254    254    0.00   18.00   2       114.53       114.66
   255    255    0.00   20.00   2       114.55       114.66
   256    256    0.00   22.00   2       114.49       114.61
   257    257    0.00   24.00   2       114.48       114.59
   258    258    0.00   26.00   2       114.56       114.66
   259    259    0.00   28.00   2       114.51       114.65
   260    260    0.00   30.00   2       114.50       114.63
   261    261    0.00   32.00   2       114.52       114.65
   262    262    0.00   34.00   2       114.50       114.63
   263    263    0.00   36.00   2       114.52       114.66
   264    264    0.00   38.00   2       114.51       114.64
   265    265    0.00   40.00   2       114.51       114.64
   266    266    0.00   42.00   2       114.46       114.62
   267    267    0.00   44.00   2       114.50       114.64
   268    268    0.00   46.00   2       114.46       114.61
   269    269    0.00   48.00   2       114.50       114.63
   270    270    0.00   50.00   2       114.55       114.64
   271    271    0.00   52.00   2       114.51       114.63
   272    272    0.00   54.00   2       114.55       114.67
   273    273    0.00   56.00   2       114.49       114.62
   274    274    0.00   58.00   2       114.55       114.65
   275    275    0.00   60.00   2       114.51       114.63
   276    276    0.00   62.00   2       114.55       114.66
   277    277    0.00   64.00   2       114.45       114.60
   278    278    0.00    0.00   2       114.51       114.65
   279    279    0.00    2.00   2       114.54       114.67
   280    280    0.00    4.00   2       114.47       114.61
   281    281    0.00    6.00   2       114.53       114.66
   282    282    0.00    8.00   2       114.44       114.59
   283    283    0.00   10.00   2       114.53       114.66
   284    284    0.00   12.00   2       114.51       114.63
   285    285    0.00   14.00   2       114.51       114.64
   286    286    0.00   16.00   2       114.45       114.61
   287    287    0.00   18.00   2       114.52       114.65
   288    288    0.00   20.00   2       114.53       114.65
   289    289    0.00   22.00   2       114.49       114.62
   290    290    0.00   24.00   2       114.51       114.65
   291    291    0.00   26.00   2       114.44       114.59
   292    292    0.00   28.00   2       114.48       114.60
   293    293    0.00   30.00   2       114.50       114.63
   294    294    0.00   32.00   2       114.53       114.66
   295    295    0.00   34.00   2       114.46       114.61
   296    296    0.00   36.00   2       114.53       114.66
   297    297    0.00   38.00   2       114.48       114.62
   298    298    0.00   40.00   2       114.52       114.66
   299    299    0.00   42.00   2       114.50       114.63
   300    300    0.00   44.00   2       114.54       114.66
   301    301    0.00   46.00   2       114.46       114.60
   302    302    0.00   48.00   2       114.52       114.65
   303    303    0.00   50.00   2       114.53       114.65
   304    304    0.00   52.00   2       114.49       114.63
   305    305    0.00   54.00   2       114.56       114.66
   306    306    0.00   56.00   2       114.50       114.63
   307    307    0.00   58.00   2       114.45       114.60
   308    308    0.00   60.00   2       114.51       114.64
   309    309    0.00   62.00   2       114.57       114.67
   310    310    0.00   64.00   2       114.53       114.64
   311    311    0.00   66.00   2       114.56       114.66
   312    312    0.00    0.00   2       114.53       114.66
   313    313    0.00    2.00   2       114.49       114.63
   314    314    0.00    4.00   2       114.48       114.62
   315    315    0.00    6.00   2       114.56       114.66
   316    316    0.00    8.00   2       114.50       114.64
   317    317    0.00   10.00   2       114.54       114.64
   318    318    0.00   12.00   2       114.49       114.62
   319    319    0.00   14.00   2       114.57       114.66
   320    320    0.00   16.00   2       114.50       114.63
   321    321    0.00   18.00   2       114.56       114.66
   322    322    0.00   20.00   2       114.43       114.58
   323    323    0.00   22.00   2       114.52       114.64
   324    324    0.00   24.00   2       114.46       114.60
   325    325    0.00   26.00   2       114.53       114.65
   326    326    0.00   28.00   2       114.50       114.63
   327    327    0.00   30.00   2       114.51       114.64
   328    328    0.00   32.00   2       114.45       114.60
   329    329    0.00   34.00   2       114.51       114.64
   330    330    0.00   36.00   2       114.46       114.61
   331    331    0.00   38.00   2       114.49       114.62
   332    332    0.00   40.00   2       114.46       114.61
   333    333    0.00   42.00   2       114.51       114.64
   334    334    0.00   44.00   2       114.54       114.65
   335    335    0.00   46.00   2       114.50       114.62
   336    336    0.00   48.00   2       114.52       114.65
   337    337    0.00   50.00   2       114.47       114.61
   338    338    0.00   52.00   2       114.53       114.66
   339    339    0.00   54.00   2       114.51       114.63
   340    340    0.00   56.00   2       114.51       114.66
   341    341    0.00   58.00   2       114.45       114.59
   342    342    0.00   60.00   2       114.53       114.66
   343    343    0.00   62.00   2       114.52       114.63
   344    344    0.00   64.00   2       114.46       114.60
   345    345    0.00   66.00   2       114.49       114.64
   346    346    0.00    0.00   2       114.55       114.67
   347    347    0.00    2.00   2       114.48       114.63
   348    348    0.00    4.00   2       114.53       114.66
   349    349    0.00    6.00   2       114.47       114.63
   350    350    0.00    8.00   2       114.53       114.66
   351    351    0.00   10.00   2       114.48       114.63
   352    352    0.00   12.00   2       114.52       114.65
   353    353    0.00   14.00   2       114.47       114.61
   354    354    0.00   16.00   2       114.53       114.66
   355    355    0.00   18.00   2       114.52       114.65
   356    356    0.00   20.00   2       114.53       114.66
   357    357    0.00   22.00   2       114.57       114.67
   358    358    0.00   24.00   2       114.52       114.65
   359    359    0.00   26.00   2       114.56       114.67
   360    360    0.00   28.00   2       114.51       114.64
   361    361    0.00   30.00   2       114.56       114.67
   362    362    0.00   32.00   2       114.51       114.64
   363    363    0.00   34.00   2       114.53       114.66
   364    364    0.00   36.00   2       114.47       114.61
   365    365    0.00   38.00   2       114.53       114.66
   366    366    0.00   40.00   2       114.52       114.64
   367    367    0.00   42.00   2       114.51       114.64
   368    368    0.00   44.00   2       114.44       114.59
   369    369    0.00   46.00   2       114.52       114.65
   370    370    0.00   48.00   2       114.50       114.63
   371    371    0.00   50.00   2       114.53       114.64
   372    372    0.00   52.00   2       114.55       114.66
   373    373    0.00   54.00   2       114.53       114.65
   374    374    0.00   56.00   2       114.52       114.65
   375    375    0.00   58.00   2       114.49       114.64
   376    376    0.00   60.00   2       114.46       114.60
   377    377    0.00   62.00   2       114.51       114.64
   378    378    0.00   64.00   2       114.56       114.65
   379    379    0.00   66.00   2       114.48       114.62
   380    380    0.00   68.00   2       114.56       114.66
   381    381    0.00    0.00   2       114.54       114.66
   382    382    0.00    2.00   2       114.47       114.60
   383    383    0.00    4.00   2       114.48       114.61
   384    384    0.00    6.00   2       114.58       114.67
   385    385    0.00    8.00   2       114.52       114.65
   386    386    0.00   10.00   2       114.47       114.61
   387    387    0.00   12.00   2       114.54       114.67
   388    388    0.00   14.00   2       114.48       114.63
   389    389    0.00   16.00   2       114.52       114.64
   390    390    0.00   18.00   2       114.48       114.62
   391    391    0.00   20.00   2       114.51       114.64
   392    392    0.00   22.00   2       114.52       114.64
   393    393    0.00   24.00   2       114.51       114.64
   394    394    0.00   26.00   2       114.55       114.67
   395    395    0.00   28.00   2       114.52       114.64
   396    396    0.00   30.00   2       114.53       114.65
   397    397    0.00   32.00   2       114.50       114.63
   398    398    0.00   34.00   2       114.53       114.66
   399    399    0.00   36.00   2       114.48       114.61
   400    400    0.00   38.00   2       114.52       114.65
   401    401    0.00   40.00   2       114.45       114.60
   402    402    0.00   42.00   2       114.55       114.66
   403    403    0.00   44.00   2       114.50       114.64
   404    404    0.00   46.00   2       114.51       114.64
   405    405    0.00   48.00   2       114.49       114.62
   406    406    0.00   50.00   2       114.52       114.64
   407    407    0.00   52.00   2       114.48       114.61
   408    408    0.00   54.00   2       114.50       114.65
   409    409    0.00   56.00   2       114.52       114.65
   410    410    0.00   58.00   2       114.49       114.64
   411    411    0.00   60.00   2       114.45       114.60
   412    412    0.00   62.00   2       114.50       114.63
   413    413    0.00   64.00   2       114.46       114.61
   414    414    0.00   66.00   2       114.51       114.64
   415    415    0.00   68.00   2       114.46       114.61
   416    416    0.00    0.00   2       114.57       114.68
   417    417    0.00    2.00   2       114.49       114.63
   418    418    0.00    4.00   2       114.48       114.61
   419    419    0.00    6.00   2       114.50       114.64
   420    420    0.00    8.00   2       114.51       114.64
   421    421    0.00   10.00   2       114.50       114.64
   422    422    0.00   12.00   2       114.49       114.63
   423    423    0.00   14.00   2       114.53       114.65
   424    424    0.00   16.00   2       114.49       114.61
   425    425    0.00   18.00   2       114.56       114.66
   426    426    0.00   20.00   2       114.53       114.65
   427    427    0.00   22.00   2       114.49       114.64
   428    428    0.00   24.00   2       114.54       114.65
   429    429    0.00   26.00   2       114.45       114.60
   430    430    0.00   28.00   2       114.53       114.65
   431    431    0.00   30.00   2       114.53       114.65
   432    432    0.00   32.00   2       114.49       114.63
   433    433    0.00   34.00   2       114.56       114.67
   434    434    0.00   36.00   2       114.51       114.64
   435    435    0.00   38.00   2       114.55       114.65
   436    436    0.00   40.00   2       114.53       114.66
   437    437    0.00   42.00   2       114.56       114.66
   438    438    0.00   44.00   2       114.51       114.64
   439    439    0.00   46.00   2       114.56       114.66
   440    440    0.00   48.00   2       114.47       114.62
   441    441    0.00   50.00   2       114.57       114.67
   442    442    0.00   52.00   2       114.50       114.63
   443    443    0.00   54.00   2       114.52       114.66
   444    444    0.00   56.00   2       114.52       114.64
   445    445    0.00   58.00   2       114.45       114.60
   446    446    0.00   60.00   2       114.53       114.65
   447    447    0.00   62.00   2       114.52       114.65
   448    448    0.00   64.00   2       114.47       114.62
   449    449    0.00   66.00   2       114.52       114.65
   450    450    0.00   68.00   2       114.53       114.66
   451    451    0.00    0.00   2       114.52       114.65
   452    452    0.00    2.00   2       114.56       114.67
   453    453    0.00    4.00   2       114.48       114.62
   454    454    0.00    6.00   2       114.55       114.66
   455    455    0.00    8.00   2       114.46       114.61
   456    456    0.00   10.00   2       114.43       114.59
   457    457    0.00   12.00   2       114.52       114.65
   458    458    0.00   14.00   2       114.48       114.63
   459    459    0.00   16.00   2       114.49       114.62
   460    460    0.00   18.00   2       114.56       114.66
   461    461    0.00   20.00   2       114.51       114.64
   462    462    0.00   22.00   2       114.51       114.65
   463    463    0.00   24.00   2       114.51       114.65
   464    464    0.00   26.00   2       114.50       114.63
   465    465    0.00   28.00   2       114.46       114.61
   466    466    0.00   30.00   2       114.45       114.60
   467    467    0.00   32.00   2       114.52       114.64
   468    468    0.00   34.00   2       114.43       114.58
   469    469    0.00   36.00   2       114.51       114.63
   470    470    0.00   38.00   2       114.51       114.64
   471    471    0.00   40.00   2       114.45       114.60
   472    472    0.00   42.00   2       114.51       114.64
   473    473    0.00   44.00   2       114.49       114.64
   474    474    0.00   46.00   2       114.45       114.61
   475    475    0.00   48.00   2       114.55       114.66
   476    476    0.00   50.00   2       114.49       114.62
   477    477    0.00   52.00   2       114.51       114.64
   478    478    0.00   54.00   2       114.48       114.61
   479    479    0.00   56.00   2       114.47       114.61
   480    480    0.00   58.00   2       114.48       114.63
   481    481    0.00   60.00   2       114.56       114.65
   482    482    0.00   62.00   2       114.45       114.61
   483    483    0.00   64.00   2       114.55       114.66
   484    484    0.00   66.00   2       114.43       114.59
   485    485    0.00   68.00   2       114.52       114.64
   486    486    0.00    0.00   2       114.57       114.67
   487    487    0.00    2.00   2       114.51       114.63
   488    488    0.00    4.00   2       114.51       114.63
   489    489    0.00    6.00   2       114.55       114.66
   490    490    0.00    8.00   2       114.52       114.63
   491    491    0.00   10.00   2       114.51       114.63
   492    492    0.00   12.00   2       114.52       114.64
   493    493    0.00   14.00   2       114.49       114.62
   494    494    0.00   16.00   2       114.49       114.63
   495    495    0.00   18.00   2       114.54       114.65
   496    496    0.00   20.00   2       114.55       114.67
   497    497    0.00   22.00   2       114.44       114.60
   498    498    0.00   24.00   2       114.47       114.61
   499    499    0.00   26.00   2       114.51       114.63
   500    500    0.00   28.00   2       114.52       114.64
   501    501    0.00   30.00   2       114.49       114.62
   502    502    0.00   32.00   2       114.46       114.61
   503    503    0.00   34.00   2       114.52       114.66
   504    504    0.00   36.00   2       114.43       114.59
   505    505    0.00   38.00   2       114.51       114.64
   506    506    0.00   40.00   2       114.51       114.64
   507    507    0.00   42.00   2       114.46       114.61
   508    508    0.00   44.00   2       114.51       114.63
   509    509    0.00   46.00   2       114.57       114.65
   510    510    0.00   48.00   2       114.49       114.61
   511    511    0.00   50.00   2       114.50       114.64
   512    512    0.00   52.00   2       114.52       114.66
   513    513    0.00   54.00   2       114.45       114.60
   514    514    0.00   56.00   2       114.52       114.65
   515    515    0.00   58.00   2       114.46       114.61
   516    516    0.00   60.00   2       114.52       114.64
   517    517    0.00   62.00   2       114.52       114.65
   518    518    0.00   64.00   2       114.49       114.61
   519    519    0.00   66.00   2       114.46       114.61
   520    520    0.00   68.00   2       114.52       114.65
   521    521    0.00    0.00   2       114.52       114.64
   522    522    0.00    2.00   2       114.50       114.63
   523    523    0.00    4.00   2       114.56       114.66
   524    524    0.00    6.00   2       114.48       114.63
   525    525    0.00    8.00   2       114.51       114.64
   526    526    0.00   10.00   2       114.48       114.60
   527    527    0.00   12.00   2       114.46       114.60
   528    528    0.00   14.00   2       114.53       114.65
   529    529    0.00   16.00   2       114.51       114.64
   530    530    0.00   18.00   2       114.49       114.64
   531    531    0.00   20.00   2       114.52       114.64
   532    532    0.00   22.00   2       114.48       114.61
   533    533    0.00   24.00   2       114.53       114.66
   534    534    0.00   26.00   2       114.50       114.64
   535    535    0.00   28.00   2       114.51       114.63
   536    536    0.00   30.00   2       114.51       114.65
   537    537    0.00   32.00   2       114.47       114.61
   538    538    0.00   34.00   2       114.50       114.64
   539    539    0.00   36.00   2       114.48       114.61
   540    540    0.00   38.00   2       114.55       114.66
   541    541    0.00   40.00   2       114.50       114.64
   542    542    0.00   42.00   2       114.56       114.67
   543    543    0.00   44.00   2       114.50       114.62
   544    544    0.00   46.00   2       114.48       114.61
   545    545    0.00   48.00   2       114.52       114.64
   546    546    0.00   50.00   2       114.52       114.65
   547    547    0.00   52.00   2       114.48       114.63
   548    548    0.00   54.00   2       114.56       114.67
   549    549    0.00   56.00   2       114.52       114.64
   550    550    0.00   58.00   2       114.44       114.60
   551    551    0.00   60.00   2       114.51       114.64
   552    552    0.00   62.00   2       114.46       114.60
   553    553    0.00   64.00   2       114.45       114.60
   554    554    0.00   66.00   2       114.53       114.66
   555    555    0.00   68.00   2       114.47       114.62
   556    556    0.00    0.00   2       114.54       114.66
   557    557    0.00    2.00   2       114.50       114.65
   558    558    0.00    4.00   2       114.51       114.64
   559    559    0.00    6.00   2       114.44       114.61
   560    560    0.00    8.00   2       114.50       114.63
   561    561    0.00   10.00   2       114.56       114.65
   562    562    0.00   12.00   2       114.52       114.65
   563    563    0.00   14.00   2       114.52       114.64
   564    564    0.00   16.00   2       114.43       114.59
   565    565    0.00   18.00   2       114.50       114.63
   566    566    0.00   20.00   2       114.51       114.63
   567    567    0.00   22.00   2       114.49       114.63
   568    568    0.00   24.00   2       114.52       114.65
   569    569    0.00   26.00   2       114.50       114.63
   570    570    0.00   28.00   2       114.46       114.62
   571    571    0.00   30.00   2       114.55       114.65
   572    572    0.00   32.00   2       114.48       114.61
   573    573    0.00   34.00   2       114.51       114.64
   574    574    0.00   36.00   2       114.48       114.61
   575    575    0.00   38.00   2       114.45       114.60
   576    576    0.00   40.00   2       114.51       114.64
   577    577    0.00   42.00   2       114.43       114.58
   578    578    0.00   44.00   2       114.52       114.65
   579    579    0.00   46.00   2       114.46       114.62
   580    580    0.00   48.00   2       114.51       114.63
   581    581    0.00   50.00   2       114.55       114.65
   582    582    0.00   52.00   2       114.47       114.60
   583    583    0.00   54.00   2       114.51       114.64
   584    584    0.00   56.00   2       114.49       114.60
   585    585    0.00   58.00   2       114.45       114.60
   586    586    0.00   60.00   2       114.51       114.64
   587    587    0.00   62.00   2       114.46       114.60
   588    588    0.00   64.00   2       114.48       114.63
   589    589    0.00   66.00   2       114.54       114.65
   590    590    0.00   68.00   2       114.43       114.58
   591    591    0.00    0.00   2       114.53       114.66
   592    592    0.00    2.00   2       114.45       114.60
   593    593    0.00    4.00   2       114.52       114.65
   594    594    0.00    6.00   2       114.43       114.59
   595    595    0.00    8.00   2       114.52       114.64
   596    596    0.00   10.00   2       114.54       114.64
   597    597    0.00   12.00   2       114.50       114.62
   598    598    0.00   14.00   2       114.46       114.60
   599    599    0.00   16.00   2       114.56       114.65
   600    600    0.00   18.00   2       114.48       114.62
   601    601    0.00   20.00   2       114.52       114.65
   602    602    0.00   22.00   2       114.50       114.64
   603    603    0.00   24.00   2       114.52       114.65
   604    604    0.00   26.00   2       114.44       114.59
   605    605    0.00   28.00   2       114.53       114.65
   606    606    0.00   30.00   2       114.55       114.66
   607    607    0.00   32.00   2       114.45       114.59
   608    608    0.00   34.00   2       114.52       114.65
   609    609    0.00   36.00   2       114.47       114.61
   610    610    0.00   38.00   2       114.50       114.64
   611    611    0.00   40.00   2       114.53       114.66
   612    612    0.00   42.00   2       114.47       114.61
   613    613    0.00   44.00   2       114.53       114.65
   614    614    0.00   46.00   2       114.44       114.59
   615    615    0.00   48.00   2       114.47       114.61
   616    616    0.00   50.00   2       114.55       114.65
   617    617    0.00   52.00   2       114.46       114.61
   618    618    0.00   54.00   2       114.53       114.66
   619    619    0.00   56.00   2       114.47       114.62
   620    620    0.00   58.00   2       114.49       114.63
   621    621    0.00   60.00   2       114.50       114.62
   622    622    0.00   62.00   2       114.56       114.67
   623    623    0.00   64.00   2       114.48       114.62
   624    624    0.00   66.00   2       114.56       114.66
   625    625    0.00   68.00   2       114.45       114.60
