# Sensor scan measurement of Sensor IR1
# Iin=    34.79 mA ,  Vin= 12140.80 mV, T=    18.12 C 
# scanRangeX 151.50 mm; scanRangeY  70.00 mm; stepSize   2.00 mm; initialOffset   4.00 mm; sensorX 236.50 mm; start position at (x|y)=(119.92|  0.00) mm
# iStep, iStep, Pos x, Pos y, nMeas, Meas1 ... MeasN
  1353   1353  201.92    0.00   2       115.21       115.18
  1354   1354  201.92    2.00   2       115.26       115.23
  1355   1355  201.92    4.00   2       115.20       115.19
  1356   1356  201.92    6.00   2       115.22       115.19
  1357   1357  201.92    8.00   2       115.21       115.21
  1358   1358  201.92   10.00   2       115.15       115.16
  1359   1359  201.92   12.00   2       115.12       115.15
  1410   1410  203.92   28.00   2       115.10       115.11
  1411   1411  203.92   26.00   2       115.13       115.14
  1412   1412  203.92   24.00   2       115.07       115.12
  1413   1413  203.92   22.00   2       115.29       115.23
  1414   1414  203.92   20.00   2       115.11       115.13
  1415   1415  203.92   18.00   2       115.24       115.23
  1416   1416  203.92   16.00   2       115.12       115.14
  1417   1417  203.92   14.00   2       115.19       115.20
  1418   1418  203.92   12.00   2       115.16       115.18
  1419   1419  203.92   10.00   2       115.16       115.18
  1420   1420  203.92    8.00   2       115.23       115.24
  1421   1421  203.92    6.00   2       115.15       115.18
  1422   1422  203.92    4.00   2       115.34       115.31
  1423   1423  203.92    2.00   2       115.22       115.23
  1424   1424  203.92    0.00   2       115.21       115.20
  1425   1425  205.92    0.00   2       365.37       367.77
  1426   1426  205.92    2.00   2       354.02       354.25
  1427   1427  205.92    4.00   2       326.21       326.11
  1428   1428  205.92    6.00   2       290.15       289.91
  1429   1429  205.92    8.00   2       250.90       250.78
  1430   1430  205.92   10.00   2       212.41       212.18
  1431   1431  205.92   12.00   2       177.35       177.29
  1432   1432  205.92   14.00   2       149.97       149.88
  1433   1433  205.92   16.00   2       130.83       130.82
  1434   1434  205.92   18.00   2       119.76       119.78
  1435   1435  205.92   20.00   2       115.53       115.55
  1436   1436  205.92   22.00   2       115.29       115.31
  1437   1437  205.92   24.00   2       115.23       115.25
  1438   1438  205.92   26.00   2       115.14       115.16
  1439   1439  205.92   28.00   2       115.28       115.23
  1440   1440  205.92   30.00   2       115.06       115.09
  1441   1441  205.92   32.00   2       115.10       115.11
  1442   1442  205.92   34.00   2       115.06       115.08
  1443   1443  205.92   36.00   2       115.15       115.13
  1444   1444  205.92   38.00   2       115.01       115.05
  1473   1473  207.92   46.00   2       115.10       115.11
  1474   1474  207.92   44.00   2       115.05       115.07
  1475   1475  207.92   42.00   2       115.18       115.16
  1476   1476  207.92   40.00   2       115.12       115.13
  1477   1477  207.92   38.00   2       115.21       115.22
  1478   1478  207.92   36.00   2       115.43       115.46
  1479   1479  207.92   34.00   2       121.12       121.13
  1480   1480  207.92   32.00   2       137.55       137.57
  1481   1481  207.92   30.00   2       168.25       168.36
  1482   1482  207.92   28.00   2       214.07       214.22
  1483   1483  207.92   26.00   2       273.09       273.38
  1484   1484  207.92   24.00   2       344.62       344.85
  1485   1485  207.92   22.00   2       426.48       426.59
  1486   1486  207.92   20.00   2       516.17       517.43
  1487   1487  207.92   18.00   2       616.02       617.54
  1488   1488  207.92   16.00   2       722.88       723.09
  1489   1489  207.92   14.00   2       819.97       820.13
  1490   1490  207.92   12.00   2       892.53       892.60
  1491   1491  207.92   10.00   2       949.80       949.86
  1492   1492  207.92    8.00   2      1026.70      1025.46
  1493   1493  207.92    6.00   2      1072.67      1072.73
  1494   1494  207.92    4.00   2      1117.34      1117.18
  1495   1495  207.92    2.00   2      1156.52      1156.41
  1496   1496  207.92    0.00   2      1189.63      1189.80
  1497   1497  209.92    0.00   2      1541.97      1533.15
  1498   1498  209.92    2.00   2      1513.26      1513.31
  1499   1499  209.92    4.00   2      1461.68      1461.64
  1500   1500  209.92    6.00   2      1408.37      1408.42
  1501   1501  209.92    8.00   2      1355.85      1355.83
  1502   1502  209.92   10.00   2      1303.08      1303.03
  1503   1503  209.92   12.00   2      1250.74      1250.69
  1504   1504  209.92   14.00   2      1198.81      1198.77
  1505   1505  209.92   16.00   2      1146.90      1146.90
  1506   1506  209.92   18.00   2      1093.96      1093.93
  1507   1507  209.92   20.00   2      1037.87      1037.79
  1508   1508  209.92   22.00   2       977.24       977.06
  1509   1509  209.92   24.00   2       908.11       907.88
  1510   1510  209.92   26.00   2       821.93       820.68
  1511   1511  209.92   28.00   2       712.15       710.78
  1512   1512  209.92   30.00   2       599.84       598.50
  1513   1513  209.92   32.00   2       495.91       495.71
  1514   1514  209.92   34.00   2       402.68       401.48
  1515   1515  209.92   36.00   2       321.19       320.00
  1516   1516  209.92   38.00   2       250.41       250.06
  1517   1517  209.92   40.00   2       193.68       193.35
  1518   1518  209.92   42.00   2       152.59       152.49
  1519   1519  209.92   44.00   2       128.08       128.01
  1520   1520  209.92   46.00   2       117.00       117.00
  1521   1521  209.92   48.00   2       115.46       115.49
  1522   1522  209.92   50.00   2       115.32       115.35
  1523   1523  209.92   52.00   2       115.22       115.24
  1540   1540  211.92   56.00   2       115.36       115.40
  1541   1541  211.92   54.00   2       117.57       117.50
  1542   1542  211.92   52.00   2       127.61       127.66
  1543   1543  211.92   50.00   2       149.42       149.48
  1544   1544  211.92   48.00   2       185.30       185.41
  1545   1545  211.92   46.00   2       234.72       234.85
  1546   1546  211.92   44.00   2       296.79       297.08
  1547   1547  211.92   42.00   2       370.71       371.90
  1548   1548  211.92   40.00   2       456.65       456.83
  1549   1549  211.92   38.00   2       552.92       553.17
  1550   1550  211.92   36.00   2       659.05       659.22
  1551   1551  211.92   34.00   2       773.73       775.03
  1552   1552  211.92   32.00   2       874.35       875.59
  1553   1553  211.92   30.00   2       950.66       950.88
  1554   1554  211.92   28.00   2      1013.68      1013.92
  1555   1555  211.92   26.00   2      1072.19      1072.38
  1556   1556  211.92   24.00   2      1126.35      1126.41
  1557   1557  211.92   22.00   2      1173.72      1173.65
  1558   1558  211.92   20.00   2      1224.59      1225.91
  1559   1559  211.92   18.00   2      1277.38      1283.17
  1560   1560  211.92   16.00   2      1345.36      1344.06
  1561   1561  211.92   14.00   2      1393.88      1389.71
  1562   1562  211.92   12.00   2      1455.99      1456.94
  1563   1563  211.92   10.00   2      1505.63      1525.15
  1564   1564  211.92    8.00   2      1600.16      1600.04
  1565   1565  211.92    6.00   2      1664.12      1664.22
  1566   1566  211.92    4.00   2      1732.62      1732.59
  1567   1567  211.92    2.00   2      1798.61      1798.43
  1568   1568  211.92    0.00   2      1861.22      1863.91
  1569   1569  213.92    0.00   2      2132.59      2123.70
  1570   1570  213.92    2.00   2      2067.88      2067.77
  1571   1571  213.92    4.00   2      1986.42      1986.41
  1572   1572  213.92    6.00   2      1904.64      1904.51
  1573   1573  213.92    8.00   2      1824.78      1824.78
  1574   1574  213.92   10.00   2      1747.81      1747.82
  1575   1575  213.92   12.00   2      1674.89      1674.84
  1576   1576  213.92   14.00   2      1605.07      1605.07
  1577   1577  213.92   16.00   2      1539.01      1539.02
  1578   1578  213.92   18.00   2      1476.25      1476.21
  1579   1579  213.92   20.00   2      1416.51      1416.50
  1580   1580  213.92   22.00   2      1359.13      1359.07
  1581   1581  213.92   24.00   2      1303.54      1303.52
  1582   1582  213.92   26.00   2      1249.62      1249.53
  1583   1583  213.92   28.00   2      1196.86      1196.84
  1584   1584  213.92   30.00   2      1144.49      1144.51
  1585   1585  213.92   32.00   2      1091.68      1091.63
  1586   1586  213.92   34.00   2      1035.95      1035.91
  1587   1587  213.92   36.00   2       977.20       977.06
  1588   1588  213.92   38.00   2       910.53       910.35
  1589   1589  213.92   40.00   2       829.57       828.29
  1590   1590  213.92   42.00   2       725.63       724.15
  1591   1591  213.92   44.00   2       617.20       616.91
  1592   1592  213.92   46.00   2       519.26       517.84
  1593   1593  213.92   48.00   2       428.60       427.19
  1594   1594  213.92   50.00   2       348.58       347.14
  1595   1595  213.92   52.00   2       278.30       277.91
  1596   1596  213.92   54.00   2       219.93       219.58
  1597   1597  213.92   56.00   2       173.42       173.30
  1598   1598  213.92   58.00   2       142.07       141.98
  1599   1599  213.92   60.00   2       124.17       124.18
  1604   1604  215.92   64.00   2       141.31       140.04
  1605   1605  215.92   62.00   2       165.80       165.86
  1606   1606  215.92   60.00   2       203.31       203.46
  1607   1607  215.92   58.00   2       252.81       252.98
  1608   1608  215.92   56.00   2       312.44       312.71
  1609   1609  215.92   54.00   2       382.97       383.29
  1610   1610  215.92   52.00   2       463.53       463.76
  1611   1611  215.92   50.00   2       552.85       554.08
  1612   1612  215.92   48.00   2       652.02       653.27
  1613   1613  215.92   46.00   2       757.78       759.17
  1614   1614  215.92   44.00   2       859.69       859.82
  1615   1615  215.92   42.00   2       936.49       936.76
  1616   1616  215.92   40.00   2      1001.06      1001.12
  1617   1617  215.92   38.00   2      1058.78      1058.90
  1618   1618  215.92   36.00   2      1112.66      1112.66
  1619   1619  215.92   34.00   2      1188.41      1165.12
  1620   1620  215.92   32.00   2      1229.91      1216.67
  1621   1621  215.92   30.00   2      1270.58      1268.95
  1622   1622  215.92   28.00   2      1321.88      1321.90
  1623   1623  215.92   26.00   2      1398.95      1376.42
  1624   1624  215.92   24.00   2      1447.94      1433.85
  1625   1625  215.92   22.00   2      1495.49      1493.72
  1626   1626  215.92   20.00   2      1557.34      1557.33
  1627   1627  215.92   18.00   2      1647.78      1623.66
  1628   1628  215.92   16.00   2      1710.67      1694.81
  1629   1629  215.92   14.00   2      1770.94      1768.83
  1630   1630  215.92   12.00   2      1847.84      1847.86
  1631   1631  215.92   10.00   2      1972.02      1931.25
  1632   1632  215.92    8.00   2      2048.16      2003.06
  1633   1633  215.92    6.00   2      2102.93      2100.87
  1634   1634  215.92    4.00   2      2188.68      2183.85
  1635   1635  215.92    2.00   2      2284.09      2284.00
  1636   1636  215.92    0.00   2      2369.63      2367.74
  1637   1637  217.92    0.00   2      2551.18      2554.80
  1638   1638  217.92    2.00   2      2486.81      2490.43
  1639   1639  217.92    4.00   2      2391.99      2391.95
  1640   1640  217.92    6.00   2      2294.62      2294.62
  1641   1641  217.92    8.00   2      2193.96      2193.87
  1642   1642  217.92   10.00   2      2096.47      2096.43
  1643   1643  217.92   12.00   2      2004.83      2004.76
  1644   1644  217.92   14.00   2      1916.60      1916.57
  1645   1645  217.92   16.00   2      1833.74      1833.70
  1646   1646  217.92   18.00   2      1755.97      1755.97
  1647   1647  217.92   20.00   2      1682.86      1682.83
  1648   1648  217.92   22.00   2      1614.72      1614.70
  1649   1649  217.92   24.00   2      1550.90      1550.91
  1650   1650  217.92   26.00   2      1490.01      1490.01
  1651   1651  217.92   28.00   2      1431.85      1431.81
  1652   1652  217.92   30.00   2      1376.43      1376.38
  1653   1653  217.92   32.00   2      1323.20      1323.19
  1654   1654  217.92   34.00   2      1272.01      1271.98
  1655   1655  217.92   36.00   2      1221.87      1221.86
  1656   1656  217.92   38.00   2      1172.44      1172.38
  1657   1657  217.92   40.00   2      1123.28      1123.19
  1658   1658  217.92   42.00   2      1072.90      1072.86
  1659   1659  217.92   44.00   2      1020.54      1020.46
  1660   1660  217.92   46.00   2       964.14       964.03
  1661   1661  217.92   48.00   2       900.70       900.52
  1662   1662  217.92   50.00   2       823.77       822.53
  1663   1663  217.92   52.00   2       724.87       724.56
  1664   1664  217.92   54.00   2       624.67       624.57
  1665   1665  217.92   56.00   2       532.56       531.17
  1666   1666  217.92   58.00   2       446.06       445.87
  1667   1667  217.92   60.00   2       370.43       369.16
  1668   1668  217.92   62.00   2       303.41       302.05
  1669   1669  217.92   64.00   2       247.87       247.55
  1670   1670  217.92   66.00   2       201.93       201.54
  1671   1671  219.92   70.00   2       213.13       211.85
  1672   1672  219.92   68.00   2       252.17       252.47
  1673   1673  219.92   66.00   2       302.42       302.61
  1674   1674  219.92   64.00   2       360.91       361.29
  1675   1675  219.92   62.00   2       429.11       430.30
  1676   1676  219.92   60.00   2       505.47       507.07
  1677   1677  219.92   58.00   2       591.40       592.60
  1678   1678  219.92   56.00   2       686.20       687.71
  1679   1679  219.92   54.00   2       788.92       790.48
  1680   1680  219.92   52.00   2       877.56       878.88
  1681   1681  219.92   50.00   2       946.94       947.16
  1682   1682  219.92   48.00   2      1006.64      1006.79
  1683   1683  219.92   46.00   2      1060.30      1060.34
  1684   1684  219.92   44.00   2      1110.35      1110.53
  1685   1685  219.92   42.00   2      1160.06      1159.96
  1686   1686  219.92   40.00   2      1208.23      1208.27
  1687   1687  219.92   38.00   2      1257.54      1257.56
  1688   1688  219.92   36.00   2      1307.32      1307.36
  1689   1689  219.92   34.00   2      1359.35      1359.34
  1690   1690  219.92   32.00   2      1412.47      1412.53
  1691   1691  219.92   30.00   2      1468.05      1468.06
  1692   1692  219.92   28.00   2      1526.49      1526.48
  1693   1693  219.92   26.00   2      1587.89      1587.90
  1694   1694  219.92   24.00   2      1653.18      1653.22
  1695   1695  219.92   22.00   2      1722.39      1722.43
  1696   1696  219.92   20.00   2      1796.18      1796.21
  1697   1697  219.92   18.00   2      1875.12      1875.20
  1698   1698  219.92   16.00   2      1958.87      1958.91
  1699   1699  219.92   14.00   2      2048.82      2048.84
  1700   1700  219.92   12.00   2      2143.27      2143.09
  1701   1701  219.92   10.00   2      2243.45      2243.31
  1702   1702  219.92    8.00   2      2344.16      2346.64
  1703   1703  219.92    6.00   2      2452.33      2453.61
  1704   1704  219.92    4.00   2      2544.94      2546.93
  1705   1705  219.92    2.00   2      2645.14      2643.89
  1706   1706  219.92    0.00   2      2720.67      2722.70
  1707   1707  221.92    0.00   2      2817.34      2829.69
  1708   1708  221.92    2.00   2      2793.33      2793.20
  1709   1709  221.92    4.00   2      2709.77      2709.66
  1710   1710  221.92    6.00   2      2611.39      2611.31
  1711   1711  221.92    8.00   2      2500.78      2500.66
  1712   1712  221.92   10.00   2      2388.67      2388.71
  1713   1713  221.92   12.00   2      2280.27      2280.22
  1714   1714  221.92   14.00   2      2176.02      2176.00
  1715   1715  221.92   16.00   2      2078.82      2078.79
  1716   1716  221.92   18.00   2      1986.65      1986.59
  1717   1717  221.92   20.00   2      1902.05      1901.92
  1718   1718  221.92   22.00   2      1821.87      1821.83
  1719   1719  221.92   24.00   2      1747.42      1747.35
  1720   1720  221.92   26.00   2      1677.73      1677.72
  1721   1721  221.92   28.00   2      1612.28      1612.25
  1722   1722  221.92   30.00   2      1550.87      1550.84
  1723   1723  221.92   32.00   2      1492.79      1492.75
  1724   1724  221.92   34.00   2      1437.74      1437.67
  1725   1725  221.92   36.00   2      1384.80      1384.79
  1726   1726  221.92   38.00   2      1334.41      1334.36
  1727   1727  221.92   40.00   2      1285.50      1285.46
  1728   1728  221.92   42.00   2      1237.57      1237.53
  1729   1729  221.92   44.00   2      1190.61      1190.58
  1730   1730  221.92   46.00   2      1144.25      1144.17
  1731   1731  221.92   48.00   2      1097.41      1097.26
  1732   1732  221.92   50.00   2      1048.67      1048.60
  1733   1733  221.92   52.00   2       997.49       997.33
  1734   1734  221.92   54.00   2       941.35       941.20
  1735   1735  221.92   56.00   2       878.46       878.07
  1736   1736  221.92   58.00   2       799.95       798.74
  1737   1737  221.92   60.00   2       706.62       705.05
  1738   1738  221.92   62.00   2       616.05       613.52
  1739   1739  221.92   64.00   2       529.13       527.74
  1740   1740  221.92   66.00   2       451.53       450.06
  1741   1741  221.92   68.00   2       382.24       380.85
  1742   1742  221.92   70.00   2       320.69       319.02
  1743   1743  223.92   70.00   2       408.51       408.68
  1744   1744  223.92   68.00   2       472.74       473.92
  1745   1745  223.92   66.00   2       545.98       547.42
  1746   1746  223.92   64.00   2       626.82       629.10
  1747   1747  223.92   62.00   2       715.96       717.56
  1748   1748  223.92   60.00   2       808.76       810.92
  1749   1749  223.92   58.00   2       888.27       889.45
  1750   1750  223.92   56.00   2       953.15       953.34
  1751   1751  223.92   54.00   2      1009.04      1009.36
  1752   1752  223.92   52.00   2      1060.83      1060.92
  1753   1753  223.92   50.00   2      1108.94      1109.01
  1754   1754  223.92   48.00   2      1155.40      1155.63
  1755   1755  223.92   46.00   2      1202.11      1202.19
  1756   1756  223.92   44.00   2      1249.15      1249.17
  1757   1757  223.92   42.00   2      1296.41      1296.48
  1758   1758  223.92   40.00   2      1345.01      1345.03
  1759   1759  223.92   38.00   2      1395.13      1395.19
  1760   1760  223.92   36.00   2      1447.56      1447.59
  1761   1761  223.92   34.00   2      1502.11      1502.18
  1762   1762  223.92   32.00   2      1559.75      1559.83
  1763   1763  223.92   30.00   2      1620.93      1620.89
  1764   1764  223.92   28.00   2      1685.23      1685.33
  1765   1765  223.92   26.00   2      1755.06      1755.06
  1766   1766  223.92   24.00   2      1828.33      1828.40
  1767   1767  223.92   22.00   2      1907.80      1907.84
  1768   1768  223.92   20.00   2      1993.03      1993.12
  1769   1769  223.92   18.00   2      2084.05      2084.13
  1770   1770  223.92   16.00   2      2181.72      2181.79
  1771   1771  223.92   14.00   2      2285.78      2285.82
  1772   1772  223.92   12.00   2      2396.81      2396.87
  1773   1773  223.92   10.00   2      2511.90      2512.02
  1774   1774  223.92    8.00   2      2628.63      2628.73
  1775   1775  223.92    6.00   2      2740.64      2740.77
  1776   1776  223.92    4.00   2      2839.30      2839.38
  1777   1777  223.92    2.00   2      2907.28      2907.30
  1778   1778  223.92    0.00   2      2908.55      2908.56
  1779   1779  225.92    0.00   2      2938.38      2940.35
  1780   1780  225.92    2.00   2      2992.55      2993.66
  1781   1781  225.92    4.00   2      2949.72      2949.69
  1782   1782  225.92    6.00   2      2858.43      2858.39
  1783   1783  225.92    8.00   2      2746.28      2746.11
  1784   1784  225.92   10.00   2      2624.84      2624.77
  1785   1785  225.92   12.00   2      2503.49      2503.36
  1786   1786  225.92   14.00   2      2385.56      2385.49
  1787   1787  225.92   16.00   2      2274.05      2274.00
  1788   1788  225.92   18.00   2      2169.75      2169.72
  1789   1789  225.92   20.00   2      2072.57      2072.53
  1790   1790  225.92   22.00   2      1937.35      1982.71
  1791   1791  225.92   24.00   2      1899.01      1898.99
  1792   1792  225.92   26.00   2      1821.43      1821.33
  1793   1793  225.92   28.00   2      1748.68      1748.67
  1794   1794  225.92   30.00   2      1681.19      1681.13
  1795   1795  225.92   32.00   2      1617.77      1617.74
  1796   1796  225.92   34.00   2      1558.06      1558.06
  1797   1797  225.92   36.00   2      1501.62      1501.57
  1798   1798  225.92   38.00   2      1447.90      1447.84
  1799   1799  225.92   40.00   2      1396.46      1396.39
  1800   1800  225.92   42.00   2      1347.60      1347.58
  1801   1801  225.92   44.00   2      1300.45      1300.34
  1802   1802  225.92   46.00   2      1254.95      1254.71
  1803   1803  225.92   48.00   2      1209.42      1209.29
  1804   1804  225.92   50.00   2      1164.97      1164.72
  1805   1805  225.92   52.00   2      1119.79      1119.69
  1806   1806  225.92   54.00   2      1074.67      1074.41
  1807   1807  225.92   56.00   2      1027.34      1027.27
  1808   1808  225.92   58.00   2       976.98       976.72
  1809   1809  225.92   60.00   2       921.42       921.21
  1810   1810  225.92   62.00   2       857.94       856.68
  1811   1811  225.92   64.00   2       779.60       778.37
  1812   1812  225.92   66.00   2       689.79       688.54
  1813   1813  225.92   68.00   2       604.09       602.60
  1814   1814  225.92   70.00   2       524.23       522.81
  1815   1815  227.92   70.00   2       593.71       593.95
  1816   1816  227.92   68.00   2       669.16       669.56
  1817   1817  227.92   66.00   2       752.95       754.27
  1818   1818  227.92   64.00   2       835.69       837.00
  1819   1819  227.92   62.00   2       904.53       904.89
  1820   1820  227.92   60.00   2       963.60       963.77
  1821   1821  227.92   58.00   2      1016.02      1016.19
  1822   1822  227.92   56.00   2      1063.97      1064.23
  1823   1823  227.92   54.00   2      1110.66      1110.75
  1824   1824  227.92   52.00   2      1155.61      1155.80
  1825   1825  227.92   50.00   2      1200.66      1200.72
  1826   1826  227.92   48.00   2      1245.52      1245.63
  1827   1827  227.92   46.00   2      1291.58      1291.58
  1828   1828  227.92   44.00   2      1338.23      1338.27
  1829   1829  227.92   42.00   2      1385.98      1386.25
  1830   1830  227.92   40.00   2      1437.02      1437.02
  1831   1831  227.92   38.00   2      1489.10      1489.33
  1832   1832  227.92   36.00   2      1544.85      1544.90
  1833   1833  227.92   34.00   2      1603.03      1603.18
  1834   1834  227.92   32.00   2      1665.21      1665.21
  1835   1835  227.92   30.00   2      1730.93      1731.04
  1836   1836  227.92   28.00   2      1801.66      1801.65
  1837   1837  227.92   26.00   2      1876.73      1876.78
  1838   1838  227.92   24.00   2      1957.76      1957.82
  1839   1839  227.92   22.00   2      2005.75      2045.47
  1840   1840  227.92   20.00   2      2139.79      2139.91
  1841   1841  227.92   18.00   2      2241.77      2241.78
  1842   1842  227.92   16.00   2      2350.90      2351.02
  1843   1843  227.92   14.00   2      2468.41      2468.44
  1844   1844  227.92   12.00   2      2591.36      2591.50
  1845   1845  227.92   10.00   2      2717.85      2717.92
  1846   1846  227.92    8.00   2      2842.31      2842.54
  1847   1847  227.92    6.00   2      2954.71      2954.76
  1848   1848  227.92    4.00   2      3037.23      3037.35
  1849   1849  227.92    2.00   2      3055.16      3055.21
  1850   1850  227.92    0.00   2      2886.08      2944.01
  1851   1851  229.92    0.00   2      2919.49      2919.46
  1852   1852  229.92    2.00   2      3094.05      3094.18
  1853   1853  229.92    4.00   2      3105.03      3105.05
  1854   1854  229.92    6.00   2      3031.74      3031.62
  1855   1855  229.92    8.00   2      2921.40      2921.29
  1856   1856  229.92   10.00   2      2794.26      2794.12
  1857   1857  229.92   12.00   2      2662.34      2662.29
  1858   1858  229.92   14.00   2      2533.38      2533.36
  1859   1859  229.92   16.00   2      2411.86      2411.89
  1860   1860  229.92   18.00   2      2298.36      2298.12
  1861   1861  229.92   20.00   2      2191.97      2191.89
  1862   1862  229.92   22.00   2      2094.17      2094.04
  1863   1863  229.92   24.00   2      2003.81      2003.47
  1864   1864  229.92   26.00   2      1919.13      1919.08
  1865   1865  229.92   28.00   2      1841.65      1841.43
  1866   1866  229.92   30.00   2      1768.96      1768.90
  1867   1867  229.92   32.00   2      1701.35      1701.16
  1868   1868  229.92   34.00   2      1637.82      1637.78
  1869   1869  229.92   36.00   2      1578.59      1578.47
  1870   1870  229.92   38.00   2      1522.67      1522.48
  1871   1871  229.92   40.00   2      1468.91      1468.85
  1872   1872  229.92   42.00   2      1418.33      1418.15
  1873   1873  229.92   44.00   2      1369.55      1369.50
  1874   1874  229.92   46.00   2      1322.84      1322.73
  1875   1875  229.92   48.00   2      1277.52      1277.44
  1876   1876  229.92   50.00   2      1233.22      1233.12
  1877   1877  229.92   52.00   2      1189.96      1189.79
  1878   1878  229.92   54.00   2      1146.30      1146.18
  1879   1879  229.92   56.00   2      1102.95      1102.67
  1880   1880  229.92   58.00   2      1058.10      1058.04
  1881   1881  229.92   60.00   2      1012.07      1011.81
  1882   1882  229.92   62.00   2       962.53       962.34
  1883   1883  229.92   64.00   2       907.94       907.54
  1884   1884  229.92   66.00   2       843.76       842.38
  1885   1885  229.92   68.00   2       764.61       763.42
  1886   1886  229.92   70.00   2       678.75       677.29
  1887   1887  231.92   70.00   2       718.32       718.15
  1888   1888  231.92   68.00   2       794.67       794.91
  1889   1889  231.92   66.00   2       866.21       866.54
  1890   1890  231.92   64.00   2       926.59       927.73
  1891   1891  231.92   62.00   2       981.10       981.29
  1892   1892  231.92   60.00   2      1029.79      1030.10
  1893   1893  231.92   58.00   2      1076.55      1076.63
  1894   1894  231.92   56.00   2      1121.07      1121.18
  1895   1895  231.92   54.00   2      1164.62      1164.89
  1896   1896  231.92   52.00   2      1208.87      1208.97
  1897   1897  231.92   50.00   2      1252.78      1252.99
  1898   1898  231.92   48.00   2      1298.00      1298.05
  1899   1899  231.92   46.00   2      1343.76      1343.89
  1900   1900  231.92   44.00   2      1391.80      1391.84
  1901   1901  231.92   42.00   2      1441.09      1441.17
  1902   1902  231.92   40.00   2      1493.05      1493.04
  1903   1903  231.92   38.00   2      1547.09      1547.18
  1904   1904  231.92   36.00   2      1603.96      1604.23
  1905   1905  231.92   34.00   2      1665.37      1665.43
  1906   1906  231.92   32.00   2      1729.78      1730.00
  1907   1907  231.92   30.00   2      1799.20      1799.25
  1908   1908  231.92   28.00   2      1873.10      1873.22
  1909   1909  231.92   26.00   2      1952.83      1953.00
  1910   1910  231.92   24.00   2      2039.01      2039.15
  1911   1911  231.92   22.00   2      2132.02      2132.03
  1912   1912  231.92   20.00   2      2232.44      2232.51
  1913   1913  231.92   18.00   2      2339.90      2340.28
  1914   1914  231.92   16.00   2      2457.51      2457.75
  1915   1915  231.92   14.00   2      2582.91      2583.23
  1916   1916  231.92   12.00   2      2715.04      2715.19
  1917   1917  231.92   10.00   2      2848.62      2848.92
  1918   1918  231.92    8.00   2      2976.80      2976.97
  1919   1919  231.92    6.00   2      3085.04      3085.01
  1920   1920  231.92    4.00   2      3146.82      3146.71
  1921   1921  231.92    2.00   2      3111.11      3111.11
  1922   1922  231.92    0.00   2      2877.46      2877.23
  1923   1923  233.92    0.00   2      2832.93      2832.77
  1924   1924  233.92    2.00   2      3109.88      3108.00
  1925   1925  233.92    4.00   2      3160.33      3155.26
  1926   1926  233.92    6.00   2      3122.29      3120.96
  1927   1927  233.92    8.00   2      3009.88      3008.48
  1928   1928  233.92   10.00   2      2863.85      2869.42
  1929   1929  233.92   12.00   2      2739.10      2742.08
  1930   1930  233.92   14.00   2      2612.56      2611.17
  1931   1931  233.92   16.00   2      2487.92      2489.68
  1932   1932  233.92   18.00   2      2369.63      2369.42
  1933   1933  233.92   20.00   2      2257.80      2257.47
  1934   1934  233.92   22.00   2      2154.84      2154.80
  1935   1935  233.92   24.00   2      2060.76      2060.53
  1936   1936  233.92   26.00   2      1972.87      1972.78
  1937   1937  233.92   28.00   2      1891.84      1891.64
  1938   1938  233.92   30.00   2      1815.94      1815.91
  1939   1939  233.92   32.00   2      1745.92      1745.84
  1940   1940  233.92   34.00   2      1680.48      1680.19
  1941   1941  233.92   36.00   2      1618.22      1618.16
  1942   1942  233.92   38.00   2      1560.20      1560.05
  1943   1943  233.92   40.00   2      1504.85      1504.82
  1944   1944  233.92   42.00   2      1452.89      1452.75
  1945   1945  233.92   44.00   2      1403.30      1403.13
  1946   1946  233.92   46.00   2      1355.54      1355.39
  1947   1947  233.92   48.00   2      1309.86      1309.68
  1948   1948  233.92   50.00   2      1265.20      1265.17
  1949   1949  233.92   52.00   2      1221.99      1221.77
  1950   1950  233.92   54.00   2      1179.64      1179.33
  1951   1951  233.92   56.00   2      1136.38      1136.24
  1952   1952  233.92   58.00   2      1093.96      1093.75
  1953   1953  233.92   60.00   2      1049.53      1049.35
  1954   1954  233.92   62.00   2      1004.07      1003.73
  1955   1955  233.92   64.00   2       954.86       954.65
  1956   1956  233.92   66.00   2       901.11       899.66
  1957   1957  233.92   68.00   2       837.68       836.50
  1958   1958  233.92   70.00   2       758.98       757.56
  1959   1959  235.92   70.00   2       766.74       766.38
  1960   1960  235.92   68.00   2       835.96       837.15
  1961   1961  235.92   66.00   2       899.50       899.68
  1962   1962  235.92   64.00   2       954.37       954.59
  1963   1963  235.92   62.00   2      1004.12      1004.19
  1964   1964  235.92   60.00   2      1050.64      1050.74
  1965   1965  235.92   58.00   2      1094.58      1094.82
  1966   1966  235.92   56.00   2      1138.38      1138.47
  1967   1967  235.92   54.00   2      1181.29      1181.45
  1968   1968  235.92   52.00   2      1224.67      1224.72
  1969   1969  235.92   50.00   2      1268.29      1268.45
  1970   1970  235.92   48.00   2      1312.53      1312.82
  1971   1971  235.92   46.00   2      1359.47      1359.55
  1972   1972  235.92   44.00   2      1406.73      1406.96
  1973   1973  235.92   42.00   2      1457.01      1457.11
  1974   1974  235.92   40.00   2      1508.76      1508.94
  1975   1975  235.92   38.00   2      1563.78      1563.81
  1976   1976  235.92   36.00   2      1618.27      1619.49
  1977   1977  235.92   34.00   2      1681.59      1681.60
  1978   1978  235.92   32.00   2      1749.13      1749.23
  1979   1979  235.92   30.00   2      1819.51      1819.71
  1980   1980  235.92   28.00   2      1895.79      1895.85
  1981   1981  235.92   26.00   2      1976.42      1976.73
  1982   1982  235.92   24.00   2      2064.39      2064.42
  1983   1983  235.92   22.00   2      2158.96      2159.26
  1984   1984  235.92   20.00   2      2262.90      2263.94
  1985   1985  235.92   18.00   2      2376.12      2376.25
  1986   1986  235.92   16.00   2      2497.34      2497.58
  1987   1987  235.92   14.00   2      2628.24      2628.48
  1988   1988  235.92   12.00   2      2764.71      2766.29
  1989   1989  235.92   10.00   2      2903.72      2903.95
  1990   1990  235.92    8.00   2      3033.62      3034.80
  1991   1991  235.92    6.00   2      3139.55      3139.61
  1992   1992  235.92    4.00   2      3188.27      3189.48
  1993   1993  235.92    2.00   2      3118.69      3118.69
  1994   1994  235.92    0.00   2      2813.03      2812.77
  1995   1995  237.92    0.00   2      2801.00      2800.87
  1996   1996  237.92    2.00   2      3110.25      3110.22
  1997   1997  237.92    4.00   2      3182.55      3182.79
  1998   1998  237.92    6.00   2      3136.11      3135.95
  1999   1999  237.92    8.00   2      3032.24      3032.11
  2000   2000  237.92   10.00   2      2901.86      2901.72
  2001   2001  237.92   12.00   2      2763.46      2763.24
  2002   2002  237.92   14.00   2      2626.58      2626.30
  2003   2003  237.92   16.00   2      2496.76      2496.27
  2004   2004  237.92   18.00   2      2374.52      2374.37
  2005   2005  237.92   20.00   2      2262.38      2262.08
  2006   2006  237.92   22.00   2      2158.83      2158.68
  2007   2007  237.92   24.00   2      2064.64      2064.45
  2008   2008  237.92   26.00   2      1976.47      1976.40
  2009   2009  237.92   28.00   2      1895.42      1895.27
  2010   2010  237.92   30.00   2      1820.48      1820.14
  2011   2011  237.92   32.00   2      1749.81      1749.78
  2012   2012  237.92   34.00   2      1684.77      1684.65
  2013   2013  237.92   36.00   2      1623.33      1623.38
  2014   2014  237.92   38.00   2      1566.02      1565.92
  2015   2015  237.92   40.00   2      1511.65      1511.45
  2016   2016  237.92   42.00   2      1459.33      1459.21
  2017   2017  237.92   44.00   2      1410.18      1409.97
  2018   2018  237.92   46.00   2      1362.36      1362.34
  2019   2019  237.92   48.00   2      1316.84      1316.70
  2020   2020  237.92   50.00   2      1272.09      1272.07
  2021   2021  237.92   52.00   2      1228.82      1228.69
  2022   2022  237.92   54.00   2      1186.51      1186.29
  2023   2023  237.92   56.00   2      1143.71      1143.54
  2024   2024  237.92   58.00   2      1101.51      1101.29
  2025   2025  237.92   60.00   2      1057.73      1057.58
  2026   2026  237.92   62.00   2      1012.53      1012.27
  2027   2027  237.92   64.00   2       963.69       963.55
  2028   2028  237.92   66.00   2       910.98       909.65
  2029   2029  237.92   68.00   2       848.82       847.58
  2030   2030  237.92   70.00   2       772.05       770.54
  2031   2031  239.92   70.00   2       748.46       748.20
  2032   2032  239.92   68.00   2       820.74       821.16
  2033   2033  239.92   66.00   2       887.05       887.22
  2034   2034  239.92   64.00   2       943.77       944.01
  2035   2035  239.92   62.00   2       994.37       995.47
  2036   2036  239.92   60.00   2      1042.46      1042.53
  2037   2037  239.92   58.00   2      1087.26      1087.44
  2038   2038  239.92   56.00   2      1131.23      1131.32
  2039   2039  239.92   54.00   2      1174.10      1174.24
  2040   2040  239.92   52.00   2      1217.84      1217.85
  2041   2041  239.92   50.00   2      1261.22      1261.34
  2042   2042  239.92   48.00   2      1305.31      1305.61
  2043   2043  239.92   46.00   2      1352.11      1352.15
  2044   2044  239.92   44.00   2      1399.26      1399.41
  2045   2045  239.92   42.00   2      1449.28      1449.33
  2046   2046  239.92   40.00   2      1501.03      1501.23
  2047   2047  239.92   38.00   2      1555.59      1555.63
  2048   2048  239.92   36.00   2      1612.81      1612.90
  2049   2049  239.92   34.00   2      1673.66      1673.73
  2050   2050  239.92   32.00   2      1738.37      1738.45
  2051   2051  239.92   30.00   2      1807.53      1807.59
  2052   2052  239.92   28.00   2      1881.76      1881.89
  2053   2053  239.92   26.00   2      1961.30      1961.53
  2054   2054  239.92   24.00   2      2048.28      2048.34
  2055   2055  239.92   22.00   2      2141.55      2141.86
  2056   2056  239.92   20.00   2      2244.95      2244.95
  2057   2057  239.92   18.00   2      2354.33      2354.41
  2058   2058  239.92   16.00   2      2474.80      2474.95
  2059   2059  239.92   14.00   2      2603.44      2603.62
  2060   2060  239.92   12.00   2      2738.93      2739.10
  2061   2061  239.92   10.00   2      2876.30      2876.61
  2062   2062  239.92    8.00   2      3011.42      3011.57
  2063   2063  239.92    6.00   2      3122.83      3124.03
  2064   2064  239.92    4.00   2      3178.40      3178.47
  2065   2065  239.92    2.00   2      3116.43      3116.20
  2066   2066  239.92    0.00   2      2820.16      2818.98
  2067   2067  241.92    0.00   2      2851.81      2851.96
  2068   2068  241.92    2.00   2      3114.93      3116.06
  2069   2069  241.92    4.00   2      3161.03      3160.83
  2070   2070  241.92    6.00   2      3102.65      3102.61
  2071   2071  241.92    8.00   2      2989.71      2989.60
  2072   2072  241.92   10.00   2      2856.01      2855.75
  2073   2073  241.92   12.00   2      2716.38      2716.20
  2074   2074  241.92   14.00   2      2580.04      2579.82
  2075   2075  241.92   16.00   2      2451.82      2451.33
  2076   2076  241.92   18.00   2      2331.67      2331.52
  2077   2077  241.92   20.00   2      2222.11      2221.87
  2078   2078  241.92   22.00   2      2120.69      2120.64
  2079   2079  241.92   24.00   2      2028.03      2027.84
  2080   2080  241.92   26.00   2      1942.24      1942.11
  2081   2081  241.92   28.00   2      1863.19      1863.08
  2082   2082  241.92   30.00   2      1790.36      1790.08
  2083   2083  241.92   32.00   2      1721.33      1721.29
  2084   2084  241.92   34.00   2      1657.61      1657.44
  2085   2085  241.92   36.00   2      1597.24      1597.20
  2086   2086  241.92   38.00   2      1540.68      1540.55
  2087   2087  241.92   40.00   2      1487.47      1487.29
  2088   2088  241.92   42.00   2      1435.91      1435.80
  2089   2089  241.92   44.00   2      1387.00      1386.86
  2090   2090  241.92   46.00   2      1339.81      1339.76
  2091   2091  241.92   48.00   2      1294.49      1294.37
  2092   2092  241.92   50.00   2      1251.01      1250.78
  2093   2093  241.92   52.00   2      1207.39      1207.24
  2094   2094  241.92   54.00   2      1164.70      1164.52
  2095   2095  241.92   56.00   2      1121.52      1121.38
  2096   2096  241.92   58.00   2      1078.47      1078.27
  2097   2097  241.92   60.00   2      1033.29      1033.18
  2098   2098  241.92   62.00   2       985.80       985.62
  2099   2099  241.92   64.00   2       934.50       934.28
  2100   2100  241.92   66.00   2       875.91       874.74
  2101   2101  241.92   68.00   2       804.11       802.82
  2102   2102  241.92   70.00   2       717.83       716.52
  2103   2103  243.92   70.00   2       659.28       657.96
  2104   2104  243.92   68.00   2       733.15       734.45
  2105   2105  243.92   66.00   2       815.08       815.37
  2106   2106  243.92   64.00   2       885.48       885.79
  2107   2107  243.92   62.00   2       945.54       945.54
  2108   2108  243.92   60.00   2       997.64       997.75
  2109   2109  243.92   58.00   2      1045.77      1045.99
  2110   2110  243.92   56.00   2      1091.90      1091.99
  2111   2111  243.92   54.00   2      1136.24      1136.33
  2112   2112  243.92   52.00   2      1179.69      1180.67
  2113   2113  243.92   50.00   2      1224.31      1224.35
  2114   2114  243.92   48.00   2      1268.69      1268.87
  2115   2115  243.92   46.00   2      1314.68      1314.67
  2116   2116  243.92   44.00   2      1361.20      1361.33
  2117   2117  243.92   42.00   2      1410.03      1410.06
  2118   2118  243.92   40.00   2      1460.28      1460.36
  2119   2119  243.92   38.00   2      1513.43      1513.47
  2120   2120  243.92   36.00   2      1569.15      1569.19
  2121   2121  243.92   34.00   2      1627.40      1627.65
  2122   2122  243.92   32.00   2      1690.59      1690.65
  2123   2123  243.92   30.00   2      1757.02      1757.23
  2124   2124  243.92   28.00   2      1829.03      1829.07
  2125   2125  243.92   26.00   2      1905.71      1905.88
  2126   2126  243.92   24.00   2      1989.01      1989.08
  2127   2127  243.92   22.00   2      2078.81      2078.96
  2128   2128  243.92   20.00   2      2176.78      2176.92
  2129   2129  243.92   18.00   2      2283.19      2283.35
  2130   2130  243.92   16.00   2      2399.10      2399.26
  2131   2131  243.92   14.00   2      2524.26      2524.61
  2132   2132  243.92   12.00   2      2658.42      2658.64
  2133   2133  243.92   10.00   2      2795.80      2795.97
  2134   2134  243.92    8.00   2      2931.68      2933.02
  2135   2135  243.92    6.00   2      3052.25      3051.91
  2136   2136  243.92    4.00   2      3126.05      3126.24
  2137   2137  243.92    2.00   2      3112.23      3112.06
  2138   2138  243.92    0.00   2      2901.74      2901.76
  2139   2139  245.92    0.00   2      2944.54      2944.52
  2140   2140  245.92    2.00   2      3091.03      3091.21
  2141   2141  245.92    4.00   2      3077.24      3077.15
  2142   2142  245.92    6.00   2      2987.50      2987.29
  2143   2143  245.92    8.00   2      2863.41      2863.13
  2144   2144  245.92   10.00   2      2727.65      2727.41
  2145   2145  245.92   12.00   2      2591.54      2591.17
  2146   2146  245.92   14.00   2      2460.83      2460.67
  2147   2147  245.92   16.00   2      2339.28      2339.04
  2148   2148  245.92   18.00   2      2226.92      2226.78
  2149   2149  245.92   20.00   2      2123.95      2123.82
  2150   2150  245.92   22.00   2      2029.33      2029.03
  2151   2151  245.92   24.00   2      1941.72      1941.63
  2152   2152  245.92   26.00   2      1860.97      1860.84
  2153   2153  245.92   28.00   2      1786.17      1786.10
  2154   2154  245.92   30.00   2      1716.65      1716.51
  2155   2155  245.92   32.00   2      1652.28      1652.02
  2156   2156  245.92   34.00   2      1590.65      1590.58
  2157   2157  245.92   36.00   2      1533.59      1533.40
  2158   2158  245.92   38.00   2      1479.77      1479.76
  2159   2159  245.92   40.00   2      1428.19      1428.00
  2160   2160  245.92   42.00   2      1379.45      1379.18
  2161   2161  245.92   44.00   2      1331.45      1331.39
  2162   2162  245.92   46.00   2      1285.70      1285.49
  2163   2163  245.92   48.00   2      1240.40      1240.32
  2164   2164  245.92   50.00   2      1196.71      1196.45
  2165   2165  245.92   52.00   2      1152.54      1152.40
  2166   2166  245.92   54.00   2      1108.68      1108.49
  2167   2167  245.92   56.00   2      1063.28      1063.22
  2168   2168  245.92   58.00   2      1016.88      1016.64
  2169   2169  245.92   60.00   2       966.46       966.28
  2170   2170  245.92   62.00   2       910.91       910.57
  2171   2171  245.92   64.00   2       845.43       844.14
  2172   2172  245.92   66.00   2       763.17       761.82
  2173   2173  245.92   68.00   2       673.16       670.64
  2174   2174  245.92   70.00   2       584.88       583.45
  2175   2175  247.92   70.00   2       493.17       491.74
  2176   2176  247.92   68.00   2       559.94       560.16
  2177   2177  247.92   66.00   2       639.26       640.62
  2178   2178  247.92   64.00   2       726.31       727.58
  2179   2179  247.92   62.00   2       815.33       817.89
  2180   2180  247.92   60.00   2       891.44       892.48
  2181   2181  247.92   58.00   2       953.69       954.00
  2182   2182  247.92   56.00   2      1007.98      1008.28
  2183   2183  247.92   54.00   2      1058.44      1058.56
  2184   2184  247.92   52.00   2      1105.31      1105.54
  2185   2185  247.92   50.00   2      1151.71      1151.74
  2186   2186  247.92   48.00   2      1196.92      1197.06
  2187   2187  247.92   46.00   2      1242.53      1242.57
  2188   2188  247.92   44.00   2      1288.86      1288.90
  2189   2189  247.92   42.00   2      1335.62      1335.89
  2190   2190  247.92   40.00   2      1385.27      1385.34
  2191   2191  247.92   38.00   2      1435.87      1436.06
  2192   2192  247.92   36.00   2      1489.52      1489.57
  2193   2193  247.92   34.00   2      1545.23      1545.42
  2194   2194  247.92   32.00   2      1604.52      1604.61
  2195   2195  247.92   30.00   2      1667.38      1667.44
  2196   2196  247.92   28.00   2      1734.48      1734.47
  2197   2197  247.92   26.00   2      1805.90      1806.00
  2198   2198  247.92   24.00   2      1882.62      1882.97
  2199   2199  247.92   22.00   2      1966.94      1967.09
  2200   2200  247.92   20.00   2      2057.23      2057.47
  2201   2201  247.92   18.00   2      2155.62      2155.73
  2202   2202  247.92   16.00   2      2261.96      2262.14
  2203   2203  247.92   14.00   2      2377.73      2377.80
  2204   2204  247.92   12.00   2      2501.35      2501.53
  2205   2205  247.92   10.00   2      2633.57      2633.69
  2206   2206  247.92    8.00   2      2769.03      2769.21
  2207   2207  247.92    6.00   2      2898.04      2899.18
  2208   2208  247.92    4.00   2      3005.05      3005.21
  2209   2209  247.92    2.00   2      3054.66      3054.90
  2210   2210  247.92    0.00   2      2978.11      2978.05
  2211   2211  249.92    0.00   2      2977.07      2977.02
  2212   2212  249.92    2.00   2      2990.27      2990.27
  2213   2213  249.92    4.00   2      2912.78      2912.55
  2214   2214  249.92    6.00   2      2794.76      2794.61
  2215   2215  249.92    8.00   2      2663.36      2663.18
  2216   2216  249.92   10.00   2      2530.70      2530.51
  2217   2217  249.92   12.00   2      2403.38      2403.06
  2218   2218  249.92   14.00   2      2283.73      2283.61
  2219   2219  249.92   16.00   2      2173.58      2173.42
  2220   2220  249.92   18.00   2      2072.59      2072.28
  2221   2221  249.92   20.00   2      1979.39      1979.33
  2222   2222  249.92   22.00   2      1893.31      1893.11
  2223   2223  249.92   24.00   2      1813.57      1813.52
  2224   2224  249.92   26.00   2      1740.29      1740.18
  2225   2225  249.92   28.00   2      1672.06      1671.73
  2226   2226  249.92   30.00   2      1607.42      1607.31
  2227   2227  249.92   32.00   2      1547.30      1547.14
  2228   2228  249.92   34.00   2      1489.99      1489.93
  2229   2229  249.92   36.00   2      1435.98      1435.86
  2230   2230  249.92   38.00   2      1384.96      1384.69
  2231   2231  249.92   40.00   2      1335.01      1334.89
  2232   2232  249.92   42.00   2      1287.44      1287.26
  2233   2233  249.92   44.00   2      1240.50      1240.39
  2234   2234  249.92   46.00   2      1194.96      1194.74
  2235   2235  249.92   48.00   2      1149.15      1149.12
  2236   2236  249.92   50.00   2      1103.32      1103.15
  2237   2237  249.92   52.00   2      1055.96      1055.88
  2238   2238  249.92   54.00   2      1006.39      1006.17
  2239   2239  249.92   56.00   2       952.73       952.56
  2240   2240  249.92   58.00   2       892.37       890.98
  2241   2241  249.92   60.00   2       819.04       817.82
  2242   2242  249.92   62.00   2       728.02       726.47
  2243   2243  249.92   64.00   2       634.52       631.79
  2244   2244  249.92   66.00   2       544.92       543.65
  2245   2245  249.92   68.00   2       462.61       461.13
  2246   2246  249.92   70.00   2       387.59       386.25
  2247   2247  251.92   70.00   2       279.09       276.80
  2248   2248  251.92   68.00   2       329.57       329.60
  2249   2249  251.92   66.00   2       391.67       392.04
  2250   2250  251.92   64.00   2       464.04       464.30
  2251   2251  251.92   62.00   2       544.83       545.92
  2252   2252  251.92   60.00   2       632.97       634.31
  2253   2253  251.92   58.00   2       728.13       730.48
  2254   2254  251.92   56.00   2       825.88       827.07
  2255   2255  251.92   54.00   2       904.03       905.18
  2256   2256  251.92   52.00   2       968.22       968.58
  2257   2257  251.92   50.00   2      1025.01      1025.14
  2258   2258  251.92   48.00   2      1076.72      1076.81
  2259   2259  251.92   46.00   2      1125.75      1125.90
  2260   2260  251.92   44.00   2      1174.01      1174.07
  2261   2261  251.92   42.00   2      1221.66      1221.71
  2262   2262  251.92   40.00   2      1269.34      1269.60
  2263   2263  251.92   38.00   2      1319.05      1319.07
  2264   2264  251.92   36.00   2      1369.35      1369.52
  2265   2265  251.92   34.00   2      1422.21      1422.26
  2266   2266  251.92   32.00   2      1476.87      1476.99
  2267   2267  251.92   30.00   2      1535.31      1535.42
  2268   2268  251.92   28.00   2      1596.74      1596.80
  2269   2269  251.92   26.00   2      1661.86      1661.88
  2270   2270  251.92   24.00   2      1731.35      1731.44
  2271   2271  251.92   22.00   2      1805.34      1805.65
  2272   2272  251.92   20.00   2      1886.80      1886.86
  2273   2273  251.92   18.00   2      1973.46      1973.65
  2274   2274  251.92   16.00   2      2067.90      2067.99
  2275   2275  251.92   14.00   2      2170.43      2170.51
  2276   2276  251.92   12.00   2      2281.71      2281.80
  2277   2277  251.92   10.00   2      2401.29      2401.50
  2278   2278  251.92    8.00   2      2528.86      2529.02
  2279   2279  251.92    6.00   2      2659.58      2659.71
  2280   2280  251.92    4.00   2      2786.92      2786.99
  2281   2281  251.92    2.00   2      2889.62      2889.73
  2282   2282  251.92    0.00   2      2933.79      2933.80
  2283   2283  253.92    0.00   2      2840.47      2840.44
  2284   2284  253.92    2.00   2      2755.36      2754.99
  2285   2285  253.92    4.00   2      2636.25      2636.23
  2286   2286  253.92    6.00   2      2509.23      2508.88
  2287   2287  253.92    8.00   2      2382.17      2382.03
  2288   2288  253.92   10.00   2      2263.12      2262.84
  2289   2289  253.92   12.00   2      2150.71      2150.62
  2290   2290  253.92   14.00   2      2047.20      2048.19
  2291   2291  253.92   16.00   2      1954.20      1953.87
  2292   2292  253.92   18.00   2      1865.92      1865.85
  2293   2293  253.92   20.00   2      1785.10      1784.92
  2294   2294  253.92   22.00   2      1709.99      1709.91
  2295   2295  253.92   24.00   2      1640.33      1640.20
  2296   2296  253.92   26.00   2      1575.29      1574.96
  2297   2297  253.92   28.00   2      1513.02      1512.91
  2298   2298  253.92   30.00   2      1455.12      1454.85
  2299   2299  253.92   32.00   2      1399.29      1399.28
  2300   2300  253.92   34.00   2      1346.86      1346.72
  2301   2301  253.92   36.00   2      1295.88      1295.83
  2302   2302  253.92   38.00   2      1246.51      1246.34
  2303   2303  253.92   40.00   2      1198.67      1198.41
  2304   2304  253.92   42.00   2      1149.91      1149.83
  2305   2305  253.92   44.00   2      1101.74      1101.53
  2306   2306  253.92   46.00   2      1051.16      1051.06
  2307   2307  253.92   48.00   2       998.42       998.14
  2308   2308  253.92   50.00   2       940.10       939.95
  2309   2309  253.92   52.00   2       873.41       872.24
  2310   2310  253.92   54.00   2       789.12       786.86
  2311   2311  253.92   56.00   2       688.72       687.23
  2312   2312  253.92   58.00   2       592.31       589.51
  2313   2313  253.92   60.00   2       500.56       499.35
  2314   2314  253.92   62.00   2       417.05       415.55
  2315   2315  253.92   64.00   2       342.00       340.64
  2316   2316  253.92   66.00   2       275.93       273.47
  2317   2317  253.92   68.00   2       218.51       218.29
  2318   2318  255.92   66.00   2       163.08       162.81
  2319   2319  255.92   64.00   2       197.93       198.00
  2320   2320  255.92   62.00   2       245.70       245.80
  2321   2321  255.92   60.00   2       303.35       304.49
  2322   2322  255.92   58.00   2       371.37       372.56
  2323   2323  255.92   56.00   2       448.94       451.12
  2324   2324  255.92   54.00   2       535.26       536.49
  2325   2325  255.92   52.00   2       630.82       633.23
  2326   2326  255.92   50.00   2       733.12       736.04
  2327   2327  255.92   48.00   2       837.08       838.42
  2328   2328  255.92   46.00   2       917.94       919.17
  2329   2329  255.92   44.00   2       985.01       985.22
  2330   2330  255.92   42.00   2      1043.21      1043.48
  2331   2331  255.92   40.00   2      1096.80      1097.07
  2332   2332  255.92   38.00   2      1148.99      1149.11
  2333   2333  255.92   36.00   2      1199.49      1199.65
  2334   2334  255.92   34.00   2      1250.76      1250.83
  2335   2335  255.92   32.00   2      1302.36      1302.65
  2336   2336  255.92   30.00   2      1356.27      1356.33
  2337   2337  255.92   28.00   2      1411.38      1411.49
  2338   2338  255.92   26.00   2      1468.63      1468.89
  2339   2339  255.92   24.00   2      1530.19      1530.26
  2340   2340  255.92   22.00   2      1594.19      1594.45
  2341   2341  255.92   20.00   2      1663.78      1663.86
  2342   2342  255.92   18.00   2      1737.16      1737.32
  2343   2343  255.92   16.00   2      1816.87      1816.95
  2344   2344  255.92   14.00   2      1902.53      1902.65
  2345   2345  255.92   12.00   2      1995.74      1995.84
  2346   2346  255.92   10.00   2      2096.62      2096.73
  2347   2347  255.92    8.00   2      2205.57      2205.67
  2348   2348  255.92    6.00   2      2322.47      2322.58
  2349   2349  255.92    4.00   2      2444.66      2445.05
  2350   2350  255.92    2.00   2      2567.78      2567.86
  2351   2351  255.92    0.00   2      2678.15      2678.43
  2352   2352  257.92    0.00   2      2464.80      2464.57
  2353   2353  257.92    2.00   2      2348.98      2348.91
  2354   2354  257.92    4.00   2      2232.38      2232.26
  2355   2355  257.92    6.00   2      2120.55      2120.28
  2356   2356  257.92    8.00   2      2015.64      2015.57
  2357   2357  257.92   10.00   2      1918.55      1918.40
  2358   2358  257.92   12.00   2      1828.70      1828.65
  2359   2359  257.92   14.00   2      1745.94      1745.85
  2360   2360  257.92   16.00   2      1669.82      1669.50
  2361   2361  257.92   18.00   2      1598.05      1597.98
  2362   2362  257.92   20.00   2      1531.58      1531.43
  2363   2363  257.92   22.00   2      1468.76      1468.70
  2364   2364  257.92   24.00   2      1409.64      1409.44
  2365   2365  257.92   26.00   2      1353.50      1353.22
  2366   2366  257.92   28.00   2      1298.55      1298.44
  2367   2367  257.92   30.00   2      1246.38      1246.14
  2368   2368  257.92   32.00   2      1194.40      1194.32
  2369   2369  257.92   34.00   2      1143.34      1143.13
  2370   2370  257.92   36.00   2      1091.16      1091.10
  2371   2371  257.92   38.00   2      1037.37      1037.13
  2372   2372  257.92   40.00   2       979.52       979.34
  2373   2373  257.92   42.00   2       914.78       914.46
  2374   2374  257.92   44.00   2       836.87       835.41
  2375   2375  257.92   46.00   2       736.60       735.27
  2376   2376  257.92   48.00   2       632.84       630.14
  2377   2377  257.92   50.00   2       533.52       532.34
  2378   2378  257.92   52.00   2       443.14       440.75
  2379   2379  257.92   54.00   2       361.38       359.83
  2380   2380  257.92   56.00   2       289.67       288.19
  2381   2381  257.92   58.00   2       227.28       225.97
  2382   2382  257.92   60.00   2       178.23       177.85
  2383   2383  257.92   62.00   2       143.64       143.37
  2384   2384  259.92   58.00   2       123.40       123.47
  2385   2385  259.92   56.00   2       140.36       140.45
  2386   2386  259.92   54.00   2       170.55       170.56
  2387   2387  259.92   52.00   2       213.76       214.00
  2388   2388  259.92   50.00   2       269.83       270.03
  2389   2389  259.92   48.00   2       336.19       337.38
  2390   2390  259.92   46.00   2       414.34       415.69
  2391   2391  259.92   44.00   2       500.97       502.83
  2392   2392  259.92   42.00   2       598.28       600.75
  2393   2393  259.92   40.00   2       705.24       706.59
  2394   2394  259.92   38.00   2       815.81       818.10
  2395   2395  259.92   36.00   2       907.04       908.27
  2396   2396  259.92   34.00   2       979.29       979.67
  2397   2397  259.92   32.00   2      1042.42      1042.57
  2398   2398  259.92   30.00   2      1099.89      1100.04
  2399   2399  259.92   28.00   2      1154.51      1154.73
  2400   2400  259.92   26.00   2      1209.12      1209.20
  2401   2401  259.92   24.00   2      1263.52      1263.64
  2402   2402  259.92   22.00   2      1319.39      1319.44
  2403   2403  259.92   20.00   2      1377.07      1377.17
  2404   2404  259.92   18.00   2      1437.48      1437.52
  2405   2405  259.92   16.00   2      1501.06      1501.08
  2406   2406  259.92   14.00   2      1567.67      1567.91
  2407   2407  259.92   12.00   2      1640.03      1640.11
  2408   2408  259.92   10.00   2      1716.60      1716.78
  2409   2409  259.92    8.00   2      1800.46      1800.54
  2410   2410  259.92    6.00   2      1890.44      1890.59
  2411   2411  259.92    4.00   2      1985.98      1986.03
  2412   2412  259.92    2.00   2      2085.70      2085.85
  2413   2413  259.92    0.00   2      2191.36      2191.45
  2414   2414  261.92    0.00   2      1895.58      1895.21
  2415   2415  261.92    2.00   2      1807.48      1807.42
  2416   2416  261.92    4.00   2      1724.44      1724.24
  2417   2417  261.92    6.00   2      1647.10      1647.05
  2418   2418  261.92    8.00   2      1573.46      1573.31
  2419   2419  261.92   10.00   2      1504.33      1504.01
  2420   2420  261.92   12.00   2      1438.44      1438.38
  2421   2421  261.92   14.00   2      1376.91      1376.70
  2422   2422  261.92   16.00   2      1317.69      1317.59
  2423   2423  261.92   18.00   2      1261.02      1260.87
  2424   2424  261.92   20.00   2      1206.11      1205.86
  2425   2425  261.92   22.00   2      1151.01      1150.87
  2426   2426  261.92   24.00   2      1096.47      1096.12
  2427   2427  261.92   26.00   2      1039.11      1038.96
  2428   2428  261.92   28.00   2       978.56       978.23
  2429   2429  261.92   30.00   2       909.62       909.31
  2430   2430  261.92   32.00   2       824.60       823.15
  2431   2431  261.92   34.00   2       717.13       715.87
  2432   2432  261.92   36.00   2       608.61       606.25
  2433   2433  261.92   38.00   2       508.61       506.22
  2434   2434  261.92   40.00   2       417.02       414.65
  2435   2435  261.92   42.00   2       335.17       333.84
  2436   2436  261.92   44.00   2       264.82       263.56
  2437   2437  261.92   46.00   2       206.42       205.15
  2438   2438  261.92   48.00   2       161.92       161.57
  2439   2439  261.92   50.00   2       133.64       132.56
  2440   2440  261.92   52.00   2       119.41       119.12
  2441   2441  261.92   54.00   2       115.74       115.68
  2442   2442  263.92   48.00   2       115.41       115.41
  2443   2443  263.92   46.00   2       115.45       115.47
  2444   2444  263.92   44.00   2       116.90       117.03
  2445   2445  263.92   42.00   2       127.64       127.74
  2446   2446  263.92   40.00   2       150.03       150.05
  2447   2447  263.92   38.00   2       186.21       186.40
  2448   2448  263.92   36.00   2       236.53       236.77
  2449   2449  263.92   34.00   2       298.91       300.12
  2450   2450  263.92   32.00   2       372.46       373.76
  2451   2451  263.92   30.00   2       456.88       458.12
  2452   2452  263.92   28.00   2       552.71       554.06
  2453   2453  263.92   26.00   2       657.05       659.38
  2454   2454  263.92   24.00   2       772.72       774.28
  2455   2455  263.92   22.00   2       877.28       878.50
  2456   2456  263.92   20.00   2       958.21       958.50
  2457   2457  263.92   18.00   2      1026.38      1026.60
  2458   2458  263.92   16.00   2      1087.38      1087.70
  2459   2459  263.92   14.00   2      1145.84      1145.92
  2460   2460  263.92   12.00   2      1202.37      1202.53
  2461   2461  263.92   10.00   2      1259.46      1259.51
  2462   2462  263.92    8.00   2      1317.35      1317.47
  2463   2463  263.92    6.00   2      1377.48      1377.53
  2464   2464  263.92    4.00   2      1439.78      1439.82
  2465   2465  263.92    2.00   2      1504.09      1504.34
  2466   2466  263.92    0.00   2      1572.80      1572.84
  2467   2467  265.92    0.00   2      1234.06      1233.83
  2468   2468  265.92    2.00   2      1182.59      1182.44
  2469   2469  265.92    4.00   2      1131.25      1130.90
  2470   2470  265.92    6.00   2      1077.23      1077.03
  2471   2471  265.92    8.00   2      1021.23      1020.87
  2472   2472  265.92   10.00   2       959.04       958.81
  2473   2473  265.92   12.00   2       888.30       886.83
  2474   2474  265.92   14.00   2       798.24       797.02
  2475   2475  265.92   16.00   2       691.86       689.22
  2476   2476  265.92   18.00   2       585.70       584.15
  2477   2477  265.92   20.00   2       489.72       486.99
  2478   2478  265.92   22.00   2       401.14       398.87
  2479   2479  265.92   24.00   2       321.74       320.47
  2480   2480  265.92   26.00   2       255.00       253.66
  2481   2481  265.92   28.00   2       198.74       197.52
  2482   2482  265.92   30.00   2       157.00       156.69
  2483   2483  265.92   32.00   2       130.89       130.71
  2484   2484  265.92   34.00   2       118.36       118.16
  2485   2485  265.92   36.00   2       115.87       115.75
  2486   2486  265.92   38.00   2       115.43       115.40
  2487   2487  265.92   40.00   2       115.31       115.29
  2488   2488  265.92   42.00   2       115.24       115.25
  2489   2489  267.92   34.00   2       115.20       115.21
  2490   2490  267.92   32.00   2       115.17       115.15
  2491   2491  267.92   30.00   2       115.18       115.19
  2492   2492  267.92   28.00   2       115.20       115.20
  2493   2493  267.92   26.00   2       115.21       115.21
  2494   2494  267.92   24.00   2       115.27       115.29
  2495   2495  267.92   22.00   2       115.39       115.42
  2496   2496  267.92   20.00   2       118.72       118.89
  2497   2497  267.92   18.00   2       130.47       130.69
  2498   2498  267.92   16.00   2       152.92       153.05
  2499   2499  267.92   14.00   2       186.73       186.87
  2500   2500  267.92   12.00   2       231.31       231.56
  2501   2501  267.92   10.00   2       284.91       285.17
  2502   2502  267.92    8.00   2       345.70       346.99
  2503   2503  267.92    6.00   2       413.72       414.92
  2504   2504  267.92    4.00   2       486.95       488.42
  2505   2505  267.92    2.00   2       564.89       566.24
  2506   2506  267.92    0.00   2       646.03       647.36
  2507   2507  269.92    0.00   2       115.39       115.38
  2508   2508  269.92    2.00   2       115.28       115.26
  2509   2509  269.92    4.00   2       115.21       115.20
  2510   2510  269.92    6.00   2       115.17       115.15
  2511   2511  269.92    8.00   2       115.15       115.15
  2512   2512  269.92   10.00   2       115.11       115.12
  2513   2513  269.92   12.00   2       115.12       115.10
  2514   2514  269.92   14.00   2       115.09       115.09
  2515   2515  269.92   16.00   2       115.09       115.08
  2516   2516  269.92   18.00   2       115.08       115.08
  2517   2517  269.92   20.00   2       115.07       115.05
  2518   2518  269.92   22.00   2       115.06       115.05
# END: scan time was  11527.495348  seconds
