# Sensor scan measurement of Sensor IR3
# Iin=    34.79 mA ,  Vin= 12140.80 mV, T=    18.12 C 
# scanRangeX 151.50 mm; scanRangeY  70.00 mm; stepSize   2.00 mm; initialOffset   4.00 mm; sensorX 155.00 mm; start position at (x|y)=(119.92|  0.00) mm
# iStep, iStep, Pos x, Pos y, nMeas, Meas1 ... MeasN
     0      0  121.92    0.00   2       761.67       769.49
     1      1  121.92    2.00   2       708.51       708.63
     2      2  121.92    4.00   2       627.96       627.71
     3      3  121.92    6.00   2       538.26       536.92
     4      4  121.92    8.00   2       446.42       446.22
     5      5  121.92   10.00   2       359.35       357.85
     6      6  121.92   12.00   2       279.94       278.46
     7      7  121.92   14.00   2       211.99       210.62
     8      8  121.92   16.00   2       160.59       160.21
     9      9  121.92   18.00   2       129.99       129.59
    10     10  121.92   20.00   2       116.94       116.69
    11     11  121.92   22.00   2       115.55       115.35
    12     12  121.92   24.00   2       114.94       114.88
    13     13  121.92   26.00   2       114.82       114.80
    14     14  123.92   36.00   2       115.05       114.98
    15     15  123.92   34.00   2       114.88       114.90
    16     16  123.92   32.00   2       116.11       116.13
    17     17  123.92   30.00   2       129.09       129.09
    18     18  123.92   28.00   2       160.32       160.60
    19     19  123.92   26.00   2       215.63       215.95
    20     20  123.92   24.00   2       291.75       293.00
    21     21  123.92   22.00   2       386.05       388.86
    22     22  123.92   20.00   2       496.34       499.81
    23     23  123.92   18.00   2       622.42       624.04
    24     24  123.92   16.00   2       759.69       762.23
    25     25  123.92   14.00   2       884.72       886.14
    26     26  123.92   12.00   2       974.82       976.10
    27     27  123.92   10.00   2      1048.37      1049.58
    28     28  123.92    8.00   2      1113.86      1114.04
    29     29  123.92    6.00   2      1173.90      1174.08
    30     30  123.92    4.00   2      1230.68      1230.79
    31     31  123.92    2.00   2      1284.77      1284.90
    32     32  123.92    0.00   2      1336.46      1336.66
    33     33  125.92    0.00   2      1667.05      1668.22
    34     34  125.92    2.00   2      1602.97      1602.93
    35     35  125.92    4.00   2      1536.93      1536.81
    36     36  125.92    6.00   2      1471.12      1471.06
    37     37  125.92    8.00   2      1406.47      1406.32
    38     38  125.92   10.00   2      1343.47      1343.23
    39     39  125.92   12.00   2      1281.14      1281.04
    40     40  125.92   14.00   2      1219.86      1219.60
    41     41  125.92   16.00   2      1157.67      1157.57
    42     42  125.92   18.00   2      1094.63      1094.35
    43     43  125.92   20.00   2      1027.33      1027.10
    44     44  125.92   22.00   2       952.54       952.11
    45     45  125.92   24.00   2       862.27       860.80
    46     46  125.92   26.00   2       739.09       737.68
    47     47  125.92   28.00   2       604.56       601.72
    48     48  125.92   30.00   2       479.22       477.27
    49     49  125.92   32.00   2       370.18       367.87
    50     50  125.92   34.00   2       275.68       273.32
    51     51  125.92   36.00   2       200.75       199.42
    52     52  125.92   38.00   2       149.49       149.14
    53     53  125.92   40.00   2       123.56       123.28
    54     54  125.92   42.00   2       115.98       115.70
    55     55  125.92   44.00   2       115.19       115.15
    56     56  127.92   50.00   2       115.53       115.40
    57     57  127.92   48.00   2       116.57       116.61
    58     58  127.92   46.00   2       129.62       129.63
    59     59  127.92   44.00   2       159.97       160.02
    60     60  127.92   42.00   2       211.57       211.92
    61     61  127.92   40.00   2       283.87       285.11
    62     62  127.92   38.00   2       374.38       375.56
    63     63  127.92   36.00   2       479.44       480.78
    64     64  127.92   34.00   2       599.50       602.33
    65     65  127.92   32.00   2       733.43       736.33
    66     66  127.92   30.00   2       864.57       865.86
    67     67  127.92   28.00   2       959.60       961.82
    68     68  127.92   26.00   2      1037.74      1037.96
    69     69  127.92   24.00   2      1106.22      1106.50
    70     70  127.92   22.00   2      1170.22      1170.53
    71     71  127.92   20.00   2      1233.90      1233.97
    72     72  127.92   18.00   2      1296.42      1296.66
    73     73  127.92   16.00   2      1360.79      1360.87
    74     74  127.92   14.00   2      1426.50      1426.65
    75     75  127.92   12.00   2      1495.27      1495.33
    76     76  127.92   10.00   2      1566.07      1566.19
    77     77  127.92    8.00   2      1640.12      1640.42
    78     78  127.92    6.00   2      1718.11      1718.19
    79     79  127.92    4.00   2      1798.09      1798.35
    80     80  127.92    2.00   2      1881.14      1881.20
    81     81  127.92    0.00   2      1964.12      1964.24
    82     82  129.92    0.00   2      2226.04      2226.38
    83     83  129.92    2.00   2      2135.99      2135.95
    84     84  129.92    4.00   2      2041.01      2040.96
    85     85  129.92    6.00   2      1947.45      1947.20
    86     86  129.92    8.00   2      1855.84      1855.76
    87     87  129.92   10.00   2      1769.08      1768.87
    88     88  129.92   12.00   2      1686.48      1686.36
    89     89  129.92   14.00   2      1608.84      1608.70
    90     90  129.92   16.00   2      1536.07      1535.75
    91     91  129.92   18.00   2      1466.01      1465.95
    92     92  129.92   20.00   2      1400.07      1399.79
    93     93  129.92   22.00   2      1336.32      1336.24
    94     94  129.92   24.00   2      1274.71      1274.57
    95     95  129.92   26.00   2      1214.65      1214.55
    96     96  129.92   28.00   2      1154.80      1154.67
    97     97  129.92   30.00   2      1094.49      1094.16
    98     98  129.92   32.00   2      1030.10      1029.83
    99     99  129.92   34.00   2       960.67       959.48
   100    100  129.92   36.00   2       878.20       876.93
   101    101  129.92   38.00   2       768.78       766.17
   102    102  129.92   40.00   2       639.26       636.68
   103    103  129.92   42.00   2       518.83       515.79
   104    104  129.92   44.00   2       408.56       406.97
   105    105  129.92   46.00   2       312.70       311.15
   106    106  129.92   48.00   2       233.19       231.84
   107    107  129.92   50.00   2       172.68       171.48
   108    108  129.92   52.00   2       135.13       134.89
   109    109  129.92   54.00   2       118.23       118.18
   110    110  131.92   60.00   2       115.92       115.73
   111    111  131.92   58.00   2       123.35       123.40
   112    112  131.92   56.00   2       144.89       144.90
   113    113  131.92   54.00   2       184.43       184.75
   114    114  131.92   52.00   2       243.67       244.96
   115    115  131.92   50.00   2       319.57       320.81
   116    116  131.92   48.00   2       409.37       411.00
   117    117  131.92   46.00   2       513.81       516.68
   118    118  131.92   44.00   2       631.02       632.46
   119    119  131.92   42.00   2       758.38       761.21
   120    120  131.92   40.00   2       875.60       878.11
   121    121  131.92   38.00   2       963.62       965.01
   122    122  131.92   36.00   2      1036.13      1036.24
   123    123  131.92   34.00   2      1100.65      1100.82
   124    124  131.92   32.00   2      1161.02      1161.26
   125    125  131.92   30.00   2      1220.91      1220.95
   126    126  131.92   28.00   2      1280.44      1280.54
   127    127  131.92   26.00   2      1341.08      1341.15
   128    128  131.92   24.00   2      1403.69      1403.75
   129    129  131.92   22.00   2      1468.39      1468.65
   130    130  131.92   20.00   2      1537.35      1537.41
   131    131  131.92   18.00   2      1609.18      1609.41
   132    132  131.92   16.00   2      1686.14      1686.20
   133    133  131.92   14.00   2      1767.40      1767.60
   134    134  131.92   12.00   2      1854.53      1854.60
   135    135  131.92   10.00   2      1946.78      1946.93
   136    136  131.92    8.00   2      2044.62      2044.70
   137    137  131.92    6.00   2      2146.96      2147.12
   138    138  131.92    4.00   2      2251.28      2251.68
   139    139  131.92    2.00   2      2356.52      2356.68
   140    140  131.92    0.00   2      2455.19      2455.40
   141    141  133.92    0.00   2      2637.43      2637.76
   142    142  133.92    2.00   2      2549.18      2548.75
   143    143  133.92    4.00   2      2442.07      2441.96
   144    144  133.92    6.00   2      2330.80      2330.45
   145    145  133.92    8.00   2      2218.70      2218.58
   146    146  133.92   10.00   2      2111.88      2111.56
   147    147  133.92   12.00   2      2009.71      2009.58
   148    148  133.92   14.00   2      1914.31      1914.13
   149    149  133.92   16.00   2      1825.47      1825.11
   150    150  133.92   18.00   2      1740.98      1740.88
   151    151  133.92   20.00   2      1663.14      1662.86
   152    152  133.92   22.00   2      1589.10      1589.02
   153    153  133.92   24.00   2      1519.96      1519.83
   154    154  133.92   26.00   2      1454.33      1454.25
   155    155  133.92   28.00   2      1391.93      1391.81
   156    156  133.92   30.00   2      1332.68      1332.36
   157    157  133.92   32.00   2      1274.29      1274.19
   158    158  133.92   34.00   2      1218.00      1217.74
   159    159  133.92   36.00   2      1161.50      1161.41
   160    160  133.92   38.00   2      1104.82      1104.52
   161    161  133.92   40.00   2      1045.49      1045.34
   162    162  133.92   42.00   2       982.11       981.81
   163    163  133.92   44.00   2       909.65       909.31
   164    164  133.92   46.00   2       820.10       818.53
   165    165  133.92   48.00   2       701.58       699.67
   166    166  133.92   50.00   2       581.63       580.15
   167    167  133.92   52.00   2       471.57       468.67
   168    168  133.92   54.00   2       371.37       370.14
   169    169  133.92   56.00   2       284.70       283.35
   170    170  133.92   58.00   2       213.80       212.52
   171    171  133.92   60.00   2       161.20       160.77
   172    172  133.92   62.00   2       130.10       129.91
   173    173  135.92   66.00   2       127.98       127.64
   174    174  135.92   64.00   2       150.58       150.65
   175    175  135.92   62.00   2       191.70       191.83
   176    176  135.92   60.00   2       249.55       250.77
   177    177  135.92   58.00   2       323.38       324.63
   178    178  135.92   56.00   2       410.79       412.09
   179    179  135.92   54.00   2       510.56       511.86
   180    180  135.92   52.00   2       620.67       623.12
   181    181  135.92   50.00   2       741.79       744.32
   182    182  135.92   48.00   2       855.98       858.81
   183    183  135.92   46.00   2       944.11       944.38
   184    184  135.92   44.00   2      1014.42      1015.65
   185    185  135.92   42.00   2      1077.13      1077.30
   186    186  135.92   40.00   2      1135.64      1135.74
   187    187  135.92   38.00   2      1192.11      1192.21
   188    188  135.92   36.00   2      1247.59      1247.85
   189    189  135.92   34.00   2      1304.72      1304.76
   190    190  135.92   32.00   2      1362.26      1362.43
   191    191  135.92   30.00   2      1422.36      1422.41
   192    192  135.92   28.00   2      1484.51      1484.65
   193    193  135.92   26.00   2      1550.17      1550.25
   194    194  135.92   24.00   2      1619.31      1619.43
   195    195  135.92   22.00   2      1692.24      1692.53
   196    196  135.92   20.00   2      1771.49      1771.54
   197    197  135.92   18.00   2      1854.85      1855.12
   198    198  135.92   16.00   2      1945.36      1945.42
   199    199  135.92   14.00   2      2041.36      2041.59
   200    200  135.92   12.00   2      2144.70      2144.79
   201    201  135.92   10.00   2      2254.11      2254.28
   202    202  135.92    8.00   2      2369.49      2369.62
   203    203  135.92    6.00   2      2487.10      2487.25
   204    204  135.92    4.00   2      2601.24      2601.67
   205    205  135.92    2.00   2      2705.79      2705.90
   206    206  135.92    0.00   2      2780.67      2780.84
   207    207  137.92    0.00   2      2882.01      2882.22
   208    208  137.92    2.00   2      2841.79      2841.56
   209    209  137.92    4.00   2      2748.71      2748.59
   210    210  137.92    6.00   2      2635.12      2634.02
   211    211  137.92    8.00   2      2512.31      2512.14
   212    212  137.92   10.00   2      2390.72      2390.41
   213    213  137.92   12.00   2      2273.05      2272.90
   214    214  137.92   14.00   2      2161.94      2161.74
   215    215  137.92   16.00   2      2057.87      2057.77
   216    216  137.92   18.00   2      1961.23      1961.09
   217    217  137.92   20.00   2      1871.74      1871.41
   218    218  137.92   22.00   2      1787.42      1787.34
   219    219  137.92   24.00   2      1709.58      1709.37
   220    220  137.92   26.00   2      1636.16      1636.05
   221    221  137.92   28.00   2      1567.53      1567.43
   222    222  137.92   30.00   2      1503.34      1503.08
   223    223  137.92   32.00   2      1441.35      1441.22
   224    224  137.92   34.00   2      1383.02      1382.73
   225    225  137.92   36.00   2      1326.12      1326.05
   226    226  137.92   38.00   2      1271.53      1271.40
   227    227  137.92   40.00   2      1217.57      1217.50
   228    228  137.92   42.00   2      1164.32      1164.13
   229    229  137.92   44.00   2      1111.20      1110.93
   230    230  137.92   46.00   2      1055.15      1054.98
   231    231  137.92   48.00   2       996.13       995.69
   232    232  137.92   50.00   2       929.22       928.94
   233    233  137.92   52.00   2       849.21       847.99
   234    234  137.92   54.00   2       743.58       742.39
   235    235  137.92   56.00   2       627.83       624.50
   236    236  137.92   58.00   2       516.09       513.88
   237    237  137.92   60.00   2       415.66       414.17
   238    238  137.92   62.00   2       325.77       323.53
   239    239  137.92   64.00   2       248.13       247.92
   240    240  137.92   66.00   2       188.12       186.87
   241    241  137.92   68.00   2       146.20       145.87
   242    242  139.92   70.00   2       158.16       157.97
   243    243  139.92   68.00   2       198.67       198.88
   244    244  139.92   66.00   2       256.14       256.41
   245    245  139.92   64.00   2       327.65       327.86
   246    246  139.92   62.00   2       410.83       412.21
   247    247  139.92   60.00   2       506.17       507.57
   248    248  139.92   58.00   2       612.33       613.73
   249    249  139.92   56.00   2       726.53       730.26
   250    250  139.92   54.00   2       841.21       842.74
   251    251  139.92   52.00   2       927.41       928.81
   252    252  139.92   50.00   2       997.12       998.45
   253    253  139.92   48.00   2      1058.99      1059.21
   254    254  139.92   46.00   2      1115.71      1115.86
   255    255  139.92   44.00   2      1170.22      1170.30
   256    256  139.92   42.00   2      1223.33      1223.44
   257    257  139.92   40.00   2      1276.34      1276.55
   258    258  139.92   38.00   2      1331.53      1331.56
   259    259  139.92   36.00   2      1387.04      1387.22
   260    260  139.92   34.00   2      1445.51      1445.54
   261    261  139.92   32.00   2      1505.81      1505.94
   262    262  139.92   30.00   2      1569.97      1569.98
   263    263  139.92   28.00   2      1637.43      1637.51
   264    264  139.92   26.00   2      1708.76      1709.05
   265    265  139.92   24.00   2      1786.19      1786.26
   266    266  139.92   22.00   2      1868.09      1868.29
   267    267  139.92   20.00   2      1956.86      1956.93
   268    268  139.92   18.00   2      2051.89      2052.00
   269    269  139.92   16.00   2      2154.52      2154.64
   270    270  139.92   14.00   2      2264.82      2264.97
   271    271  139.92   12.00   2      2382.27      2382.41
   272    272  139.92   10.00   2      2506.06      2506.24
   273    273  139.92    8.00   2      2632.92      2633.31
   274    274  139.92    6.00   2      2757.86      2758.04
   275    275  139.92    4.00   2      2869.74      2870.05
   276    276  139.92    2.00   2      2947.59      2947.93
   277    277  139.92    0.00   2      2949.29      2949.26
   278    278  141.92    0.00   2      2983.79      2983.93
   279    279  141.92    2.00   2      3036.21      3036.22
   280    280  141.92    4.00   2      2979.98      2979.90
   281    281  141.92    6.00   2      2874.91      2874.63
   282    282  141.92    8.00   2      2748.58      2748.41
   283    283  141.92   10.00   2      2615.63      2615.40
   284    284  141.92   12.00   2      2485.42      2484.26
   285    285  141.92   14.00   2      2360.06      2359.90
   286    286  141.92   16.00   2      2242.94      2242.65
   287    287  141.92   18.00   2      2133.64      2133.49
   288    288  141.92   20.00   2      2032.78      2032.54
   289    289  141.92   22.00   2      1939.17      1939.06
   290    290  141.92   24.00   2      1852.81      1852.69
   291    291  141.92   26.00   2      1772.66      1772.33
   292    292  141.92   28.00   2      1697.09      1697.01
   293    293  141.92   30.00   2      1627.17      1626.98
   294    294  141.92   32.00   2      1561.02      1560.97
   295    295  141.92   34.00   2      1498.92      1498.76
   296    296  141.92   36.00   2      1440.44      1440.14
   297    297  141.92   38.00   2      1383.45      1383.34
   298    298  141.92   40.00   2      1329.54      1329.36
   299    299  141.92   42.00   2      1276.77      1276.71
   300    300  141.92   44.00   2      1225.41      1225.27
   301    301  141.92   46.00   2      1174.88      1174.57
   302    302  141.92   48.00   2      1123.09      1122.89
   303    303  141.92   50.00   2      1070.40      1070.16
   304    304  141.92   52.00   2      1014.72      1014.51
   305    305  141.92   54.00   2       954.37       953.94
   306    306  141.92   56.00   2       883.46       883.21
   307    307  141.92   58.00   2       793.59       792.06
   308    308  141.92   60.00   2       682.08       680.58
   309    309  141.92   62.00   2       572.13       569.47
   310    310  141.92   64.00   2       471.18       468.50
   311    311  141.92   66.00   2       376.91       375.57
   312    312  141.92   68.00   2       295.56       294.15
   313    313  141.92   70.00   2       226.80       225.38
   314    314  143.92   70.00   2       283.35       283.54
   315    315  143.92   68.00   2       352.72       353.87
   316    316  143.92   66.00   2       433.85       435.34
   317    317  143.92   64.00   2       526.54       527.85
   318    318  143.92   62.00   2       627.02       629.25
   319    319  143.92   60.00   2       737.91       739.45
   320    320  143.92   58.00   2       845.02       846.28
   321    321  143.92   56.00   2       926.88       928.29
   322    322  143.92   54.00   2       994.11       994.46
   323    323  143.92   52.00   2      1052.96      1053.29
   324    324  143.92   50.00   2      1107.99      1108.09
   325    325  143.92   48.00   2      1159.87      1160.05
   326    326  143.92   46.00   2      1211.55      1211.60
   327    327  143.92   44.00   2      1262.62      1262.69
   328    328  143.92   42.00   2      1314.13      1314.38
   329    329  143.92   40.00   2      1368.07      1368.18
   330    330  143.92   38.00   2      1423.02      1423.21
   331    331  143.92   36.00   2      1481.00      1481.03
   332    332  143.92   34.00   2      1541.22      1541.44
   333    333  143.92   32.00   2      1605.48      1605.56
   334    334  143.92   30.00   2      1673.02      1673.17
   335    335  143.92   28.00   2      1745.58      1745.63
   336    336  143.92   26.00   2      1822.84      1822.92
   337    337  143.92   24.00   2      1905.30      1905.65
   338    338  143.92   22.00   2      1995.50      1995.56
   339    339  143.92   20.00   2      2091.86      2092.11
   340    340  143.92   18.00   2      2196.72      2196.84
   341    341  143.92   16.00   2      2309.94      2310.18
   342    342  143.92   14.00   2      2431.82      2431.97
   343    343  143.92   12.00   2      2561.59      2561.83
   344    344  143.92   10.00   2      2697.03      2697.18
   345    345  143.92    8.00   2      2832.95      2833.19
   346    346  143.92    6.00   2      2959.39      2959.77
   347    347  143.92    4.00   2      3059.15      3059.29
   348    348  143.92    2.00   2      3093.59      3093.71
   349    349  143.92    0.00   2      2987.54      2987.42
   350    350  145.92    0.00   2      2971.44      2971.33
   351    351  145.92    2.00   2      3131.78      3131.95
   352    352  145.92    4.00   2      3123.26      3123.17
   353    353  145.92    6.00   2      3033.07      3032.93
   354    354  145.92    8.00   2      2907.58      2907.30
   355    355  145.92   10.00   2      2768.72      2768.50
   356    356  145.92   12.00   2      2629.19      2628.99
   357    357  145.92   14.00   2      2495.07      2494.59
   358    358  145.92   16.00   2      2368.14      2367.97
   359    359  145.92   18.00   2      2250.82      2250.53
   360    360  145.92   20.00   2      2141.86      2141.72
   361    361  145.92   22.00   2      2041.70      2041.52
   362    362  145.92   24.00   2      1949.82      1949.38
   363    363  145.92   26.00   2      1863.32      1863.20
   364    364  145.92   28.00   2      1784.06      1783.86
   365    365  145.92   30.00   2      1709.65      1709.61
   366    366  145.92   32.00   2      1640.62      1640.46
   367    367  145.92   34.00   2      1575.60      1575.48
   368    368  145.92   36.00   2      1514.45      1514.30
   369    369  145.92   38.00   2      1456.56      1456.36
   370    370  145.92   40.00   2      1400.80      1400.72
   371    371  145.92   42.00   2      1347.89      1347.70
   372    372  145.92   44.00   2      1296.39      1296.28
   373    373  145.92   46.00   2      1246.26      1246.07
   374    374  145.92   48.00   2      1197.18      1196.86
   375    375  145.92   50.00   2      1147.32      1147.14
   376    376  145.92   52.00   2      1097.92      1097.64
   377    377  145.92   54.00   2      1045.40      1045.14
   378    378  145.92   56.00   2       990.20       989.80
   379    379  145.92   58.00   2       927.99       927.81
   380    380  145.92   60.00   2       855.26       853.75
   381    381  145.92   62.00   2       758.59       757.12
   382    382  145.92   64.00   2       651.09       648.38
   383    383  145.92   66.00   2       545.85       544.42
   384    384  145.92   68.00   2       449.67       447.26
   385    385  145.92   70.00   2       363.02       360.39
   386    386  147.92   70.00   2       401.02       400.85
   387    387  147.92   68.00   2       478.73       478.99
   388    388  147.92   66.00   2       569.10       570.34
   389    389  147.92   64.00   2       669.24       670.50
   390    390  147.92   62.00   2       775.99       777.70
   391    391  147.92   60.00   2       871.31       872.55
   392    392  147.92   58.00   2       944.62       945.89
   393    393  147.92   56.00   2      1007.05      1007.35
   394    394  147.92   54.00   2      1062.25      1062.59
   395    395  147.92   52.00   2      1115.42      1115.55
   396    396  147.92   50.00   2      1165.60      1165.83
   397    397  147.92   48.00   2      1215.75      1215.82
   398    398  147.92   46.00   2      1265.65      1265.76
   399    399  147.92   44.00   2      1316.72      1316.74
   400    400  147.92   42.00   2      1368.58      1368.64
   401    401  147.92   40.00   2      1422.45      1422.52
   402    402  147.92   38.00   2      1478.55      1478.66
   403    403  147.92   36.00   2      1536.99      1537.24
   404    404  147.92   34.00   2      1599.88      1599.94
   405    405  147.92   32.00   2      1665.25      1665.42
   406    406  147.92   30.00   2      1735.98      1736.04
   407    407  147.92   28.00   2      1810.96      1811.16
   408    408  147.92   26.00   2      1891.90      1891.96
   409    409  147.92   24.00   2      1978.74      1978.91
   410    410  147.92   22.00   2      2073.19      2073.25
   411    411  147.92   20.00   2      2175.16      2175.28
   412    412  147.92   18.00   2      2286.06      2286.17
   413    413  147.92   16.00   2      2405.91      2406.02
   414    414  147.92   14.00   2      2534.12      2534.48
   415    415  147.92   12.00   2      2671.18      2671.36
   416    416  147.92   10.00   2      2813.03      2813.36
   417    417  147.92    8.00   2      2954.05      2954.25
   418    418  147.92    6.00   2      3078.52      3078.81
   419    419  147.92    4.00   2      3163.00      3163.33
   420    420  147.92    2.00   2      3154.05      3154.04
   421    421  147.92    0.00   2      2950.52      2950.22
   422    422  149.92    0.00   2      2934.49      2934.18
   423    423  149.92    2.00   2      3168.83      3169.03
   424    424  149.92    4.00   2      3197.05      3197.07
   425    425  149.92    6.00   2      3118.82      3118.73
   426    426  149.92    8.00   2      2993.87      2993.72
   427    427  149.92   10.00   2      2851.66      2851.20
   428    428  149.92   12.00   2      2705.89      2705.67
   429    429  149.92   14.00   2      2565.42      2565.07
   430    430  149.92   16.00   2      2432.79      2432.63
   431    431  149.92   18.00   2      2310.56      2310.37
   432    432  149.92   20.00   2      2197.15      2197.06
   433    433  149.92   22.00   2      2093.45      2093.27
   434    434  149.92   24.00   2      1997.68      1997.41
   435    435  149.92   26.00   2      1909.03      1908.96
   436    436  149.92   28.00   2      1827.42      1827.23
   437    437  149.92   30.00   2      1751.33      1751.26
   438    438  149.92   32.00   2      1680.58      1680.41
   439    439  149.92   34.00   2      1614.60      1614.31
   440    440  149.92   36.00   2      1551.81      1551.72
   441    441  149.92   38.00   2      1492.93      1492.72
   442    442  149.92   40.00   2      1436.44      1436.37
   443    443  149.92   42.00   2      1383.08      1382.89
   444    444  149.92   44.00   2      1331.35      1331.25
   445    445  149.92   46.00   2      1281.56      1281.44
   446    446  149.92   48.00   2      1233.22      1232.97
   447    447  149.92   50.00   2      1184.47      1184.28
   448    448  149.92   52.00   2      1136.44      1136.26
   449    449  149.92   54.00   2      1087.11      1086.97
   450    450  149.92   56.00   2      1036.06      1035.82
   451    451  149.92   58.00   2       981.06       980.91
   452    452  149.92   60.00   2       920.42       920.01
   453    453  149.92   62.00   2       847.08       845.81
   454    454  149.92   64.00   2       752.27       749.69
   455    455  149.92   66.00   2       646.67       644.36
   456    456  149.92   68.00   2       544.99       542.52
   457    457  149.92   70.00   2       452.11       449.62
   458    458  151.92   70.00   2       462.25       461.94
   459    459  151.92   68.00   2       540.54       540.83
   460    460  151.92   66.00   2       632.40       635.00
   461    461  151.92   64.00   2       733.11       735.61
   462    462  151.92   62.00   2       833.35       835.91
   463    463  151.92   60.00   2       912.83       914.22
   464    464  151.92   58.00   2       977.81       978.00
   465    465  151.92   56.00   2      1034.71      1034.94
   466    466  151.92   54.00   2      1086.89      1087.24
   467    467  151.92   52.00   2      1137.45      1137.62
   468    468  151.92   50.00   2      1186.06      1186.24
   469    469  151.92   48.00   2      1235.04      1235.08
   470    470  151.92   46.00   2      1284.20      1284.27
   471    471  151.92   44.00   2      1334.60      1334.67
   472    472  151.92   42.00   2      1386.00      1386.09
   473    473  151.92   40.00   2      1440.10      1440.12
   474    474  151.92   38.00   2      1496.10      1496.15
   475    475  151.92   36.00   2      1554.79      1555.02
   476    476  151.92   34.00   2      1617.54      1617.59
   477    477  151.92   32.00   2      1683.75      1683.92
   478    478  151.92   30.00   2      1754.82      1754.88
   479    479  151.92   28.00   2      1830.37      1830.48
   480    480  151.92   26.00   2      1912.10      1912.12
   481    481  151.92   24.00   2      1999.84      1999.96
   482    482  151.92   22.00   2      2095.27      2095.33
   483    483  151.92   20.00   2      2198.83      2198.96
   484    484  151.92   18.00   2      2310.95      2311.40
   485    485  151.92   16.00   2      2433.21      2433.35
   486    486  151.92   14.00   2      2564.43      2564.78
   487    487  151.92   12.00   2      2705.41      2705.62
   488    488  151.92   10.00   2      2850.86      2851.22
   489    489  151.92    8.00   2      2995.97      2996.14
   490    490  151.92    6.00   2      3122.90      3123.13
   491    491  151.92    4.00   2      3204.31      3204.61
   492    492  151.92    2.00   2      3177.53      3177.46
   493    493  151.92    0.00   2      2929.59      2929.26
   494    494  153.92    0.00   2      2933.49      2933.48
   495    495  153.92    2.00   2      3168.74      3168.98
   496    496  153.92    4.00   2      3194.34      3194.38
   497    497  153.92    6.00   2      3113.17      3112.84
   498    498  153.92    8.00   2      2984.75      2984.53
   499    499  153.92   10.00   2      2840.81      2840.34
   500    500  153.92   12.00   2      2694.32      2694.10
   501    501  153.92   14.00   2      2554.57      2554.22
   502    502  153.92   16.00   2      2423.10      2422.92
   503    503  153.92   18.00   2      2301.54      2301.30
   504    504  153.92   20.00   2      2190.35      2189.92
   505    505  153.92   22.00   2      2086.82      2086.69
   506    506  153.92   24.00   2      1992.49      1992.18
   507    507  153.92   26.00   2      1904.78      1904.66
   508    508  153.92   28.00   2      1824.08      1823.89
   509    509  153.92   30.00   2      1748.65      1748.56
   510    510  153.92   32.00   2      1678.53      1678.40
   511    511  153.92   34.00   2      1613.30      1613.03
   512    512  153.92   36.00   2      1551.14      1551.05
   513    513  153.92   38.00   2      1492.84      1492.65
   514    514  153.92   40.00   2      1437.12      1437.06
   515    515  153.92   42.00   2      1384.25      1384.11
   516    516  153.92   44.00   2      1333.79      1333.52
   517    517  153.92   46.00   2      1283.76      1283.65
   518    518  153.92   48.00   2      1235.98      1235.70
   519    519  153.92   50.00   2      1188.19      1188.12
   520    520  153.92   52.00   2      1140.74      1140.55
   521    521  153.92   54.00   2      1092.33      1092.24
   522    522  153.92   56.00   2      1042.88      1042.68
   523    523  153.92   58.00   2       989.43       989.31
   524    524  153.92   60.00   2       930.97       930.57
   525    525  153.92   62.00   2       862.24       860.75
   526    526  153.92   64.00   2       775.03       772.69
   527    527  153.92   66.00   2       671.67       669.08
   528    528  153.92   68.00   2       569.77       568.02
   529    529  153.92   70.00   2       476.24       473.76
   530    530  155.92   70.00   2       457.10       455.77
   531    531  155.92   68.00   2       532.28       532.54
   532    532  155.92   66.00   2       620.35       621.91
   533    533  155.92   64.00   2       718.59       720.37
   534    534  155.92   62.00   2       819.19       820.75
   535    535  155.92   60.00   2       899.56       900.95
   536    536  155.92   58.00   2       965.52       965.78
   537    537  155.92   56.00   2      1023.04      1023.22
   538    538  155.92   54.00   2      1075.15      1075.42
   539    539  155.92   52.00   2      1125.23      1125.33
   540    540  155.92   50.00   2      1173.75      1173.90
   541    541  155.92   48.00   2      1222.29      1222.36
   542    542  155.92   46.00   2      1270.91      1270.96
   543    543  155.92   44.00   2      1320.01      1320.24
   544    544  155.92   42.00   2      1371.71      1371.79
   545    545  155.92   40.00   2      1424.41      1424.59
   546    546  155.92   38.00   2      1480.07      1480.12
   547    547  155.92   36.00   2      1537.68      1537.79
   548    548  155.92   34.00   2      1599.31      1599.36
   549    549  155.92   32.00   2      1664.04      1664.11
   550    550  155.92   30.00   2      1732.61      1732.92
   551    551  155.92   28.00   2      1807.21      1807.28
   552    552  155.92   26.00   2      1886.12      1886.43
   553    553  155.92   24.00   2      1972.43      1972.51
   554    554  155.92   22.00   2      2065.06      2065.26
   555    555  155.92   20.00   2      2166.30      2166.43
   556    556  155.92   18.00   2      2275.54      2275.72
   557    557  155.92   16.00   2      2394.50      2394.64
   558    558  155.92   14.00   2      2522.91      2523.13
   559    559  155.92   12.00   2      2660.63      2660.81
   560    560  155.92   10.00   2      2804.67      2804.88
   561    561  155.92    8.00   2      2948.99      2949.24
   562    562  155.92    6.00   2      3080.15      3080.39
   563    563  155.92    4.00   2      3170.60      3170.82
   564    564  155.92    2.00   2      3165.31      3165.32
   565    565  155.92    0.00   2      2956.54      2955.43
   566    566  157.92    0.00   2      2986.54      2986.67
   567    567  157.92    2.00   2      3151.62      3151.91
   568    568  157.92    4.00   2      3140.49      3140.46
   569    569  157.92    6.00   2      3043.74      3043.42
   570    570  157.92    8.00   2      2910.02      2909.83
   571    571  157.92   10.00   2      2766.04      2765.74
   572    572  157.92   12.00   2      2622.90      2622.71
   573    573  157.92   14.00   2      2486.12      2485.93
   574    574  157.92   16.00   2      2359.67      2358.38
   575    575  157.92   18.00   2      2241.79      2241.64
   576    576  157.92   20.00   2      2134.02      2133.73
   577    577  157.92   22.00   2      2034.56      2034.44
   578    578  157.92   24.00   2      1943.41      1943.25
   579    579  157.92   26.00   2      1859.23      1859.14
   580    580  157.92   28.00   2      1781.16      1781.07
   581    581  157.92   30.00   2      1708.82      1708.55
   582    582  157.92   32.00   2      1640.67      1640.62
   583    583  157.92   34.00   2      1577.29      1577.11
   584    584  157.92   36.00   2      1517.08      1517.05
   585    585  157.92   38.00   2      1460.47      1460.38
   586    586  157.92   40.00   2      1406.60      1406.36
   587    587  157.92   42.00   2      1354.08      1354.03
   588    588  157.92   44.00   2      1304.40      1304.17
   589    589  157.92   46.00   2      1255.05      1255.01
   590    590  157.92   48.00   2      1207.51      1207.35
   591    591  157.92   50.00   2      1160.52      1160.19
   592    592  157.92   52.00   2      1112.20      1112.04
   593    593  157.92   54.00   2      1063.87      1063.57
   594    594  157.92   56.00   2      1012.11      1011.99
   595    595  157.92   58.00   2       957.27       956.93
   596    596  157.92   60.00   2       894.06       893.77
   597    597  157.92   62.00   2       818.06       815.62
   598    598  157.92   64.00   2       719.20       717.79
   599    599  157.92   66.00   2       618.74       616.48
   600    600  157.92   68.00   2       522.82       521.23
   601    601  157.92   70.00   2       435.76       432.99
   602    602  159.92   70.00   2       388.12       386.86
   603    603  159.92   68.00   2       453.56       453.92
   604    604  159.92   66.00   2       533.77       535.19
   605    605  159.92   64.00   2       623.61       626.04
   606    606  159.92   62.00   2       722.22       723.85
   607    607  159.92   60.00   2       822.12       823.41
   608    608  159.92   58.00   2       901.47       902.80
   609    609  159.92   56.00   2       967.27       967.54
   610    610  159.92   54.00   2      1024.37      1024.64
   611    611  159.92   52.00   2      1076.77      1077.11
   612    612  159.92   50.00   2      1127.78      1127.90
   613    613  159.92   48.00   2      1176.77      1176.98
   614    614  159.92   46.00   2      1226.29      1226.32
   615    615  159.92   44.00   2      1275.28      1275.43
   616    616  159.92   42.00   2      1325.87      1325.92
   617    617  159.92   40.00   2      1377.46      1377.50
   618    618  159.92   38.00   2      1430.45      1430.73
   619    619  159.92   36.00   2      1487.16      1487.17
   620    620  159.92   34.00   2      1545.56      1545.80
   621    621  159.92   32.00   2      1608.46      1608.49
   622    622  159.92   30.00   2      1674.25      1674.44
   623    623  159.92   28.00   2      1745.26      1745.34
   624    624  159.92   26.00   2      1820.85      1820.98
   625    625  159.92   24.00   2      1902.60      1902.70
   626    626  159.92   22.00   2      1990.62      1990.75
   627    627  159.92   20.00   2      2086.27      2086.37
   628    628  159.92   18.00   2      2190.56      2190.69
   629    629  159.92   16.00   2      2303.55      2303.64
   630    630  159.92   14.00   2      2425.97      2426.13
   631    631  159.92   12.00   2      2557.23      2557.58
   632    632  159.92   10.00   2      2696.85      2697.04
   633    633  159.92    8.00   2      2840.19      2840.51
   634    634  159.92    6.00   2      2976.88      2977.07
   635    635  159.92    4.00   2      3084.79      3084.98
   636    636  159.92    2.00   2      3126.82      3126.91
   637    637  159.92    0.00   2      3017.69      3017.56
   638    638  161.92    0.00   2      3027.68      3027.65
   639    639  161.92    2.00   2      3079.59      3079.50
   640    640  161.92    4.00   2      3014.33      3014.33
   641    641  161.92    6.00   2      2895.75      2895.64
   642    642  161.92    8.00   2      2756.43      2757.63
   643    643  161.92   10.00   2      2616.82      2616.67
   644    644  161.92   12.00   2      2478.40      2480.78
   645    645  161.92   14.00   2      2353.34      2353.21
   646    646  161.92   16.00   2      2225.83      2235.13
   647    647  161.92   18.00   2      2126.36      2126.35
   648    648  161.92   20.00   2      1996.26      2026.43
   649    649  161.92   22.00   2      1934.46      1934.46
   650    650  161.92   24.00   2      1850.24      1850.16
   651    651  161.92   26.00   2      1772.37      1772.15
   652    652  161.92   28.00   2      1698.92      1698.82
   653    653  161.92   30.00   2      1630.86      1630.67
   654    654  161.92   32.00   2      1566.69      1566.66
   655    655  161.92   34.00   2      1506.53      1506.41
   656    656  161.92   36.00   2      1449.84      1449.57
   657    657  161.92   38.00   2      1394.65      1394.59
   658    658  161.92   40.00   2      1342.63      1342.44
   659    659  161.92   42.00   2      1291.85      1291.79
   660    660  161.92   44.00   2      1242.77      1242.66
   661    661  161.92   46.00   2      1194.06      1194.01
   662    662  161.92   48.00   2      1145.70      1145.60
   663    663  161.92   50.00   2      1097.28      1097.03
   664    664  161.92   52.00   2      1046.52      1046.37
   665    665  161.92   54.00   2       993.84       993.43
   666    666  161.92   56.00   2       935.36       935.11
   667    667  161.92   58.00   2       868.33       867.06
   668    668  161.92   60.00   2       783.30       781.83
   669    669  161.92   62.00   2       682.90       680.32
   670    670  161.92   64.00   2       584.05       582.81
   671    671  161.92   66.00   2       492.27       490.88
   672    672  161.92   68.00   2       409.41       407.72
   673    673  161.92   70.00   2       334.04       331.52
   674    674  163.92   70.00   2       266.80       265.33
   675    675  163.92   68.00   2       317.09       317.35
   676    676  163.92   66.00   2       381.50       381.61
   677    677  163.92   64.00   2       455.47       456.77
   678    678  163.92   62.00   2       539.70       540.97
   679    679  163.92   60.00   2       632.48       634.05
   680    680  163.92   58.00   2       734.48       737.29
   681    681  163.92   56.00   2       835.60       837.10
   682    682  163.92   54.00   2       914.60       916.05
   683    683  163.92   52.00   2       980.11       981.49
   684    684  163.92   50.00   2      1038.39      1038.56
   685    685  163.92   48.00   2      1091.93      1092.16
   686    686  163.92   46.00   2      1143.51      1143.61
   687    687  163.92   44.00   2      1193.61      1193.71
   688    688  163.92   42.00   2      1243.35      1243.58
   689    689  163.92   40.00   2      1294.64      1294.73
   690    690  163.92   38.00   2      1346.37      1346.53
   691    691  163.92   36.00   2      1400.26      1400.34
   692    692  163.92   34.00   2      1450.97      1456.77
   693    693  163.92   32.00   2      1515.34      1515.40
   694    694  163.92   30.00   2      1570.54      1577.44
   695    695  163.92   28.00   2      1643.03      1643.10
   696    696  163.92   26.00   2      1684.11      1713.18
   697    697  163.92   24.00   2      1788.17      1788.22
   698    698  163.92   22.00   2      1868.98      1868.96
   699    699  163.92   20.00   2      1955.99      1955.97
   700    700  163.92   18.00   2      2050.68      2050.62
   701    701  163.92   16.00   2      2153.08      2153.22
   702    702  163.92   14.00   2      2264.91      2264.94
   703    703  163.92   12.00   2      2368.26      2385.64
   704    704  163.92   10.00   2      2514.62      2514.69
   705    705  163.92    8.00   2      2585.10      2651.11
   706    706  163.92    6.00   2      2788.49      2788.57
   707    707  163.92    4.00   2      2915.32      2915.38
   708    708  163.92    2.00   2      3004.98      3005.18
   709    709  163.92    0.00   2      3012.39      3012.40
   710    710  165.92    0.00   2      2958.54      2958.50
   711    711  165.92    2.00   2      2904.20      2904.12
   712    712  165.92    4.00   2      2793.70      2793.74
   713    713  165.92    6.00   2      2662.40      2662.22
   714    714  165.92    8.00   2      2520.90      2527.19
   715    715  165.92   10.00   2      2396.68      2396.63
   716    716  165.92   12.00   2      2250.79      2274.18
   717    717  165.92   14.00   2      2160.54      2160.47
   718    718  165.92   16.00   2      2056.00      2055.90
   719    719  165.92   18.00   2      1959.42      1959.42
   720    720  165.92   20.00   2      1870.41      1870.35
   721    721  165.92   22.00   2      1787.92      1787.92
   722    722  165.92   24.00   2      1711.97      1711.84
   723    723  165.92   26.00   2      1639.59      1640.93
   724    724  165.92   28.00   2      1574.17      1574.09
   725    725  165.92   30.00   2      1507.08      1511.93
   726    726  165.92   32.00   2      1452.80      1452.74
   727    727  165.92   34.00   2      1384.09      1396.94
   728    728  165.92   36.00   2      1342.87      1342.84
   729    729  165.92   38.00   2      1259.06      1290.90
   730    730  165.92   40.00   2      1240.06      1240.08
   731    731  165.92   42.00   2      1190.54      1190.43
   732    732  165.92   44.00   2      1141.04      1141.00
   733    733  165.92   46.00   2      1091.22      1091.04
   734    734  165.92   48.00   2      1039.42      1039.08
   735    735  165.92   50.00   2       983.45       983.19
   736    736  165.92   52.00   2       922.19       921.09
   737    737  165.92   54.00   2       848.74       847.51
   738    738  165.92   56.00   2       754.98       753.04
   739    739  165.92   58.00   2       650.29       648.88
   740    740  165.92   60.00   2       552.46       549.65
   741    741  165.92   62.00   2       461.21       459.88
   742    742  165.92   64.00   2       381.29       378.33
   743    743  165.92   66.00   2       308.95       307.57
   744    744  165.92   68.00   2       247.59       246.42
   745    745  165.92   70.00   2       197.26       195.79
   746    746  167.92   70.00   2       143.46       143.14
   747    747  167.92   68.00   2       167.05       167.07
   748    748  167.92   66.00   2       203.16       203.34
   749    749  167.92   64.00   2       250.58       250.96
   750    750  167.92   62.00   2       309.64       309.92
   751    751  167.92   60.00   2       378.49       380.00
   752    752  167.92   58.00   2       458.72       460.10
   753    753  167.92   56.00   2       548.94       551.35
   754    754  167.92   54.00   2       649.49       650.83
   755    755  167.92   52.00   2       758.82       760.31
   756    756  167.92   50.00   2       859.69       861.08
   757    757  167.92   48.00   2       928.42       941.62
   758    758  167.92   46.00   2      1006.41      1006.51
   759    759  167.92   44.00   2      1037.94      1064.08
   760    760  167.92   42.00   2      1117.89      1117.93
   761    761  167.92   40.00   2      1169.92      1169.90
   762    762  167.92   38.00   2      1221.19      1221.20
   763    763  167.92   36.00   2      1273.10      1273.11
   764    764  167.92   34.00   2      1324.90      1325.95
   765    765  167.92   32.00   2      1380.63      1380.62
   766    766  167.92   30.00   2      1431.64      1437.69
   767    767  167.92   28.00   2      1497.28      1497.31
   768    768  167.92   26.00   2      1560.72      1560.66
   769    769  167.92   24.00   2      1627.70      1627.68
   770    770  167.92   22.00   2      1699.30      1699.29
   771    771  167.92   20.00   2      1776.07      1776.15
   772    772  167.92   18.00   2      1859.08      1859.06
   773    773  167.92   16.00   2      1944.25      1948.56
   774    774  167.92   14.00   2      2044.83      2044.85
   775    775  167.92   12.00   2      2128.83      2149.71
   776    776  167.92   10.00   2      2263.12      2263.17
   777    777  167.92    8.00   2      2330.10      2384.82
   778    778  167.92    6.00   2      2513.01      2513.07
   779    779  167.92    4.00   2      2643.94      2643.92
   780    780  167.92    2.00   2      2765.69      2766.00
   781    781  167.92    0.00   2      2857.96      2857.91
   782    782  169.92    0.00   2      2707.11      2707.02
   783    783  169.92    2.00   2      2594.16      2594.08
   784    784  169.92    4.00   2      2468.44      2468.38
   785    785  169.92    6.00   2      2342.97      2342.86
   786    786  169.92    8.00   2      2222.67      2222.68
   787    787  169.92   10.00   2      2110.82      2110.71
   788    788  169.92   12.00   2      2006.01      2007.01
   789    789  169.92   14.00   2      1911.07      1910.97
   790    790  169.92   16.00   2      1819.41      1822.74
   791    791  169.92   18.00   2      1740.69      1740.61
   792    792  169.92   20.00   2      1656.17      1664.71
   793    793  169.92   22.00   2      1593.68      1593.62
   794    794  169.92   24.00   2      1510.07      1527.55
   795    795  169.92   26.00   2      1465.02      1464.94
   796    796  169.92   28.00   2      1388.43      1405.86
   797    797  169.92   30.00   2      1349.12      1349.11
   798    798  169.92   32.00   2      1294.86      1294.74
   799    799  169.92   34.00   2      1241.78      1241.76
   800    800  169.92   36.00   2      1190.15      1190.03
   801    801  169.92   38.00   2      1137.35      1138.46
   802    802  169.92   40.00   2      1086.30      1086.21
   803    803  169.92   42.00   2      1026.41      1031.54
   804    804  169.92   44.00   2       972.53       972.42
   805    805  169.92   46.00   2       891.77       905.83
   806    806  169.92   48.00   2       823.92       823.76
   807    807  169.92   50.00   2       717.77       716.44
   808    808  169.92   52.00   2       607.97       607.82
   809    809  169.92   54.00   2       506.11       504.87
   810    810  169.92   56.00   2       418.98       417.63
   811    811  169.92   58.00   2       341.14       338.23
   812    812  169.92   60.00   2       271.71       270.26
   813    813  169.92   62.00   2       214.76       213.25
   814    814  169.92   64.00   2       171.18       169.94
   815    815  169.92   66.00   2       141.64       141.32
   816    816  169.92   68.00   2       124.87       124.50
   817    817  169.92   70.00   2       116.47       116.41
   818    818  171.92   70.00   2       115.54       115.40
   819    819  171.92   68.00   2       115.21       115.21
   820    820  171.92   66.00   2       115.34       115.40
   821    821  171.92   64.00   2       119.08       119.12
   822    822  171.92   62.00   2       129.36       129.60
   823    823  171.92   60.00   2       150.97       151.15
   824    824  171.92   58.00   2       187.19       187.21
   825    825  171.92   56.00   2       235.55       237.33
   826    826  171.92   54.00   2       300.53       300.69
   827    827  171.92   52.00   2       371.88       377.12
   828    828  171.92   50.00   2       464.01       464.31
   829    829  171.92   48.00   2       561.92       562.19
   830    830  171.92   46.00   2       668.44       669.66
   831    831  171.92   44.00   2       785.74       785.86
   832    832  171.92   42.00   2       869.69       883.85
   833    833  171.92   40.00   2       959.04       959.23
   834    834  171.92   38.00   2      1023.60      1023.67
   835    835  171.92   36.00   2      1081.79      1081.90
   836    836  171.92   34.00   2      1137.61      1137.62
   837    837  171.92   32.00   2      1191.77      1191.87
   838    838  171.92   30.00   2      1246.23      1246.25
   839    839  171.92   28.00   2      1301.17      1301.18
   840    840  171.92   26.00   2      1357.74      1357.77
   841    841  171.92   24.00   2      1416.44      1416.50
   842    842  171.92   22.00   2      1478.16      1478.18
   843    843  171.92   20.00   2      1543.40      1543.45
   844    844  171.92   18.00   2      1612.64      1612.70
   845    845  171.92   16.00   2      1686.52      1686.56
   846    846  171.92   14.00   2      1765.37      1765.43
   847    847  171.92   12.00   2      1850.78      1850.80
   848    848  171.92   10.00   2      1942.74      1942.82
   849    849  171.92    8.00   2      2042.59      2042.62
   850    850  171.92    6.00   2      2150.07      2150.15
   851    851  171.92    4.00   2      2264.39      2264.48
   852    852  171.92    2.00   2      2383.61      2383.68
   853    853  171.92    0.00   2      2502.21      2502.25
   854    854  173.92    0.00   2      2253.56      2253.49
   855    855  173.92    2.00   2      2098.93      2143.31
   856    856  173.92    4.00   2      2024.88      2037.18
   857    857  173.92    6.00   2      1908.14      1936.76
   858    858  173.92    8.00   2      1828.02      1843.50
   859    859  173.92   10.00   2      1733.34      1756.88
   860    860  173.92   12.00   2      1663.75      1676.64
   861    861  173.92   14.00   2      1584.04      1601.67
   862    862  173.92   16.00   2      1520.61      1531.99
   863    863  173.92   18.00   2      1450.82      1465.93
   864    864  173.92   20.00   2      1391.15      1403.93
   865    865  173.92   22.00   2      1334.46      1344.43
   866    866  173.92   24.00   2      1273.96      1287.50
   867    867  173.92   26.00   2      1230.27      1231.61
   868    868  173.92   28.00   2      1164.41      1177.57
   869    869  173.92   30.00   2      1130.61      1122.30
   870    870  173.92   32.00   2      1054.62      1066.56
   871    871  173.92   34.00   2      1021.19      1007.06
   872    872  173.92   36.00   2       934.28       942.76
   873    873  173.92   38.00   2       866.51       866.35
   874    874  173.92   40.00   2       764.67       768.32
   875    875  173.92   42.00   2       654.31       653.09
   876    876  173.92   44.00   2       553.95       545.94
   877    877  173.92   46.00   2       448.55       448.34
   878    878  173.92   48.00   2       360.48       360.09
   879    879  173.92   50.00   2       283.68       283.50
   880    880  173.92   52.00   2       219.90       219.65
   881    881  173.92   54.00   2       174.51       170.64
   882    882  173.92   56.00   2       138.54       138.50
   883    883  173.92   58.00   2       122.07       121.99
   884    884  173.92   60.00   2       115.59       115.57
   885    885  173.92   62.00   2       115.30       115.26
   886    886  173.92   64.00   2       115.17       115.14
   887    887  173.92   66.00   2       115.05       115.04
   889    889  175.92   64.00   2       114.95       114.96
   890    890  175.92   62.00   2       114.88       114.90
   891    891  175.92   60.00   2       115.03       115.00
   892    892  175.92   58.00   2       115.45       115.31
   893    893  175.92   56.00   2       115.06       115.08
   894    894  175.92   54.00   2       115.47       115.40
   895    895  175.92   52.00   2       119.68       119.66
   896    896  175.92   50.00   2       133.48       133.41
   897    897  175.92   48.00   2       160.29       160.28
   898    898  175.92   46.00   2       202.68       202.78
   899    899  175.92   44.00   2       261.33       260.20
   900    900  175.92   42.00   2       329.59       329.83
   901    901  175.92   40.00   2       415.57       412.28
   902    902  175.92   38.00   2       506.39       506.62
   903    903  175.92   36.00   2       615.43       612.66
   904    904  175.92   34.00   2       729.68       730.90
   905    905  175.92   32.00   2       851.77       847.50
   906    906  175.92   30.00   2       935.19       935.43
   907    907  175.92   28.00   2      1026.36      1007.28
   908    908  175.92   26.00   2      1070.35      1070.45
   909    909  175.92   24.00   2      1129.36      1129.44
   910    910  175.92   22.00   2      1183.81      1187.01
   911    911  175.92   20.00   2      1244.04      1244.04
   912    912  175.92   18.00   2      1294.87      1301.95
   913    913  175.92   16.00   2      1361.16      1361.21
   914    914  175.92   14.00   2      1419.56      1423.22
   915    915  175.92   12.00   2      1488.08      1488.13
   916    916  175.92   10.00   2      1565.77      1556.93
   917    917  175.92    8.00   2      1628.71      1628.96
   918    918  175.92    6.00   2      1734.47      1707.36
   919    919  175.92    4.00   2      1790.13      1790.21
   920    920  175.92    2.00   2      1877.81      1877.82
   921    921  175.92    0.00   2      1961.55      1970.67
   922    922  177.92    0.00   2      1700.33      1666.10
   923    923  177.92    2.00   2      1593.54      1593.56
   924    924  177.92    4.00   2      1524.50      1524.37
   925    925  177.92    6.00   2      1456.94      1458.27
   926    926  177.92    8.00   2      1395.09      1395.04
   927    927  177.92   10.00   2      1333.17      1334.82
   928    928  177.92   12.00   2      1276.47      1276.44
   929    929  177.92   14.00   2      1217.76      1219.34
   930    930  177.92   16.00   2      1162.97      1162.86
   931    931  177.92   18.00   2      1103.78      1105.51
   932    932  177.92   20.00   2      1046.31      1046.24
   933    933  177.92   22.00   2      1002.63       982.77
   934    934  177.92   24.00   2       910.34       910.18
   935    935  177.92   26.00   2       820.35       819.99
   936    936  177.92   28.00   2       703.56       703.36
   937    937  177.92   30.00   2       586.97       585.73
   938    938  177.92   32.00   2       480.55       480.38
   939    939  177.92   34.00   2       385.29       384.86
   940    940  177.92   36.00   2       303.11       301.68
   941    941  177.92   38.00   2       233.45       233.31
   942    942  177.92   40.00   2       183.24       180.56
   943    943  177.92   42.00   2       144.75       144.62
   944    944  177.92   44.00   2       124.65       124.58
   945    945  177.92   46.00   2       115.96       115.96
   946    946  177.92   48.00   2       115.42       115.35
   947    947  177.92   50.00   2       115.19       115.17
   948    948  177.92   52.00   2       115.17       115.11
   949    949  177.92   54.00   2       115.00       115.00
   950    950  177.92   56.00   2       114.98       114.96
   951    951  177.92   58.00   2       115.58       115.36
   952    952  177.92   60.00   2       114.95       114.93
   964    964  179.92   56.00   2       114.87       114.86
   965    965  179.92   54.00   2       115.01       114.94
   966    966  179.92   52.00   2       114.92       114.90
   967    967  179.92   50.00   2       115.01       114.95
   968    968  179.92   48.00   2       114.93       114.92
   969    969  179.92   46.00   2       115.00       114.95
   970    970  179.92   44.00   2       115.18       115.09
   971    971  179.92   42.00   2       115.05       115.00
   972    972  179.92   40.00   2       115.13       115.07
   973    973  179.92   38.00   2       115.23       115.21
   974    974  179.92   36.00   2       117.22       117.16
   975    975  179.92   34.00   2       127.70       127.67
   976    976  179.92   32.00   2       150.74       150.71
   977    977  179.92   30.00   2       190.24       190.23
   978    978  179.92   28.00   2       246.43       246.50
   979    979  179.92   26.00   2       317.46       317.49
   980    980  179.92   24.00   2       401.58       401.87
   981    981  179.92   22.00   2       499.15       497.95
   982    982  179.92   20.00   2       605.53       606.98
   983    983  179.92   18.00   2       738.98       724.87
   984    984  179.92   16.00   2       842.85       844.08
   985    985  179.92   14.00   2       932.63       932.80
   986    986  179.92   12.00   2      1003.81      1003.86
   987    987  179.92   10.00   2      1066.16      1066.29
   988    988  179.92    8.00   2      1124.26      1124.35
   989    989  179.92    6.00   2      1179.63      1179.65
   990    990  179.92    4.00   2      1236.78      1233.74
   991    991  179.92    2.00   2      1286.96      1287.00
   992    992  179.92    0.00   2      1367.48      1340.38
   993    993  181.92    0.00   2       945.02       943.65
   994    994  181.92    2.00   2       883.83       880.72
   995    995  181.92    4.00   2       799.54       798.29
   996    996  181.92    6.00   2       699.09       697.64
   997    997  181.92    8.00   2       597.96       597.78
   998    998  181.92   10.00   2       502.53       501.12
   999    999  181.92   12.00   2       414.03       413.90
  1000   1000  181.92   14.00   2       334.29       333.94
  1001   1001  181.92   16.00   2       264.06       263.93
  1002   1002  181.92   18.00   2       205.71       205.51
  1003   1003  181.92   20.00   2       162.94       161.84
  1004   1004  181.92   22.00   2       133.86       133.78
  1005   1005  181.92   24.00   2       119.83       119.74
  1006   1006  181.92   26.00   2       115.48       115.45
  1007   1007  181.92   28.00   2       115.28       115.22
  1008   1008  181.92   30.00   2       115.09       115.08
  1009   1009  181.92   32.00   2       115.14       115.08
  1010   1010  181.92   34.00   2       114.97       114.97
  1011   1011  181.92   36.00   2       115.09       115.01
  1012   1012  181.92   38.00   2       114.96       114.94
  1013   1013  181.92   40.00   2       115.03       114.98
  1014   1014  181.92   42.00   2       114.95       114.93
  1015   1015  181.92   44.00   2       114.98       114.94
  1016   1016  181.92   46.00   2       116.01       114.87
  1017   1017  181.92   48.00   2       114.87       114.85
  1018   1018  181.92   50.00   2       114.99       114.91
  1042   1042  183.92   44.00   2       114.92       114.85
  1043   1043  183.92   42.00   2       114.83       114.82
  1044   1044  183.92   40.00   2       114.95       114.88
  1045   1045  183.92   38.00   2       114.82       114.82
  1046   1046  183.92   36.00   2       114.91       114.87
  1047   1047  183.92   34.00   2       115.76       115.44
  1048   1048  183.92   32.00   2       114.93       114.88
  1049   1049  183.92   30.00   2       114.97       114.89
  1050   1050  183.92   28.00   2       114.89       114.88
  1051   1051  183.92   26.00   2       114.95       114.89
  1052   1052  183.92   24.00   2       114.89       114.88
  1053   1053  183.92   22.00   2       115.00       114.94
  1054   1054  183.92   20.00   2       114.92       114.91
  1055   1055  183.92   18.00   2       115.05       114.98
  1056   1056  183.92   16.00   2       115.07       115.02
  1057   1057  183.92   14.00   2       115.06       115.01
  1058   1058  183.92   12.00   2       115.95       115.62
  1059   1059  183.92   10.00   2       115.18       115.13
  1060   1060  183.92    8.00   2       117.73       115.30
  1061   1061  183.92    6.00   2       115.44       115.42
  1062   1062  183.92    4.00   2       118.32       118.28
  1063   1063  183.92    2.00   2       123.77       123.75
  1064   1064  183.92    0.00   2       131.09       131.03
  1065   1065  185.92    0.00   2       115.00       114.95
  1066   1066  185.92    2.00   2       115.42       115.25
  1067   1067  185.92    4.00   2       114.97       114.95
  1068   1068  185.92    6.00   2       115.00       114.94
  1069   1069  185.92    8.00   2       114.86       114.85
  1070   1070  185.92   10.00   2       115.01       114.95
  1071   1071  185.92   12.00   2       114.95       114.93
  1072   1072  185.92   14.00   2       114.98       114.92
  1073   1073  185.92   16.00   2       115.13       115.03
  1074   1074  185.92   18.00   2       114.95       114.90
  1075   1075  185.92   20.00   2       117.18       114.96
  1076   1076  185.92   22.00   2       114.86       114.84
  1077   1077  185.92   24.00   2       114.94       114.87
  1078   1078  185.92   26.00   2       114.87       114.84
  1079   1079  185.92   28.00   2       114.90       114.84
  1080   1080  185.92   30.00   2       114.93       114.88
  1081   1081  185.92   32.00   2       114.90       114.83
  1082   1082  185.92   34.00   2       115.73       115.40
  1083   1083  185.92   36.00   2       114.81       114.79
  1123   1123  187.92   26.00   2       114.90       114.83
  1124   1124  187.92   24.00   2       114.79       114.79
  1125   1125  187.92   22.00   2       114.91       114.85
  1126   1126  187.92   20.00   2       115.64       115.34
  1127   1127  187.92   18.00   2       114.85       114.81
  1128   1128  187.92   16.00   2       114.92       114.86
  1129   1129  187.92   14.00   2       114.86       114.84
  1130   1130  187.92   12.00   2       114.96       114.89
  1131   1131  187.92   10.00   2       114.85       114.83
  1132   1132  187.92    8.00   2       114.96       114.90
  1133   1133  187.92    6.00   2       115.03       114.96
  1134   1134  187.92    4.00   2       114.85       114.85
  1135   1135  187.92    2.00   2       114.92       114.89
  1136   1136  187.92    0.00   2       114.86       114.86
  1137   1137  189.92    0.00   2       114.73       114.77
  1138   1138  189.92    2.00   2       114.91       114.87
  1139   1139  189.92    4.00   2       114.83       114.80
# END: scan time was  11527.495348  seconds
