# Sensor scan measurement of Sensor IR2
# Iin=    34.80 mA ,  Vin= 12136.90 mV, T=    18.93 C 
# scanRangeX 151.50 mm; scanRangeY  70.00 mm; stepSize   2.00 mm; initialOffset   4.00 mm; sensorX 195.50 mm; start position at (x|y)=( 26.00|  0.00) mm
# iStep, iStep, Pos x, Pos y, nMeas, Meas1 ... MeasN
   591    591   26.00    0.00   2       111.97       111.95
   592    592   26.00    2.00   2       112.80       112.42
   593    593   26.00    4.00   2       111.91       111.92
   594    594   26.00    6.00   2       113.20       111.85
   595    595   26.00    8.00   2       111.89       111.90
   596    596   26.00   10.00   2       114.57       111.90
   597    597   26.00   12.00   2       111.81       111.86
   598    598   26.00   14.00   2       114.60       111.91
   599    599   26.00   16.00   2       111.54       111.68
   600    600   26.00   18.00   2       114.60       111.93
   626    626   26.00    0.00   2       111.89       111.90
   627    627   26.00    2.00   2       114.55       111.87
   628    628   26.00    4.00   2       111.70       111.78
   629    629   26.00    6.00   2       114.60       111.91
   630    630   26.00    8.00   2       111.43       111.59
   631    631   26.00   10.00   2       114.61       111.93
   632    632   26.00   12.00   2       112.37       112.21
   633    633   26.00   14.00   2       114.63       111.94
   634    634   26.00   16.00   2       112.39       112.19
   635    635   26.00   18.00   2       111.91       111.91
   636    636   26.00   20.00   2       113.39       111.80
   637    637   26.00   22.00   2       111.99       111.96
   638    638   26.00   24.00   2       114.55       111.84
   639    639   26.00   26.00   2       111.92       111.92
   640    640   26.00   28.00   2       114.58       111.87
   641    641   26.00   30.00   2       111.80       111.84
   660    660   26.00    0.00   2       114.62       111.93
   661    661   26.00    2.00   2       112.20       112.10
   662    662   26.00    4.00   2       111.95       111.94
   663    663   26.00    6.00   2       113.10       111.82
   664    664   26.00    8.00   2       111.92       111.92
   665    665   26.00   10.00   2       112.86       111.83
   666    666   26.00   12.00   2       111.95       111.93
   667    667   26.00   14.00   2       113.50       111.85
   668    668   26.00   16.00   2       111.80       111.86
   669    669   26.00   18.00   2       114.59       111.88
   670    670   26.00   20.00   2       111.92       111.93
   671    671   26.00   22.00   2       114.61       111.94
   672    672   26.00   24.00   2       112.23       112.12
   673    673   26.00   26.00   2       114.62       111.90
   674    674   26.00   28.00   2       111.72       111.78
   675    675   26.00   30.00   2       111.94       111.93
   676    676   26.00   32.00   2       112.70       112.36
   677    677   26.00   34.00   2       111.94       111.92
   678    678   26.00   36.00   2       114.54       111.85
   694    694   26.00    0.00   2       112.26       112.09
   695    695   26.00    2.00   2       111.93       111.92
   696    696   26.00    4.00   2       113.07       111.83
   697    697   26.00    6.00   2       111.91       111.92
   698    698   26.00    8.00   2       114.53       111.85
   699    699   26.00   10.00   2       111.93       111.93
   700    700   26.00   12.00   2       114.61       111.92
   701    701   26.00   14.00   2       111.67       111.76
   702    702   26.00   16.00   2       114.62       111.91
   703    703   26.00   18.00   2       111.62       111.73
   704    704   26.00   20.00   2       111.90       111.90
   705    705   26.00   22.00   2       112.21       112.06
   706    706   26.00   24.00   2       111.94       111.92
   707    707   26.00   26.00   2       114.55       111.83
   708    708   26.00   28.00   2       111.99       111.96
   709    709   26.00   30.00   2       114.57       111.87
   710    710   26.00   32.00   2       111.90       111.91
   711    711   26.00   34.00   2       114.61       111.92
   712    712   26.00   36.00   2       111.81       111.83
   713    713   26.00   38.00   2       111.95       111.93
   714    714   26.00   40.00   2       112.15       112.03
   715    715   26.00   42.00   2       111.92       111.91
   727    727   26.00    0.00   2       114.56       111.90
   728    728   26.00    2.00   2       111.92       111.93
   729    729   26.00    4.00   2       114.61       111.92
   730    730   26.00    6.00   2       112.20       112.10
   731    731   26.00    8.00   2       114.61       111.90
   732    732   26.00   10.00   2       112.44       112.25
   733    733   26.00   12.00   2       111.95       111.94
   734    734   26.00   14.00   2       112.86       111.85
   735    735   26.00   16.00   2       111.95       111.93
   736    736   26.00   18.00   2       113.28       111.84
   737    737   26.00   20.00   2       111.91       111.92
   738    738   26.00   22.00   2       114.51       111.82
   739    739   26.00   24.00   2       111.94       111.94
   740    740   26.00   26.00   2       114.56       111.87
   741    741   26.00   28.00   2       111.92       111.92
   742    742   26.00   30.00   2       114.57       111.88
   743    743   26.00   32.00   2       112.08       112.02
   744    744   26.00   34.00   2       111.94       111.92
   745    745   26.00   36.00   2       112.46       112.27
   746    746   26.00   38.00   2       111.93       111.92
   747    747   26.00   40.00   2       113.05       111.84
   748    748   26.00   42.00   2       111.93       111.92
   749    749   26.00   44.00   2       112.87       111.82
   750    750   26.00   46.00   2       111.91       111.92
   759    759   26.00    0.00   2       111.93       111.93
   760    760   26.00    2.00   2       114.55       111.91
   761    761   26.00    4.00   2       111.61       111.72
   762    762   26.00    6.00   2       114.60       111.92
   763    763   26.00    8.00   2       112.17       112.08
   764    764   26.00   10.00   2       114.62       111.93
   765    765   26.00   12.00   2       111.89       111.89
   766    766   26.00   14.00   2       111.97       111.94
   767    767   26.00   16.00   2       112.62       112.30
   768    768   26.00   18.00   2       111.93       111.93
   769    769   26.00   20.00   2       114.52       111.81
   770    770   26.00   22.00   2       111.93       111.93
   771    771   26.00   24.00   2       114.52       111.88
   772    772   26.00   26.00   2       111.75       111.81
   773    773   26.00   28.00   2       114.59       111.90
   774    774   26.00   30.00   2       111.83       111.87
   775    775   26.00   32.00   2       114.60       111.94
   776    776   26.00   34.00   2       112.52       112.27
   777    777   26.00   36.00   2       111.92       111.92
   778    778   26.00   38.00   2       112.61       112.30
   779    779   26.00   40.00   2       111.94       111.94
   780    780   26.00   42.00   2       113.36       111.84
   781    781   26.00   44.00   2       111.91       111.92
   782    782   26.00   46.00   2       114.56       111.90
   783    783   26.00   48.00   2       112.02       111.99
   784    784   26.00   50.00   2       114.61       111.92
   790    790   26.00    0.00   2       114.63       111.91
   791    791   26.00    2.00   2       111.96       111.93
   792    792   26.00    4.00   2       111.99       111.95
   793    793   26.00    6.00   2       111.84       111.85
   794    794   26.00    8.00   2       111.93       111.92
   795    795   26.00   10.00   2       112.99       111.81
   796    796   26.00   12.00   2       111.90       111.91
   797    797   26.00   14.00   2       114.58       111.85
   798    798   26.00   16.00   2       111.92       111.92
   799    799   26.00   18.00   2       114.60       111.91
   800    800   26.00   20.00   2       111.76       111.81
   801    801   26.00   22.00   2       114.61       111.93
   802    802   26.00   24.00   2       111.89       111.88
   803    803   26.00   26.00   2       111.91       111.92
   804    804   26.00   28.00   2       112.14       112.01
   805    805   26.00   30.00   2       111.94       111.93
   806    806   26.00   32.00   2       113.16       111.84
   807    807   26.00   34.00   2       111.83       111.86
   808    808   26.00   36.00   2       114.56       111.86
   809    809   26.00   38.00   2       111.65       111.74
   810    810   26.00   40.00   2       114.59       111.88
   811    811   26.00   42.00   2       111.56       111.68
   812    812   26.00   44.00   2       114.61       111.94
   813    813   26.00   46.00   2       111.41       111.57
   814    814   26.00   48.00   2       111.92       111.91
   815    815   26.00   50.00   2       111.86       111.87
   816    816   26.00   52.00   2       111.97       111.95
   817    817   26.00   54.00   2       112.58       112.28
   820    820   26.00    0.00   2       114.59       111.91
   821    821   26.00    2.00   2       111.69       111.76
   822    822   26.00    4.00   2       111.93       111.93
   823    823   26.00    6.00   2       111.59       111.70
   824    824   26.00    8.00   2       111.92       111.91
   825    825   26.00   10.00   2       111.71       111.78
   826    826   26.00   12.00   2       111.93       111.92
   827    827   26.00   14.00   2       112.27       112.11
   828    828   26.00   16.00   2       111.94       111.93
   829    829   26.00   18.00   2       112.89       111.83
   830    830   26.00   20.00   2       111.87       111.89
   831    831   26.00   22.00   2       114.54       111.89
   832    832   26.00   24.00   2       111.70       111.77
   833    833   26.00   26.00   2       114.58       111.89
   834    834   26.00   28.00   2       111.90       111.91
   835    835   26.00   30.00   2       114.60       111.92
   836    836   26.00   32.00   2       112.17       112.05
   837    837   26.00   34.00   2       114.60       111.90
   838    838   26.00   36.00   2       112.20       112.07
   839    839   26.00   38.00   2       111.96       111.94
   840    840   26.00   40.00   2       112.72       112.37
   841    841   26.00   42.00   2       111.93       111.91
   842    842   26.00   44.00   2       114.51       111.82
   843    843   26.00   46.00   2       111.94       111.92
   844    844   26.00   48.00   2       114.53       111.86
   845    845   26.00   50.00   2       111.93       111.92
   846    846   26.00   52.00   2       114.59       111.89
   847    847   26.00   54.00   2       112.10       112.04
   848    848   26.00   56.00   2       114.60       111.92
   849    849   26.00   58.00   2       112.37       112.21
   850    850   26.00    0.00   2       111.90       111.89
   851    851   26.00    2.00   2       112.50       112.24
   852    852   26.00    4.00   2       111.85       111.87
   853    853   26.00    6.00   2       112.47       112.24
   854    854   26.00    8.00   2       111.93       111.92
   855    855   26.00   10.00   2       114.54       111.85
   856    856   26.00   12.00   2       111.94       111.94
   857    857   26.00   14.00   2       114.56       111.87
   858    858   26.00   16.00   2       111.95       111.93
   859    859   26.00   18.00   2       114.60       111.88
   860    860   26.00   20.00   2       111.86       111.87
   861    861   26.00   22.00   2       111.98       111.96
   862    862   26.00   24.00   2       111.44       111.61
   863    863   26.00   26.00   2       111.93       111.93
   864    864   26.00   28.00   2       112.48       112.23
   865    865   26.00   30.00   2       111.94       111.92
   866    866   26.00   32.00   2       112.58       112.28
   867    867   26.00   34.00   2       111.94       111.93
   868    868   26.00   36.00   2       113.19       111.86
   869    869   26.00   38.00   2       111.88       111.89
   870    870   26.00   40.00   2       114.55       111.85
   871    871   26.00   42.00   2       111.91       111.91
   872    872   26.00   44.00   2       114.59       111.87
   873    873   26.00   46.00   2       111.81       111.84
   874    874   26.00   48.00   2       114.60       111.91
   875    875   26.00   50.00   2       111.49       111.65
   876    876   26.00   52.00   2       111.89       111.90
   877    877   26.00   54.00   2       112.13       112.02
   878    878   26.00   56.00   2       111.92       111.91
   879    879   26.00   58.00   2       111.89       111.89
   880    880   26.00   60.00   2       111.92       111.92
   881    881   26.00    0.00   2       111.92       111.91
   882    882   26.00    2.00   2       111.72       111.79
   883    883   26.00    4.00   2       111.95       111.93
   884    884   26.00    6.00   2       113.03       111.84
   885    885   26.00    8.00   2       111.92       111.92
   886    886   26.00   10.00   2       113.28       111.84
   887    887   26.00   12.00   2       111.95       111.93
   888    888   26.00   14.00   2       113.50       111.85
   889    889   26.00   16.00   2       111.81       111.84
   890    890   26.00   18.00   2       114.56       111.87
   891    891   26.00   20.00   2       112.07       112.02
   892    892   26.00   22.00   2       114.60       111.91
   893    893   26.00   24.00   2       111.94       111.93
   894    894   26.00   26.00   2       114.62       111.91
   895    895   26.00   28.00   2       112.87       111.83
   896    896   26.00   30.00   2       111.94       111.93
   897    897   26.00   32.00   2       114.51       111.84
   898    898   26.00   34.00   2       111.93       111.93
   899    899   26.00   36.00   2       114.55       111.89
   900    900   26.00   38.00   2       111.82       111.85
   901    901   26.00   40.00   2       114.60       111.88
   902    902   26.00   42.00   2       111.40       111.57
   903    903   26.00   44.00   2       111.97       111.94
   904    904   26.00   46.00   2       111.76       111.81
   905    905   26.00   48.00   2       111.94       111.94
   906    906   26.00   50.00   2       113.02       111.86
   907    907   26.00   52.00   2       111.90       111.90
   908    908   26.00   54.00   2       111.91       111.91
   909    909   26.00   56.00   2       111.91       111.90
   910    910   26.00   58.00   2       111.90       111.89
   911    911   26.00   60.00   2       111.91       111.89
   912    912   26.00   62.00   2       111.89       111.90
   913    913   26.00    0.00   2       111.92       111.92
   914    914   26.00    2.00   2       111.93       111.91
   915    915   26.00    4.00   2       114.61       111.91
   916    916   26.00    6.00   2       111.65       111.74
   917    917   26.00    8.00   2       111.96       111.94
   918    918   26.00   10.00   2       113.02       111.81
   919    919   26.00   12.00   2       111.94       111.92
   920    920   26.00   14.00   2       113.39       111.80
   921    921   26.00   16.00   2       111.88       111.88
   922    922   26.00   18.00   2       113.46       111.91
   923    923   26.00   20.00   2       111.74       111.80
   924    924   26.00   22.00   2       114.59       111.88
   925    925   26.00   24.00   2       111.74       111.80
   926    926   26.00   26.00   2       114.62       111.91
   927    927   26.00   28.00   2       112.16       112.07
   928    928   26.00   30.00   2       111.92       111.91
   929    929   26.00   32.00   2       113.10       111.83
   930    930   26.00   34.00   2       111.95       111.93
   931    931   26.00   36.00   2       113.47       111.82
   932    932   26.00   38.00   2       111.89       111.90
   933    933   26.00   40.00   2       114.54       111.85
   934    934   26.00   42.00   2       111.89       111.90
   935    935   26.00   44.00   2       114.57       111.88
   936    936   26.00   46.00   2       111.60       111.71
   937    937   26.00   48.00   2       111.89       111.88
   938    938   26.00   50.00   2       111.90       111.89
   939    939   26.00   52.00   2       111.90       111.91
   940    940   26.00   54.00   2       111.90       111.91
   941    941   26.00   56.00   2       111.91       111.90
   942    942   26.00   58.00   2       111.91       111.89
   943    943   26.00   60.00   2       111.90       111.89
   944    944   26.00   62.00   2       111.89       111.90
   945    945   26.00   64.00   2       111.89       111.91
   946    946   26.00    0.00   2       111.91       111.91
   947    947   26.00    2.00   2       114.56       111.90
   948    948   26.00    4.00   2       111.58       111.69
   949    949   26.00    6.00   2       114.60       111.90
   950    950   26.00    8.00   2       111.66       111.74
   951    951   26.00   10.00   2       111.95       111.93
   952    952   26.00   12.00   2       112.18       112.06
   953    953   26.00   14.00   2       111.94       111.94
   954    954   26.00   16.00   2       113.52       111.82
   955    955   26.00   18.00   2       111.89       111.90
   956    956   26.00   20.00   2       113.30       111.87
   957    957   26.00   22.00   2       111.84       111.87
   958    958   26.00   24.00   2       114.56       111.87
   959    959   26.00   26.00   2       111.81       111.84
   960    960   26.00   28.00   2       114.59       111.90
   961    961   26.00   30.00   2       112.15       112.07
   962    962   26.00   32.00   2       111.93       111.93
   963    963   26.00   34.00   2       112.01       111.95
   964    964   26.00   36.00   2       111.90       111.90
   965    965   26.00   38.00   2       112.21       112.07
   966    966   26.00   40.00   2       111.90       111.90
   967    967   26.00   42.00   2       111.90       111.91
   968    968   26.00   44.00   2       111.90       111.88
   969    969   26.00   46.00   2       111.91       111.90
   970    970   26.00   48.00   2       111.90       111.90
   971    971   26.00   50.00   2       111.90       111.91
   972    972   26.00   52.00   2       111.90       111.91
   973    973   26.00   54.00   2       111.91       111.89
   974    974   26.00   56.00   2       111.91       111.91
   975    975   26.00   58.00   2       111.90       111.89
   976    976   26.00   60.00   2       111.89       111.91
   977    977   26.00   62.00   2       111.90       111.88
   978    978   26.00   64.00   2       111.90       111.89
   979    979   26.00   66.00   2       111.90       111.90
   980    980   26.00    0.00   2       111.91       111.92
   981    981   26.00    2.00   2       114.55       111.87
   982    982   26.00    4.00   2       111.93       111.94
   983    983   26.00    6.00   2       114.60       111.87
   984    984   26.00    8.00   2       111.99       111.95
   985    985   26.00   10.00   2       114.60       111.92
   986    986   26.00   12.00   2       112.04       111.99
   987    987   26.00   14.00   2       114.61       111.90
   988    988   26.00   16.00   2       112.69       112.36
   989    989   26.00   18.00   2       111.93       111.92
   990    990   26.00   20.00   2       112.54       112.27
   991    991   26.00   22.00   2       111.96       111.94
   992    992   26.00   24.00   2       114.51       111.85
   993    993   26.00   26.00   2       111.82       111.85
   994    994   26.00   28.00   2       114.58       111.88
   995    995   26.00   30.00   2       111.83       111.86
   996    996   26.00   32.00   2       114.62       111.90
   997    997   26.00   34.00   2       112.38       112.17
   998    998   26.00   36.00   2       111.92       111.90
   999    999   26.00   38.00   2       111.90       111.90
  1000   1000   26.00   40.00   2       111.90       111.91
  1001   1001   26.00   42.00   2       111.90       111.90
  1002   1002   26.00   44.00   2       111.89       111.88
  1003   1003   26.00   46.00   2       111.90       111.89
  1004   1004   26.00   48.00   2       111.91       111.92
  1005   1005   26.00   50.00   2       111.90       111.91
  1006   1006   26.00   52.00   2       111.91       111.90
  1007   1007   26.00   54.00   2       111.91       111.90
  1008   1008   26.00   56.00   2       111.90       111.90
  1009   1009   26.00   58.00   2       111.90       111.90
  1010   1010   26.00   60.00   2       111.91       111.91
  1011   1011   26.00   62.00   2       111.91       111.89
  1012   1012   26.00   64.00   2       111.90       111.89
  1013   1013   26.00   66.00   2       111.91       111.91
  1014   1014   26.00    0.00   2       111.90       111.90
  1015   1015   26.00    2.00   2       114.62       111.97
  1016   1016   26.00    4.00   2       112.10       112.01
  1017   1017   26.00    6.00   2       111.94       111.92
  1018   1018   26.00    8.00   2       112.11       112.02
  1019   1019   26.00   10.00   2       111.91       111.91
  1020   1020   26.00   12.00   2       112.92       111.82
  1021   1021   26.00   14.00   2       111.87       111.88
  1022   1022   26.00   16.00   2       114.53       111.86
  1023   1023   26.00   18.00   2       111.90       111.90
  1024   1024   26.00   20.00   2       114.60       111.94
  1025   1025   26.00   22.00   2       112.22       112.12
  1026   1026   26.00   24.00   2       114.61       111.92
  1027   1027   26.00   26.00   2       111.90       111.90
  1028   1028   26.00   28.00   2       111.90       111.90
  1029   1029   26.00   30.00   2       111.91       111.89
  1030   1030   26.00   32.00   2       111.90       111.90
  1031   1031   26.00   34.00   2       111.90       111.91
  1032   1032   26.00   36.00   2       111.89       111.91
  1033   1033   26.00   38.00   2       111.91       111.91
  1034   1034   26.00   40.00   2       111.91       111.89
  1035   1035   26.00   42.00   2       111.90       111.89
  1036   1036   26.00   44.00   2       111.90       111.90
  1037   1037   26.00   46.00   2       111.88       111.89
  1038   1038   26.00   48.00   2       111.89       111.87
  1039   1039   26.00   50.00   2       111.91       111.90
  1040   1040   26.00   52.00   2       111.90       111.90
  1041   1041   26.00   54.00   2       111.89       111.91
  1042   1042   26.00   56.00   2       111.90       111.89
  1043   1043   26.00   58.00   2       111.90       111.89
  1044   1044   26.00   60.00   2       111.91       111.91
  1045   1045   26.00   62.00   2       111.90       111.91
  1046   1046   26.00   64.00   2       111.90       111.92
  1047   1047   26.00   66.00   2       111.92       111.90
  1048   1048   26.00   68.00   2       111.91       111.90
  1049   1049   26.00    0.00   2       111.91       111.90
  1050   1050   26.00    2.00   2       111.96       111.94
  1051   1051   26.00    4.00   2       112.28       112.15
  1052   1052   26.00    6.00   2       111.92       111.92
  1053   1053   26.00    8.00   2       111.91       111.92
  1054   1054   26.00   10.00   2       111.91       111.90
  1055   1055   26.00   12.00   2       111.91       111.90
  1056   1056   26.00   14.00   2       111.91       111.91
  1057   1057   26.00   16.00   2       111.91       111.91
  1058   1058   26.00   18.00   2       111.90       111.90
  1059   1059   26.00   20.00   2       111.90       111.89
  1060   1060   26.00   22.00   2       111.90       111.89
  1061   1061   26.00   24.00   2       111.91       111.90
  1062   1062   26.00   26.00   2       111.90       111.91
  1063   1063   26.00   28.00   2       111.90       111.91
  1064   1064   26.00   30.00   2       111.91       111.89
  1065   1065   26.00   32.00   2       111.90       111.89
  1066   1066   26.00   34.00   2       111.91       111.92
  1067   1067   26.00   36.00   2       111.91       111.91
  1068   1068   26.00   38.00   2       111.91       111.90
  1069   1069   26.00   40.00   2       111.91       111.90
  1070   1070   26.00   42.00   2       111.92       111.92
  1071   1071   26.00   44.00   2       111.89       111.90
  1072   1072   26.00   46.00   2       111.90       111.90
  1073   1073   26.00   48.00   2       111.89       111.88
  1074   1074   26.00   50.00   2       111.91       111.90
  1075   1075   26.00   52.00   2       111.91       111.90
  1076   1076   26.00   54.00   2       111.90       111.90
  1077   1077   26.00   56.00   2       111.90       111.89
  1078   1078   26.00   58.00   2       111.90       111.89
  1079   1079   26.00   60.00   2       111.90       111.90
  1080   1080   26.00   62.00   2       111.90       111.90
  1081   1081   26.00   64.00   2       111.89       111.88
  1082   1082   26.00   66.00   2       111.90       111.89
  1083   1083   26.00   68.00   2       111.91       111.91
  1084   1084   26.00    0.00   2       111.91       111.91
  1085   1085   26.00    2.00   2       111.90       111.88
  1086   1086   26.00    4.00   2       111.89       111.88
  1087   1087   26.00    6.00   2       111.91       111.90
  1088   1088   26.00    8.00   2       111.89       111.89
  1089   1089   26.00   10.00   2       111.91       111.91
  1090   1090   26.00   12.00   2       111.89       111.87
  1091   1091   26.00   14.00   2       111.91       111.90
  1092   1092   26.00   16.00   2       111.91       111.91
  1093   1093   26.00   18.00   2       111.90       111.91
  1094   1094   26.00   20.00   2       111.90       111.89
  1095   1095   26.00   22.00   2       111.91       111.89
  1096   1096   26.00   24.00   2       111.90       111.89
  1097   1097   26.00   26.00   2       111.90       111.90
  1098   1098   26.00   28.00   2       111.91       111.92
  1099   1099   26.00   30.00   2       111.90       111.90
  1100   1100   26.00   32.00   2       111.91       111.90
  1101   1101   26.00   34.00   2       111.90       111.89
  1102   1102   26.00   36.00   2       111.90       111.91
  1103   1103   26.00   38.00   2       111.90       111.91
  1104   1104   26.00   40.00   2       111.91       111.89
  1105   1105   26.00   42.00   2       111.90       111.89
  1106   1106   26.00   44.00   2       111.90       111.89
  1107   1107   26.00   46.00   2       111.91       111.90
  1108   1108   26.00   48.00   2       111.91       111.90
  1109   1109   26.00   50.00   2       111.90       111.89
  1110   1110   26.00   52.00   2       111.91       111.90
  1111   1111   26.00   54.00   2       111.90       111.91
  1112   1112   26.00   56.00   2       111.90       111.91
  1113   1113   26.00   58.00   2       111.91       111.90
  1114   1114   26.00   60.00   2       111.90       111.90
  1115   1115   26.00   62.00   2       111.91       111.91
  1116   1116   26.00   64.00   2       111.91       111.92
  1117   1117   26.00   66.00   2       111.92       111.92
  1118   1118   26.00   68.00   2       111.92       111.90
  1119   1119   26.00    0.00   2       111.91       111.92
  1120   1120   26.00    2.00   2       111.91       111.91
  1121   1121   26.00    4.00   2       111.90       111.89
  1122   1122   26.00    6.00   2       111.89       111.88
  1123   1123   26.00    8.00   2       111.90       111.90
  1124   1124   26.00   10.00   2       111.89       111.90
  1125   1125   26.00   12.00   2       111.90       111.89
  1126   1126   26.00   14.00   2       111.89       111.88
  1127   1127   26.00   16.00   2       111.90       111.89
  1128   1128   26.00   18.00   2       111.90       111.90
  1129   1129   26.00   20.00   2       111.91       111.91
  1130   1130   26.00   22.00   2       111.90       111.88
  1131   1131   26.00   24.00   2       111.88       111.88
  1132   1132   26.00   26.00   2       111.90       111.90
  1133   1133   26.00   28.00   2       111.91       111.91
  1134   1134   26.00   30.00   2       111.90       111.89
  1135   1135   26.00   32.00   2       111.89       111.88
  1136   1136   26.00   34.00   2       111.90       111.89
  1137   1137   26.00   36.00   2       111.90       111.91
  1138   1138   26.00   38.00   2       111.90       111.91
  1139   1139   26.00   40.00   2       111.89       111.88
  1140   1140   26.00   42.00   2       111.92       111.90
  1141   1141   26.00   44.00   2       111.90       111.90
  1142   1142   26.00   46.00   2       111.91       111.91
  1143   1143   26.00   48.00   2       111.90       111.90
  1144   1144   26.00   50.00   2       111.90       111.89
  1145   1145   26.00   52.00   2       111.91       111.90
  1146   1146   26.00   54.00   2       111.90       111.91
  1147   1147   26.00   56.00   2       111.90       111.91
  1148   1148   26.00   58.00   2       111.90       111.88
  1149   1149   26.00   60.00   2       111.91       111.90
  1150   1150   26.00   62.00   2       111.90       111.90
  1151   1151   26.00   64.00   2       111.90       111.91
  1152   1152   26.00   66.00   2       111.90       111.88
  1153   1153   26.00   68.00   2       111.91       111.90
  1154   1154   26.00    0.00   2       111.92       111.92
  1155   1155   26.00    2.00   2       111.90       111.90
  1156   1156   26.00    4.00   2       111.90       111.89
  1157   1157   26.00    6.00   2       111.91       111.90
  1158   1158   26.00    8.00   2       111.91       111.92
  1159   1159   26.00   10.00   2       111.90       111.91
  1160   1160   26.00   12.00   2       111.90       111.88
  1161   1161   26.00   14.00   2       111.90       111.89
  1162   1162   26.00   16.00   2       111.91       111.90
  1163   1163   26.00   18.00   2       111.89       111.90
  1164   1164   26.00   20.00   2       111.90       111.89
  1165   1165   26.00   22.00   2       111.90       111.89
  1166   1166   26.00   24.00   2       111.91       111.91
  1167   1167   26.00   26.00   2       111.90       111.91
  1168   1168   26.00   28.00   2       111.91       111.92
  1169   1169   26.00   30.00   2       111.90       111.89
  1170   1170   26.00   32.00   2       111.91       111.91
  1171   1171   26.00   34.00   2       111.91       111.92
  1172   1172   26.00   36.00   2       111.91       111.90
  1173   1173   26.00   38.00   2       111.90       111.90
  1174   1174   26.00   40.00   2       111.89       111.87
  1175   1175   26.00   42.00   2       111.90       111.89
  1176   1176   26.00   44.00   2       111.91       111.90
  1177   1177   26.00   46.00   2       111.90       111.91
  1178   1178   26.00   48.00   2       111.88       111.87
  1179   1179   26.00   50.00   2       111.89       111.88
  1180   1180   26.00   52.00   2       111.90       111.89
  1181   1181   26.00   54.00   2       111.90       111.90
  1182   1182   26.00   56.00   2       111.90       111.90
  1183   1183   26.00   58.00   2       111.91       111.89
  1184   1184   26.00   60.00   2       111.91       111.90
  1185   1185   26.00   62.00   2       111.92       111.92
  1186   1186   26.00   64.00   2       111.90       111.91
  1187   1187   26.00   66.00   2       111.90       111.90
  1188   1188   26.00   68.00   2       111.91       111.89
  1189   1189   26.00    0.00   2       111.93       111.93
  1190   1190   26.00    2.00   2       111.90       111.91
  1191   1191   26.00    4.00   2       111.89       111.88
  1192   1192   26.00    6.00   2       111.91       111.90
  1193   1193   26.00    8.00   2       111.90       111.90
  1194   1194   26.00   10.00   2       111.91       111.92
  1195   1195   26.00   12.00   2       111.91       111.89
  1196   1196   26.00   14.00   2       111.91       111.90
  1197   1197   26.00   16.00   2       111.90       111.89
  1198   1198   26.00   18.00   2       111.90       111.90
  1199   1199   26.00   20.00   2       111.89       111.89
  1200   1200   26.00   22.00   2       111.90       111.89
  1201   1201   26.00   24.00   2       111.90       111.89
  1202   1202   26.00   26.00   2       111.89       111.90
  1203   1203   26.00   28.00   2       111.88       111.90
  1204   1204   26.00   30.00   2       111.90       111.89
  1205   1205   26.00   32.00   2       111.90       111.89
  1206   1206   26.00   34.00   2       111.91       111.91
  1207   1207   26.00   36.00   2       111.89       111.90
  1208   1208   26.00   38.00   2       111.90       111.89
  1209   1209   26.00   40.00   2       111.90       111.87
  1210   1210   26.00   42.00   2       111.90       111.89
  1211   1211   26.00   44.00   2       111.90       111.90
  1212   1212   26.00   46.00   2       111.89       111.89
  1213   1213   26.00   48.00   2       111.90       111.88
  1214   1214   26.00   50.00   2       111.90       111.89
  1215   1215   26.00   52.00   2       111.89       111.89
  1216   1216   26.00   54.00   2       111.90       111.91
  1217   1217   26.00   56.00   2       111.90       111.89
  1218   1218   26.00   58.00   2       111.90       111.89
  1219   1219   26.00   60.00   2       111.90       111.90
  1220   1220   26.00   62.00   2       111.90       111.90
  1221   1221   26.00   64.00   2       111.91       111.91
  1222   1222   26.00   66.00   2       111.90       111.88
  1223   1223   26.00   68.00   2       111.90       111.90
  1224   1224   26.00    0.00   2       111.90       111.90
  1225   1225   26.00    2.00   2       111.91       111.89
  1226   1226   26.00    4.00   2       111.90       111.89
  1227   1227   26.00    6.00   2       111.90       111.90
  1228   1228   26.00    8.00   2       111.89       111.90
  1229   1229   26.00   10.00   2       111.89       111.88
  1230   1230   26.00   12.00   2       111.90       111.89
  1231   1231   26.00   14.00   2       111.91       111.91
  1232   1232   26.00   16.00   2       111.91       111.92
  1233   1233   26.00   18.00   2       111.91       111.90
  1234   1234   26.00   20.00   2       111.90       111.89
  1235   1235   26.00   22.00   2       111.92       111.91
  1236   1236   26.00   24.00   2       111.89       111.90
  1237   1237   26.00   26.00   2       111.88       111.89
  1238   1238   26.00   28.00   2       111.89       111.88
  1239   1239   26.00   30.00   2       111.90       111.90
  1240   1240   26.00   32.00   2       111.89       111.90
  1241   1241   26.00   34.00   2       111.90       111.91
  1242   1242   26.00   36.00   2       111.89       111.87
  1243   1243   26.00   38.00   2       111.89       111.88
  1244   1244   26.00   40.00   2       111.90       111.90
  1245   1245   26.00   42.00   2       111.90       111.91
  1246   1246   26.00   44.00   2       111.90       111.89
  1247   1247   26.00   46.00   2       111.89       111.88
  1248   1248   26.00   48.00   2       111.91       111.91
  1249   1249   26.00   50.00   2       111.89       111.90
  1250   1250   26.00   52.00   2       111.90       111.90
  1251   1251   26.00   54.00   2       111.91       111.90
  1252   1252   26.00   56.00   2       111.90       111.89
  1253   1253   26.00   58.00   2       111.91       111.92
  1254   1254   26.00   60.00   2       111.91       111.91
  1255   1255   26.00   62.00   2       111.90       111.90
  1256   1256   26.00   64.00   2       111.90       111.88
  1257   1257   26.00   66.00   2       111.90       111.90
  1258   1258   26.00   68.00   2       111.90       111.90
  1259   1259   26.00    0.00   2       112.49       112.28
  1260   1260   26.00    2.00   2       113.06       111.81
  1261   1261   26.00    4.00   2       113.24       111.80
  1262   1262   26.00    6.00   2       111.89       111.91
  1263   1263   26.00    8.00   2       111.81       111.84
  1264   1264   26.00   10.00   2       111.85       111.87
  1265   1265   26.00   12.00   2       111.89       111.89
  1266   1266   26.00   14.00   2       111.91       111.89
  1267   1267   26.00   16.00   2       111.89       111.89
  1268   1268   26.00   18.00   2       111.90       111.90
  1269   1269   26.00   20.00   2       111.89       111.89
  1270   1270   26.00   22.00   2       111.90       111.88
  1271   1271   26.00   24.00   2       111.89       111.88
  1272   1272   26.00   26.00   2       111.90       111.90
  1273   1273   26.00   28.00   2       111.90       111.91
  1274   1274   26.00   30.00   2       111.90       111.89
  1275   1275   26.00   32.00   2       111.90       111.89
  1276   1276   26.00   34.00   2       111.89       111.89
  1277   1277   26.00   36.00   2       111.89       111.91
  1278   1278   26.00   38.00   2       111.90       111.90
  1279   1279   26.00   40.00   2       111.90       111.89
  1280   1280   26.00   42.00   2       111.91       111.90
  1281   1281   26.00   44.00   2       111.90       111.91
  1282   1282   26.00   46.00   2       111.89       111.90
  1283   1283   26.00   48.00   2       111.89       111.87
  1284   1284   26.00   50.00   2       111.90       111.90
  1285   1285   26.00   52.00   2       111.90       111.90
  1286   1286   26.00   54.00   2       111.89       111.91
  1287   1287   26.00   56.00   2       111.90       111.89
  1288   1288   26.00   58.00   2       111.90       111.88
  1289   1289   26.00   60.00   2       111.90       111.90
  1290   1290   26.00   62.00   2       111.90       111.91
  1291   1291   26.00   64.00   2       111.88       111.90
  1292   1292   26.00   66.00   2       111.89       111.88
  1293   1293   26.00   68.00   2       111.89       111.88
  1294   1294   26.00    0.00   2       112.49       112.24
  1295   1295   26.00    2.00   2       113.68       111.78
  1296   1296   26.00    4.00   2       113.74       111.83
  1297   1297   26.00    6.00   2       111.90       111.91
  1298   1298   26.00    8.00   2       111.85       111.87
  1299   1299   26.00   10.00   2       111.87       111.88
  1300   1300   26.00   12.00   2       111.90       111.91
  1301   1301   26.00   14.00   2       112.04       112.00
  1302   1302   26.00   16.00   2       112.89       111.85
  1303   1303   26.00   18.00   2       113.48       111.80
  1304   1304   26.00   20.00   2       113.88       111.81
  1305   1305   26.00   22.00   2       111.92       111.92
  1306   1306   26.00   24.00   2       111.84       111.87
  1307   1307   26.00   26.00   2       111.91       111.90
  1308   1308   26.00   28.00   2       111.91       111.88
  1309   1309   26.00   30.00   2       111.90       111.90
  1310   1310   26.00   32.00   2       111.88       111.88
  1311   1311   26.00   34.00   2       111.90       111.91
  1312   1312   26.00   36.00   2       111.90       111.88
  1313   1313   26.00   38.00   2       111.90       111.89
  1314   1314   26.00   40.00   2       111.90       111.89
  1315   1315   26.00   42.00   2       111.90       111.91
  1316   1316   26.00   44.00   2       111.90       111.90
  1317   1317   26.00   46.00   2       111.90       111.88
  1318   1318   26.00   48.00   2       111.91       111.91
  1319   1319   26.00   50.00   2       111.90       111.90
  1320   1320   26.00   52.00   2       111.90       111.91
  1321   1321   26.00   54.00   2       111.90       111.89
  1322   1322   26.00   56.00   2       111.90       111.89
  1323   1323   26.00   58.00   2       111.90       111.91
  1324   1324   26.00   60.00   2       111.89       111.90
  1325   1325   26.00   62.00   2       111.89       111.89
  1326   1326   26.00   64.00   2       111.90       111.88
  1327   1327   26.00   66.00   2       111.91       111.90
  1328   1328   26.00    0.00   2       112.31       112.17
  1329   1329   26.00    2.00   2       112.23       112.11
  1330   1330   26.00    4.00   2       113.12       111.82
  1331   1331   26.00    6.00   2       113.42       111.80
  1332   1332   26.00    8.00   2       111.92       111.92
  1333   1333   26.00   10.00   2       111.85       111.87
  1334   1334   26.00   12.00   2       111.85       111.87
  1335   1335   26.00   14.00   2       111.89       111.90
  1336   1336   26.00   16.00   2       112.17       112.08
  1337   1337   26.00   18.00   2       112.31       112.16
  1338   1338   26.00   20.00   2       113.11       111.87
  1339   1339   26.00   22.00   2       113.10       111.84
  1340   1340   26.00   24.00   2       113.91       111.83
  1341   1341   26.00   26.00   2       111.90       111.90
  1342   1342   26.00   28.00   2       111.85       111.87
  1343   1343   26.00   30.00   2       111.89       111.89
  1344   1344   26.00   32.00   2       112.10       112.03
  1345   1345   26.00   34.00   2       111.86       111.87
  1346   1346   26.00   36.00   2       111.90       111.87
  1347   1347   26.00   38.00   2       111.88       111.88
  1348   1348   26.00   40.00   2       111.89       111.90
  1349   1349   26.00   42.00   2       111.89       111.90
  1350   1350   26.00   44.00   2       111.90       111.89
  1351   1351   26.00   46.00   2       111.91       111.89
  1352   1352   26.00   48.00   2       111.90       111.90
  1353   1353   26.00   50.00   2       111.88       111.89
  1354   1354   26.00   52.00   2       111.89       111.90
  1355   1355   26.00   54.00   2       111.89       111.87
  1356   1356   26.00   56.00   2       111.90       111.88
  1357   1357   26.00   58.00   2       111.90       111.90
  1358   1358   26.00   60.00   2       111.91       111.91
  1359   1359   26.00   62.00   2       111.89       111.89
  1360   1360   26.00   64.00   2       111.90       111.88
  1361   1361   26.00   66.00   2       111.90       111.89
  1362   1362   26.00    0.00   2       111.94       111.93
  1363   1363   26.00    2.00   2       112.39       112.21
  1364   1364   26.00    4.00   2       112.35       112.16
  1365   1365   26.00    6.00   2       113.50       111.84
  1366   1366   26.00    8.00   2       113.83       111.83
  1367   1367   26.00   10.00   2       111.96       111.94
  1368   1368   26.00   12.00   2       111.85       111.87
  1369   1369   26.00   14.00   2       111.89       111.90
  1370   1370   26.00   16.00   2       112.01       111.98
  1371   1371   26.00   18.00   2       112.29       112.15
  1372   1372   26.00   20.00   2       112.92       111.87
  1373   1373   26.00   22.00   2       113.56       111.85
  1374   1374   26.00   24.00   2       113.89       111.79
  1375   1375   26.00   26.00   2       111.83       111.86
  1376   1376   26.00   28.00   2       111.87       111.89
  1377   1377   26.00   30.00   2       112.11       112.04
  1378   1378   26.00   32.00   2       111.99       111.96
  1379   1379   26.00   34.00   2       112.76       112.39
  1380   1380   26.00   36.00   2       113.51       111.81
  1381   1381   26.00   38.00   2       113.78       111.82
  1382   1382   26.00   40.00   2       111.89       111.90
  1383   1383   26.00   42.00   2       111.89       111.89
  1384   1384   26.00   44.00   2       111.91       111.89
  1385   1385   26.00   46.00   2       111.89       111.89
  1386   1386   26.00   48.00   2       111.90       111.89
  1387   1387   26.00   50.00   2       111.89       111.90
  1388   1388   26.00   52.00   2       111.92       111.90
  1389   1389   26.00   54.00   2       111.90       111.89
  1390   1390   26.00   56.00   2       111.90       111.90
  1391   1391   26.00   58.00   2       111.91       111.91
  1392   1392   26.00   60.00   2       111.90       111.90
  1393   1393   26.00   62.00   2       111.90       111.88
  1394   1394   26.00   64.00   2       111.92       111.92
  1395   1395   26.00    0.00   2       113.61       111.82
  1396   1396   26.00    2.00   2       111.90       111.90
  1397   1397   26.00    4.00   2       114.50       111.81
  1398   1398   26.00    6.00   2       111.94       111.94
  1399   1399   26.00    8.00   2       111.87       111.89
  1400   1400   26.00   10.00   2       111.86       111.88
  1401   1401   26.00   12.00   2       111.90       111.91
  1402   1402   26.00   14.00   2       112.05       111.98
  1403   1403   26.00   16.00   2       112.45       112.20
  1404   1404   26.00   18.00   2       113.31       111.81
  1405   1405   26.00   20.00   2       113.76       111.82
  1406   1406   26.00   22.00   2       111.93       111.92
  1407   1407   26.00   24.00   2       111.88       111.90
  1408   1408   26.00   26.00   2       111.89       111.90
  1409   1409   26.00   28.00   2       112.25       112.13
  1410   1410   26.00   30.00   2       112.62       112.37
  1411   1411   26.00   32.00   2       112.96       111.85
  1412   1412   26.00   34.00   2       113.17       111.82
  1413   1413   26.00   36.00   2       113.57       111.83
  1414   1414   26.00   38.00   2       111.90       111.91
  1415   1415   26.00   40.00   2       111.86       111.88
  1416   1416   26.00   42.00   2       112.06       112.02
  1417   1417   26.00   44.00   2       111.92       111.91
  1418   1418   26.00   46.00   2       111.91       111.89
  1419   1419   26.00   48.00   2       111.89       111.89
  1420   1420   26.00   50.00   2       111.88       111.89
  1421   1421   26.00   52.00   2       111.89       111.90
  1422   1422   26.00   54.00   2       111.91       111.89
  1423   1423   26.00   56.00   2       111.90       111.89
  1424   1424   26.00   58.00   2       111.90       111.90
  1425   1425   26.00   60.00   2       111.90       111.92
  1426   1426   26.00   62.00   2       111.90       111.91
  1427   1427   26.00    0.00   2       111.86       111.87
  1428   1428   26.00    2.00   2       112.20       112.10
  1429   1429   26.00    4.00   2       112.67       112.41
  1430   1430   26.00    6.00   2       113.29       111.82
  1431   1431   26.00    8.00   2       111.83       111.86
  1432   1432   26.00   10.00   2       113.94       111.81
  1433   1433   26.00   12.00   2       111.89       111.90
  1434   1434   26.00   14.00   2       111.85       111.87
  1435   1435   26.00   16.00   2       111.89       111.90
  1436   1436   26.00   18.00   2       112.20       112.11
  1437   1437   26.00   20.00   2       112.52       112.30
  1438   1438   26.00   22.00   2       112.93       111.87
  1439   1439   26.00   24.00   2       113.24       111.81
  1440   1440   26.00   26.00   2       113.41       111.79
  1441   1441   26.00   28.00   2       113.91       111.83
  1442   1442   26.00   30.00   2       111.94       111.93
  1443   1443   26.00   32.00   2       111.86       111.89
  1444   1444   26.00   34.00   2       111.87       111.89
  1445   1445   26.00   36.00   2       111.88       111.90
  1446   1446   26.00   38.00   2       112.17       112.08
  1447   1447   26.00   40.00   2       112.60       112.30
  1448   1448   26.00   42.00   2       113.26       111.84
  1449   1449   26.00   44.00   2       113.93       111.81
  1450   1450   26.00   46.00   2       111.92       111.92
  1451   1451   26.00   48.00   2       111.83       111.87
  1452   1452   26.00   50.00   2       111.89       111.88
  1453   1453   26.00   52.00   2       111.89       111.89
  1454   1454   26.00   54.00   2       111.89       111.89
  1455   1455   26.00   56.00   2       111.89       111.90
  1456   1456   26.00   58.00   2       111.89       111.89
  1457   1457   26.00   60.00   2       111.90       111.88
  1458   1458   26.00    0.00   2       111.90       111.90
  1459   1459   26.00    2.00   2       111.88       111.90
  1460   1460   26.00    4.00   2       111.91       111.92
  1461   1461   26.00    6.00   2       112.24       112.13
  1462   1462   26.00    8.00   2       112.55       112.27
  1463   1463   26.00   10.00   2       113.09       111.88
  1464   1464   26.00   12.00   2       113.71       111.80
  1465   1465   26.00   14.00   2       113.70       111.80
  1466   1466   26.00   16.00   2       111.87       111.88
  1467   1467   26.00   18.00   2       111.86       111.89
  1468   1468   26.00   20.00   2       111.88       111.90
  1469   1469   26.00   22.00   2       112.00       111.97
  1470   1470   26.00   24.00   2       112.36       112.20
  1471   1471   26.00   26.00   2       112.87       112.45
  1472   1472   26.00   28.00   2       113.39       111.83
  1473   1473   26.00   30.00   2       113.93       111.83
  1474   1474   26.00   32.00   2       111.96       111.95
  1475   1475   26.00   34.00   2       111.87       111.89
  1476   1476   26.00   36.00   2       111.90       111.90
  1477   1477   26.00   38.00   2       112.03       112.00
  1478   1478   26.00   40.00   2       112.01       111.97
  1479   1479   26.00   42.00   2       112.09       112.00
  1480   1480   26.00   44.00   2       112.85       111.83
  1481   1481   26.00   46.00   2       113.42       111.83
  1482   1482   26.00   48.00   2       111.82       111.85
  1483   1483   26.00   50.00   2       111.85       111.87
  1484   1484   26.00   52.00   2       111.87       111.88
  1485   1485   26.00   54.00   2       111.90       111.89
  1486   1486   26.00   56.00   2       111.90       111.89
  1487   1487   26.00   58.00   2       111.91       111.90
  1488   1488   26.00    0.00   2       114.47       111.79
  1489   1489   26.00    2.00   2       111.87       111.89
  1490   1490   26.00    4.00   2       111.84       111.87
  1491   1491   26.00    6.00   2       111.87       111.89
  1492   1492   26.00    8.00   2       112.07       112.02
  1493   1493   26.00   10.00   2       111.96       111.93
  1494   1494   26.00   12.00   2       112.20       112.08
  1495   1495   26.00   14.00   2       113.20       111.84
  1496   1496   26.00   16.00   2       113.21       111.84
  1497   1497   26.00   18.00   2       113.49       111.82
  1498   1498   26.00   20.00   2       111.95       111.93
  1499   1499   26.00   22.00   2       111.86       111.88
  1500   1500   26.00   24.00   2       111.89       111.91
  1501   1501   26.00   26.00   2       111.82       111.86
  1502   1502   26.00   28.00   2       112.16       112.07
  1503   1503   26.00   30.00   2       112.90       112.49
  1504   1504   26.00   32.00   2       112.86       111.83
  1505   1505   26.00   34.00   2       111.82       111.85
  1506   1506   26.00   36.00   2       111.84       111.86
  1507   1507   26.00   38.00   2       111.86       111.88
  1508   1508   26.00   40.00   2       112.24       112.09
  1509   1509   26.00   42.00   2       112.68       112.40
  1510   1510   26.00   44.00   2       113.00       111.89
  1511   1511   26.00   46.00   2       113.28       111.84
  1512   1512   26.00   48.00   2       111.94       111.94
  1513   1513   26.00   50.00   2       113.89       111.85
  1514   1514   26.00   52.00   2       111.86       111.87
  1515   1515   26.00   54.00   2       111.88       111.90
  1516   1516   26.00   56.00   2       111.86       111.88
  1517   1517   26.00    0.00   2       111.93       111.92
  1518   1518   26.00    2.00   2       112.73       112.39
  1519   1519   26.00    4.00   2       113.22       111.83
  1520   1520   26.00    6.00   2       113.48       111.84
  1521   1521   26.00    8.00   2       111.91       111.91
  1522   1522   26.00   10.00   2       111.82       111.84
  1523   1523   26.00   12.00   2       111.88       111.90
  1524   1524   26.00   14.00   2       112.31       112.18
  1525   1525   26.00   16.00   2       112.50       112.29
  1526   1526   26.00   18.00   2       112.82       111.83
  1527   1527   26.00   20.00   2       113.04       111.82
  1528   1528   26.00   22.00   2       113.52       111.81
  1529   1529   26.00   24.00   2       111.94       111.92
  1530   1530   26.00   26.00   2       111.84       111.86
  1531   1531   26.00   28.00   2       111.87       111.88
  1532   1532   26.00   30.00   2       111.84       111.86
  1533   1533   26.00   32.00   2       111.89       111.90
  1534   1534   26.00   34.00   2       112.70       112.42
  1535   1535   26.00   36.00   2       112.60       112.31
  1536   1536   26.00   38.00   2       113.11       111.83
  1537   1537   26.00   40.00   2       113.46       111.80
  1538   1538   26.00   42.00   2       111.84       111.87
  1539   1539   26.00   44.00   2       111.85       111.87
  1540   1540   26.00   46.00   2       111.89       111.90
  1541   1541   26.00   48.00   2       111.89       111.90
  1542   1542   26.00   50.00   2       112.43       112.24
  1543   1543   26.00   52.00   2       112.68       112.40
  1547   1547   26.00    0.00   2       112.17       112.07
  1548   1548   26.00    2.00   2       112.33       112.18
  1549   1549   26.00    4.00   2       112.33       112.14
  1550   1550   26.00    6.00   2       112.88       111.84
  1551   1551   26.00    8.00   2       113.57       111.81
  1552   1552   26.00   10.00   2       111.94       111.92
  1553   1553   26.00   12.00   2       111.84       111.86
  1554   1554   26.00   14.00   2       111.88       111.90
  1555   1555   26.00   16.00   2       112.01       111.97
  1556   1556   26.00   18.00   2       112.92       111.86
  1557   1557   26.00   20.00   2       112.91       111.84
  1558   1558   26.00   22.00   2       113.70       111.85
  1559   1559   26.00   24.00   2       111.81       111.85
  1560   1560   26.00   26.00   2       111.84       111.86
  1561   1561   26.00   28.00   2       111.87       111.89
  1562   1562   26.00   30.00   2       111.93       111.92
  1563   1563   26.00   32.00   2       112.48       112.28
  1564   1564   26.00   34.00   2       112.06       112.00
  1565   1565   26.00   36.00   2       112.52       112.25
  1566   1566   26.00   38.00   2       112.93       111.82
  1567   1567   26.00   40.00   2       113.48       111.79
  1568   1568   26.00   42.00   2       111.83       111.86
  1569   1569   26.00   44.00   2       111.86       111.88
  1570   1570   26.00   46.00   2       111.89       111.90
  1571   1571   26.00   48.00   2       111.91       111.92
  1572   1572   26.00   50.00   2       112.23       112.11
  1578   1578   26.00    0.00   2       111.93       111.93
  1579   1579   26.00    2.00   2       112.51       112.24
  1580   1580   26.00    4.00   2       113.13       111.80
  1581   1581   26.00    6.00   2       113.59       111.79
  1582   1582   26.00    8.00   2       111.95       111.93
  1583   1583   26.00   10.00   2       111.84       111.86
  1584   1584   26.00   12.00   2       111.87       111.88
  1585   1585   26.00   14.00   2       112.21       112.10
  1586   1586   26.00   16.00   2       112.32       112.18
  1587   1587   26.00   18.00   2       112.13       112.04
  1588   1588   26.00   20.00   2       112.46       112.22
  1589   1589   26.00   22.00   2       112.91       111.84
  1590   1590   26.00   24.00   2       113.72       111.82
  1591   1591   26.00   26.00   2       111.94       111.92
  1592   1592   26.00   28.00   2       111.85       111.87
  1593   1593   26.00   30.00   2       111.87       111.88
  1594   1594   26.00   32.00   2       112.20       112.11
  1595   1595   26.00   34.00   2       112.53       112.31
  1596   1596   26.00   36.00   2       112.87       111.85
  1597   1597   26.00   38.00   2       113.28       111.81
  1598   1598   26.00   40.00   2       113.88       111.77
  1599   1599   26.00   42.00   2       111.91       111.92
  1600   1600   26.00   44.00   2       111.88       111.89
  1610   1610   26.00    0.00   2       111.87       111.88
  1611   1611   26.00    2.00   2       111.85       111.87
  1612   1612   26.00    4.00   2       111.87       111.89
  1613   1613   26.00    6.00   2       112.03       111.98
  1614   1614   26.00    8.00   2       112.18       112.06
  1615   1615   26.00   10.00   2       112.79       112.41
  1616   1616   26.00   12.00   2       113.34       111.79
  1617   1617   26.00   14.00   2       113.93       111.82
  1618   1618   26.00   16.00   2       111.91       111.91
  1619   1619   26.00   18.00   2       111.87       111.89
  1620   1620   26.00   20.00   2       111.87       111.89
  1621   1621   26.00   22.00   2       112.29       112.15
  1622   1622   26.00   24.00   2       112.65       112.33
  1623   1623   26.00   26.00   2       113.23       111.83
  1624   1624   26.00   28.00   2       113.72       111.79
  1625   1625   26.00   30.00   2       111.78       111.83
  1626   1626   26.00   32.00   2       111.86       111.88
  1627   1627   26.00   34.00   2       112.01       111.97
  1628   1628   26.00   36.00   2       112.18       112.10
  1629   1629   26.00   38.00   2       112.27       112.13
  1630   1630   26.00   40.00   2       112.86       111.84
  1643   1643   26.00    0.00   2       111.90       111.91
  1644   1644   26.00    2.00   2       112.04       111.99
  1645   1645   26.00    4.00   2       112.74       112.38
  1646   1646   26.00    6.00   2       113.42       111.80
  1647   1647   26.00    8.00   2       111.81       111.85
  1648   1648   26.00   10.00   2       111.82       111.85
  1649   1649   26.00   12.00   2       111.88       111.89
  1650   1650   26.00   14.00   2       111.90       111.90
  1651   1651   26.00   16.00   2       112.23       112.12
  1652   1652   26.00   18.00   2       112.36       112.19
  1653   1653   26.00   20.00   2       112.51       112.25
  1654   1654   26.00   22.00   2       113.07       111.81
  1655   1655   26.00   24.00   2       113.80       111.80
  1656   1656   26.00   26.00   2       111.89       111.90
  1657   1657   26.00   28.00   2       111.86       111.87
  1658   1658   26.00   30.00   2       111.86       111.88
  1659   1659   26.00   32.00   2       112.02       111.99
  1660   1660   26.00   34.00   2       111.98       111.94
  1677   1677   26.00    0.00   2       111.99       111.96
  1678   1678   26.00    2.00   2       113.21       111.81
  1679   1679   26.00    4.00   2       113.69       111.78
  1680   1680   26.00    6.00   2       111.98       111.95
  1681   1681   26.00    8.00   2       111.84       111.87
  1682   1682   26.00   10.00   2       111.87       111.89
  1683   1683   26.00   12.00   2       112.03       112.00
  1684   1684   26.00   14.00   2       112.13       112.04
  1685   1685   26.00   16.00   2       112.05       111.99
  1686   1686   26.00   18.00   2       112.56       112.27
  1687   1687   26.00   20.00   2       113.11       111.77
  1688   1688   26.00   22.00   2       111.83       111.86
  1689   1689   26.00   24.00   2       111.82       111.84
  1690   1690   26.00   26.00   2       111.87       111.89
  1711   1711   26.00    0.00   2       111.92       111.91
  1712   1712   26.00    2.00   2       111.81       111.84
  1713   1713   26.00    4.00   2       111.84       111.86
  1714   1714   26.00    6.00   2       111.87       111.88
  1715   1715   26.00    8.00   2       112.27       112.15
  1716   1716   26.00   10.00   2       112.28       112.14
  1717   1717   26.00   12.00   2       112.56       112.28
# END: scan time was  13146.308511  seconds
