# Sensor scan measurement of Sensor IR778
# Iin=    34.79 mA ,  Vin= 12138.30 mV, T=    18.55 C 
# scanRangeX 151.50 mm; scanRangeY  70.00 mm; stepSize   2.00 mm; initialOffset   4.00 mm; sensorX 195.50 mm; start position at (x|y)=(119.92|  0.00) mm
# iStep, iStep, Pos x, Pos y, nMeas, Meas1 ... MeasN
   591    591  161.92    0.00   2       112.27       112.28
   592    592  161.92    2.00   2       112.30       112.31
   593    593  161.92    4.00   2       112.23       112.26
   594    594  161.92    6.00   2       112.26       112.28
   595    595  161.92    8.00   2       112.24       112.25
   596    596  161.92   10.00   2       112.29       112.29
   597    597  161.92   12.00   2       112.18       112.22
   598    598  161.92   14.00   2       112.32       112.29
   599    599  161.92   16.00   2       112.16       112.19
   600    600  161.92   18.00   2       112.21       112.22
   644    644  163.92   30.00   2       112.37       112.32
   645    645  163.92   28.00   2       112.30       112.27
   646    646  163.92   26.00   2       112.16       112.20
   647    647  163.92   24.00   2       112.32       112.30
   648    648  163.92   22.00   2       112.25       112.27
   649    649  163.92   20.00   2       112.27       112.28
   650    650  163.92   18.00   2       112.29       112.31
   651    651  163.92   16.00   2       112.34       112.35
   652    652  163.92   14.00   2       112.43       112.45
   653    653  163.92   12.00   2       113.06       113.08
   654    654  163.92   10.00   2       116.15       116.11
   655    655  163.92    8.00   2       122.94       122.99
   656    656  163.92    6.00   2       140.14       140.09
   657    657  163.92    4.00   2       176.53       176.71
   658    658  163.92    2.00   2       239.31       239.66
   659    659  163.92    0.00   2       323.04       324.26
   660    660  165.92    0.00   2      1288.35      1289.76
   661    661  165.92    2.00   2      1235.39      1235.64
   662    662  165.92    4.00   2      1171.11      1171.14
   663    663  165.92    6.00   2      1100.31      1100.32
   664    664  165.92    8.00   2      1023.23      1023.10
   665    665  165.92   10.00   2       934.83       934.54
   666    666  165.92   12.00   2       815.74       814.26
   667    667  165.92   14.00   2       624.56       621.60
   668    668  165.92   16.00   2       428.42       425.60
   669    669  165.92   18.00   2       273.98       272.30
   670    670  165.92   20.00   2       173.35       173.20
   671    671  165.92   22.00   2       128.46       128.31
   672    672  165.92   24.00   2       115.12       115.13
   673    673  165.92   26.00   2       112.62       112.61
   674    674  165.92   28.00   2       112.38       112.42
   675    675  165.92   30.00   2       112.40       112.40
   676    676  165.92   32.00   2       112.34       112.35
   677    677  165.92   34.00   2       112.26       112.29
   678    678  165.92   36.00   2       112.30       112.32
   705    705  167.92   42.00   2       112.25       112.26
   706    706  167.92   40.00   2       112.26       112.27
   707    707  167.92   38.00   2       112.45       112.40
   708    708  167.92   36.00   2       112.33       112.35
   709    709  167.92   34.00   2       113.07       113.04
   710    710  167.92   32.00   2       118.26       118.29
   711    711  167.92   30.00   2       137.25       137.23
   712    712  167.92   28.00   2       189.49       189.70
   713    713  167.92   26.00   2       294.18       295.70
   714    714  167.92   24.00   2       449.25       450.77
   715    715  167.92   22.00   2       648.65       651.29
   716    716  167.92   20.00   2       856.27       858.92
   717    717  167.92   18.00   2       987.68       987.92
   718    718  167.92   16.00   2      1083.88      1084.15
   719    719  167.92   14.00   2      1168.39      1168.59
   720    720  167.92   12.00   2      1247.74      1247.88
   721    721  167.92   10.00   2      1321.49      1321.58
   722    722  167.92    8.00   2      1395.37      1395.46
   723    723  167.92    6.00   2      1471.49      1471.57
   724    724  167.92    4.00   2      1549.19      1549.33
   725    725  167.92    2.00   2      1628.39      1628.45
   726    726  167.92    0.00   2      1707.60      1707.69
   727    727  169.92    0.00   2      2051.08      2051.37
   728    728  169.92    2.00   2      1957.85      1957.86
   729    729  169.92    4.00   2      1862.76      1862.67
   730    730  169.92    6.00   2      1769.80      1769.76
   731    731  169.92    8.00   2      1680.77      1680.65
   732    732  169.92   10.00   2      1595.67      1595.64
   733    733  169.92   12.00   2      1513.76      1513.61
   734    734  169.92   14.00   2      1433.74      1433.68
   735    735  169.92   16.00   2      1356.94      1356.82
   736    736  169.92   18.00   2      1281.55      1281.43
   737    737  169.92   20.00   2      1205.74      1205.63
   738    738  169.92   22.00   2      1128.18      1128.05
   739    739  169.92   24.00   2      1045.60      1045.35
   740    740  169.92   26.00   2       951.74       951.42
   741    741  169.92   28.00   2       827.71       826.22
   742    742  169.92   30.00   2       639.67       635.58
   743    743  169.92   32.00   2       449.16       446.12
   744    744  169.92   34.00   2       293.07       290.10
   745    745  169.92   36.00   2       186.74       186.55
   746    746  169.92   38.00   2       135.02       134.90
   747    747  169.92   40.00   2       117.60       117.59
   748    748  169.92   42.00   2       112.84       112.85
   749    749  169.92   44.00   2       112.58       112.59
   750    750  169.92   46.00   2       112.46       112.48
   764    764  171.92   50.00   2       112.50       112.49
   765    765  171.92   48.00   2       112.87       112.89
   766    766  171.92   46.00   2       117.17       117.20
   767    767  171.92   44.00   2       130.51       130.55
   768    768  171.92   42.00   2       166.97       167.10
   769    769  171.92   40.00   2       243.29       244.66
   770    770  171.92   38.00   2       364.88       366.17
   771    771  171.92   36.00   2       527.43       530.53
   772    772  171.92   34.00   2       722.51       725.62
   773    773  171.92   32.00   2       896.10       898.55
   774    774  171.92   30.00   2      1006.44      1007.62
   775    775  171.92   28.00   2      1095.43      1095.75
   776    776  171.92   26.00   2      1174.70      1174.87
   777    777  171.92   24.00   2      1250.63      1250.74
   778    778  171.92   22.00   2      1325.44      1325.53
   779    779  171.92   20.00   2      1401.26      1401.40
   780    780  171.92   18.00   2      1479.28      1479.37
   781    781  171.92   16.00   2      1559.78      1559.88
   782    782  171.92   14.00   2      1644.41      1644.23
   783    783  171.92   12.00   2      1732.47      1732.57
   784    784  171.92   10.00   2      1846.01      1826.08
   785    785  171.92    8.00   2      1924.40      1924.51
   786    786  171.92    6.00   2      2030.32      2028.57
   787    787  171.92    4.00   2      2137.03      2137.14
   788    788  171.92    2.00   2      2248.38      2248.32
   789    789  171.92    0.00   2      2357.72      2357.84
   790    790  173.92    0.00   2      2613.97      2614.25
   791    791  173.92    2.00   2      2503.19      2503.11
   792    792  173.92    4.00   2      2382.71      2382.57
   793    793  173.92    6.00   2      2261.70      2261.61
   794    794  173.92    8.00   2      2144.66      2144.55
   795    795  173.92   10.00   2      2033.47      2033.35
   796    796  173.92   12.00   2      1928.60      1928.50
   797    797  173.92   14.00   2      1830.51      1830.39
   798    798  173.92   16.00   2      1738.09      1738.02
   799    799  173.92   18.00   2      1651.10      1650.95
   800    800  173.92   20.00   2      1556.45      1568.78
   801    801  173.92   22.00   2      1490.59      1490.49
   802    802  173.92   24.00   2      1444.53      1415.63
   803    803  173.92   26.00   2      1315.45      1343.38
   804    804  173.92   28.00   2      1272.49      1272.42
   805    805  173.92   30.00   2      1227.54      1202.21
   806    806  173.92   32.00   2      1131.19      1131.01
   807    807  173.92   34.00   2      1056.45      1056.28
   808    808  173.92   36.00   2       981.79       973.44
   809    809  173.92   38.00   2       871.04       869.78
   810    810  173.92   40.00   2       716.78       714.02
   811    811  173.92   42.00   2       535.30       532.15
   812    812  173.92   44.00   2       374.53       371.47
   813    813  173.92   46.00   2       249.40       248.18
   814    814  173.92   48.00   2       169.26       167.93
   815    815  173.92   50.00   2       131.09       130.99
   816    816  173.92   52.00   2       117.23       117.24
   817    817  173.92   54.00   2       113.10       113.05
   820    820  175.92   58.00   2       114.24       114.24
   821    821  175.92   56.00   2       119.40       119.58
   822    822  175.92   54.00   2       134.84       134.89
   823    823  175.92   52.00   2       171.02       171.07
   824    824  175.92   50.00   2       239.47       239.79
   825    825  175.92   48.00   2       345.67       348.38
   826    826  175.92   46.00   2       487.94       489.28
   827    827  175.92   44.00   2       658.04       659.95
   828    828  175.92   42.00   2       834.60       837.32
   829    829  175.92   40.00   2       955.26       955.54
   830    830  175.92   38.00   2      1043.71      1044.05
   831    831  175.92   36.00   2      1120.87      1121.07
   832    832  175.92   34.00   2      1192.18      1192.36
   833    833  175.92   32.00   2      1261.69      1261.86
   834    834  175.92   30.00   2      1330.91      1331.00
   835    835  175.92   28.00   2      1401.31      1401.42
   836    836  175.92   26.00   2      1473.54      1473.62
   837    837  175.92   24.00   2      1548.25      1548.38
   838    838  175.92   22.00   2      1627.53      1627.65
   839    839  175.92   20.00   2      1710.87      1710.95
   840    840  175.92   18.00   2      1799.09      1799.22
   841    841  175.92   16.00   2      1893.17      1893.27
   842    842  175.92   14.00   2      1605.04      1619.82
   843    843  175.92   12.00   2      2099.61      2099.75
   844    844  175.92   10.00   2      2213.52      2213.71
   845    845  175.92    8.00   2      2334.16      2334.32
   846    846  175.92    6.00   2      2460.02      2460.13
   847    847  175.92    4.00   2      2587.45      2587.58
   848    848  175.92    2.00   2      2709.63      2709.75
   849    849  175.92    0.00   2      2785.52      2789.18
   850    850  177.92    0.00   2      2954.32      2944.13
   851    851  177.92    2.00   2      2891.47      2891.26
   852    852  177.92    4.00   2      2739.56      2742.38
   853    853  177.92    6.00   2      2621.67      2617.97
   854    854  177.92    8.00   2      2484.65      2484.55
   855    855  177.92   10.00   2      2361.57      2361.45
   856    856  177.92   12.00   2      2239.81      2239.74
   857    857  177.92   14.00   2      2125.62      2125.49
   858    858  177.92   16.00   2      2018.65      2018.55
   859    859  177.92   18.00   2      1918.92      1918.83
   860    860  177.92   20.00   2      1825.83      1825.76
   861    861  177.92   22.00   2      1738.90      1738.78
   862    862  177.92   24.00   2      1656.49      1656.45
   863    863  177.92   26.00   2      1579.16      1579.10
   864    864  177.92   28.00   2      1505.63      1505.57
   865    865  177.92   30.00   2      1435.42      1435.37
   866    866  177.92   32.00   2      1367.80      1367.73
   867    867  177.92   34.00   2      1302.13      1301.96
   868    868  177.92   36.00   2      1237.36      1237.29
   869    869  177.92   38.00   2      1173.12      1172.91
   870    870  177.92   40.00   2      1106.88      1106.78
   871    871  177.92   42.00   2      1036.83      1036.68
   872    872  177.92   44.00   2       959.67       959.40
   873    873  177.92   46.00   2       864.66       863.35
   874    874  177.92   48.00   2       725.44       723.87
   875    875  177.92   50.00   2       557.10       555.67
   876    876  177.92   52.00   2       406.26       403.44
   877    877  177.92   54.00   2       283.41       281.65
   878    878  177.92   56.00   2       199.05       197.62
   879    879  177.92   58.00   2       149.40       148.16
   880    880  177.92   60.00   2       125.97       125.65
   881    881  179.92   62.00   2       142.23       142.08
   882    882  179.92   60.00   2       175.40       175.49
   883    883  179.92   58.00   2       233.69       234.94
   884    884  179.92   56.00   2       322.91       324.31
   885    885  179.92   54.00   2       439.90       442.68
   886    886  179.92   52.00   2       584.63       587.74
   887    887  179.92   50.00   2       749.83       754.27
   888    888  179.92   48.00   2       888.09       891.84
   889    889  179.92   46.00   2       987.90       988.05
   890    890  179.92   44.00   2      1065.17      1065.41
   891    891  179.92   42.00   2      1134.46      1134.68
   892    892  179.92   40.00   2      1200.07      1200.21
   893    893  179.92   38.00   2      1264.24      1264.37
   894    894  179.92   36.00   2      1328.75      1328.81
   895    895  179.92   34.00   2      1394.03      1394.11
   896    896  179.92   32.00   2      1461.30      1461.41
   897    897  179.92   30.00   2      1531.14      1531.26
   898    898  179.92   28.00   2      1604.20      1604.25
   899    899  179.92   26.00   2      1681.15      1681.23
   900    900  179.92   24.00   2      1762.74      1762.86
   901    901  179.92   22.00   2      1849.48      1849.59
   902    902  179.92   20.00   2      1942.15      1942.27
   903    903  179.92   18.00   2      2042.02      2042.06
   904    904  179.92   16.00   2      2147.72      2147.81
   905    905  179.92   14.00   2      2261.64      2261.71
   906    906  179.92   12.00   2      2383.00      2383.10
   907    907  179.92   10.00   2      2511.79      2511.91
   908    908  179.92    8.00   2      2645.82      2645.93
   909    909  179.92    6.00   2      2778.55      2778.73
   910    910  179.92    4.00   2      2901.97      2900.71
   911    911  179.92    2.00   2      3010.32      3010.54
   912    912  179.92    0.00   2      3058.66      3064.88
   913    913  181.92    0.00   2      3136.45      3129.03
   914    914  181.92    2.00   2      3131.02      3130.90
   915    915  181.92    4.00   2      3040.13      3040.35
   916    916  181.92    6.00   2      2923.76      2922.11
   917    917  181.92    8.00   2      2775.90      2773.96
   918    918  181.92   10.00   2      2632.02      2631.80
   919    919  181.92   12.00   2      2493.50      2493.28
   920    920  181.92   14.00   2      2362.88      2362.70
   921    921  181.92   16.00   2      2241.63      2241.49
   922    922  181.92   18.00   2      2128.21      2128.15
   923    923  181.92   20.00   2      2024.78      2024.69
   924    924  181.92   22.00   2      1927.54      1927.49
   925    925  181.92   24.00   2      1837.53      1837.55
   926    926  181.92   26.00   2      1753.75      1753.73
   927    927  181.92   28.00   2      1674.56      1674.48
   928    928  181.92   30.00   2      1599.84      1601.72
   929    929  181.92   32.00   2      1531.01      1530.92
   930    930  181.92   34.00   2      1463.30      1463.22
   931    931  181.92   36.00   2      1398.79      1398.70
   932    932  181.92   38.00   2      1335.88      1335.82
   933    933  181.92   40.00   2      1275.03      1274.88
   934    934  181.92   42.00   2      1214.90      1214.86
   935    935  181.92   44.00   2      1154.34      1154.20
   936    936  181.92   46.00   2      1092.06      1091.87
   937    937  181.92   48.00   2      1027.21      1026.78
   938    938  181.92   50.00   2       955.80       954.54
   939    939  181.92   52.00   2       870.15       868.46
   940    940  181.92   54.00   2       749.87       746.44
   941    941  181.92   56.00   2       599.26       594.80
   942    942  181.92   58.00   2       458.77       453.91
   943    943  181.92   60.00   2       337.40       334.18
   944    944  181.92   62.00   2       242.94       240.12
   945    945  181.92   64.00   2       178.73       177.55
   946    946  183.92   66.00   2       194.93       194.60
   947    947  183.92   64.00   2       248.46       248.56
   948    948  183.92   62.00   2       327.05       327.23
   949    949  183.92   60.00   2       427.79       430.49
   950    950  183.92   58.00   2       553.66       557.32
   951    951  183.92   56.00   2       699.74       703.73
   952    952  183.92   54.00   2       841.63       843.39
   953    953  183.92   52.00   2       940.53       941.78
   954    954  183.92   50.00   2      1018.52      1018.64
   955    955  183.92   48.00   2      1086.06      1086.29
   956    956  183.92   46.00   2      1148.99      1149.38
   957    957  183.92   44.00   2      1210.41      1210.56
   958    958  183.92   42.00   2      1270.56      1270.77
   959    959  183.92   40.00   2      1331.70      1331.79
   960    960  183.92   38.00   2      1394.56      1394.71
   961    961  183.92   36.00   2      1459.44      1459.54
   962    962  183.92   34.00   2      1525.93      1526.10
   963    963  183.92   32.00   2      1595.76      1595.86
   964    964  183.92   30.00   2      1668.98      1669.10
   965    965  183.92   28.00   2      1746.79      1746.93
   966    966  183.92   26.00   2      1829.58      1829.69
   967    967  183.92   24.00   2      1918.36      1918.63
   968    968  183.92   22.00   2      2013.80      2013.90
   969    969  183.92   20.00   2      2115.14      2115.24
   970    970  183.92   18.00   2      2225.11      2225.10
   971    971  183.92   16.00   2      2343.57      2343.66
   972    972  183.92   14.00   2      2466.94      2467.18
   973    973  183.92   12.00   2      2604.99      2608.03
   974    974  183.92   10.00   2      2748.81      2749.13
   975    975  183.92    8.00   2      2892.94      2892.69
   976    976  183.92    6.00   2      3044.00      3047.81
   977    977  183.92    4.00   2      3165.90      3165.96
   978    978  183.92    2.00   2      3231.15      3231.32
   979    979  183.92    0.00   2      3182.45      3175.82
   980    980  185.92    0.00   2      3187.53      3187.44
   981    981  185.92    2.00   2      3304.90      3306.50
   982    982  185.92    4.00   2      3272.09      3272.14
   983    983  185.92    6.00   2      3161.97      3161.85
   984    984  185.92    8.00   2      3021.55      3021.42
   985    985  185.92   10.00   2      2869.97      2869.68
   986    986  185.92   12.00   2      2718.98      2718.83
   987    987  185.92   14.00   2      2574.82      2574.59
   988    988  185.92   16.00   2      2439.73      2439.59
   989    989  185.92   18.00   2      2314.58      2314.45
   990    990  185.92   20.00   2      2198.57      2198.43
   991    991  185.92   22.00   2      2091.86      2091.78
   992    992  185.92   24.00   2      1993.14      1993.00
   993    993  185.92   26.00   2      1901.41      1901.35
   994    994  185.92   28.00   2      1815.82      1815.66
   995    995  185.92   30.00   2      1735.56      1735.45
   996    996  185.92   32.00   2      1660.56      1660.40
   997    997  185.92   34.00   2      1589.47      1589.44
   998    998  185.92   36.00   2      1522.52      1522.35
   999    999  185.92   38.00   2      1458.71      1458.46
  1000   1000  185.92   40.00   2      1396.38      1396.27
  1001   1001  185.92   42.00   2      1336.85      1336.57
  1002   1002  185.92   44.00   2      1277.69      1277.59
  1003   1003  185.92   46.00   2      1219.94      1219.73
  1004   1004  185.92   48.00   2      1161.66      1161.60
  1005   1005  185.92   50.00   2      1102.55      1102.29
  1006   1006  185.92   52.00   2      1040.63      1040.37
  1007   1007  185.92   54.00   2       973.18       971.82
  1008   1008  185.92   56.00   2       894.94       893.65
  1009   1009  185.92   58.00   2       794.88       792.18
  1010   1010  185.92   60.00   2       657.45       652.43
  1011   1011  185.92   62.00   2       519.62       516.24
  1012   1012  185.92   64.00   2       398.91       395.06
  1013   1013  185.92   66.00   2       297.77       296.54
  1014   1014  187.92   68.00   2       286.38       285.00
  1015   1015  187.92   66.00   2       356.31       357.46
  1016   1016  187.92   64.00   2       450.72       451.88
  1017   1017  187.92   62.00   2       564.27       567.59
  1018   1018  187.92   60.00   2       698.69       702.16
  1019   1019  187.92   58.00   2       831.15       834.26
  1020   1020  187.92   56.00   2       928.15       929.56
  1021   1021  187.92   54.00   2      1004.79      1006.06
  1022   1022  187.92   52.00   2      1072.23      1072.41
  1023   1023  187.92   50.00   2      1133.82      1134.06
  1024   1024  187.92   48.00   2      1193.15      1193.40
  1025   1025  187.92   46.00   2      1251.88      1252.02
  1026   1026  187.92   44.00   2      1310.45      1310.68
  1027   1027  187.92   42.00   2      1370.32      1370.40
  1028   1028  187.92   40.00   2      1431.31      1431.43
  1029   1029  187.92   38.00   2      1493.77      1494.05
  1030   1030  187.92   36.00   2      1560.06      1560.13
  1031   1031  187.92   34.00   2      1628.46      1628.74
  1032   1032  187.92   32.00   2      1701.61      1701.73
  1033   1033  187.92   30.00   2      1778.30      1778.49
  1034   1034  187.92   28.00   2      1860.52      1860.66
  1035   1035  187.92   26.00   2      1948.24      1948.35
  1036   1036  187.92   24.00   2      2042.54      2042.66
  1037   1037  187.92   22.00   2      2144.01      2144.17
  1038   1038  187.92   20.00   2      2254.19      2254.35
  1039   1039  187.92   18.00   2      2373.03      2373.17
  1040   1040  187.92   16.00   2      2501.61      2501.67
  1041   1041  187.92   14.00   2      2639.55      2639.70
  1042   1042  187.92   12.00   2      2786.97      2787.05
  1043   1043  187.92   10.00   2      2940.14      2940.30
  1044   1044  187.92    8.00   2      3093.15      3093.38
  1045   1045  187.92    6.00   2      3232.62      3230.01
  1046   1046  187.92    4.00   2      3332.60      3332.60
  1047   1047  187.92    2.00   2      3347.60      3348.00
  1048   1048  187.92    0.00   2      3178.86      3178.81
  1049   1049  189.92    0.00   2      3143.39      3143.28
  1050   1050  189.92    2.00   2      3359.40      3359.30
  1051   1051  189.92    4.00   2      3383.40      3393.70
  1052   1052  189.92    6.00   2      3285.61      3282.82
  1053   1053  189.92    8.00   2      3139.36      3133.83
  1054   1054  189.92   10.00   2      2971.25      2974.26
  1055   1055  189.92   12.00   2      2837.81      2836.27
  1056   1056  189.92   14.00   2      2685.42      2685.15
  1057   1057  189.92   16.00   2      2544.08      2543.70
  1058   1058  189.92   18.00   2      2412.96      2412.71
  1059   1059  189.92   20.00   2      2291.71      2291.55
  1060   1060  189.92   22.00   2      2180.68      2180.22
  1061   1061  189.92   24.00   2      2076.85      2076.72
  1062   1062  189.92   26.00   2      1981.75      1981.47
  1063   1063  189.92   28.00   2      1892.62      1892.48
  1064   1064  189.92   30.00   2      1809.80      1809.63
  1065   1065  189.92   32.00   2      1732.05      1731.99
  1066   1066  189.92   34.00   2      1659.16      1659.06
  1067   1067  189.92   36.00   2      1590.67      1590.41
  1068   1068  189.92   38.00   2      1524.82      1524.75
  1069   1069  189.92   40.00   2      1462.52      1462.27
  1070   1070  189.92   42.00   2      1402.03      1401.94
  1071   1071  189.92   44.00   2      1343.85      1343.72
  1072   1072  189.92   46.00   2      1287.24      1286.91
  1073   1073  189.92   48.00   2      1230.73      1230.57
  1074   1074  189.92   50.00   2      1175.14      1174.79
  1075   1075  189.92   52.00   2      1118.14      1117.98
  1076   1076  189.92   54.00   2      1060.12      1059.78
  1077   1077  189.92   56.00   2       997.52       997.24
  1078   1078  189.92   58.00   2       928.68       926.47
  1079   1079  189.92   60.00   2       844.49       843.16
  1080   1080  189.92   62.00   2       731.76       728.31
  1081   1081  189.92   64.00   2       599.38       596.11
  1082   1082  189.92   66.00   2       476.06       473.15
  1083   1083  189.92   68.00   2       371.24       366.68
  1084   1084  191.92   68.00   2       400.37       400.00
  1085   1085  191.92   66.00   2       488.38       489.87
  1086   1086  191.92   64.00   2       598.56       600.04
  1087   1087  191.92   62.00   2       724.89       728.58
  1088   1088  191.92   60.00   2       844.98       846.65
  1089   1089  191.92   58.00   2       933.19       934.37
  1090   1090  191.92   56.00   2      1004.70      1005.00
  1091   1091  191.92   54.00   2      1068.27      1068.55
  1092   1092  191.92   52.00   2      1127.11      1128.26
  1093   1093  191.92   50.00   2      1185.24      1185.35
  1094   1094  191.92   48.00   2      1241.26      1241.53
  1095   1095  191.92   46.00   2      1298.62      1298.73
  1096   1096  191.92   44.00   2      1356.21      1356.38
  1097   1097  191.92   42.00   2      1415.43      1415.50
  1098   1098  191.92   40.00   2      1476.15      1476.31
  1099   1099  191.92   38.00   2      1539.59      1539.67
  1100   1100  191.92   36.00   2      1605.61      1605.74
  1101   1101  191.92   34.00   2      1674.67      1675.02
  1102   1102  191.92   32.00   2      1748.82      1748.96
  1103   1103  191.92   30.00   2      1826.97      1827.16
  1104   1104  191.92   28.00   2      1911.14      1911.25
  1105   1105  191.92   26.00   2      2000.20      2000.38
  1106   1106  191.92   24.00   2      2096.87      2096.99
  1107   1107  191.92   22.00   2      2200.83      2201.02
  1108   1108  191.92   20.00   2      2313.50      2313.63
  1109   1109  191.92   18.00   2      2435.18      2435.40
  1110   1110  191.92   16.00   2      2571.34      2572.72
  1111   1111  191.92   14.00   2      2715.66      2716.67
  1112   1112  191.92   12.00   2      2875.05      2875.43
  1113   1113  191.92   10.00   2      3034.63      3034.97
  1114   1114  191.92    8.00   2      3191.68      3192.86
  1115   1115  191.92    6.00   2      3333.30      3333.80
  1116   1116  191.92    4.00   2      3417.40      3419.20
  1117   1117  191.92    2.00   2      3402.40      3400.00
  1118   1118  191.92    0.00   2      3143.80      3141.10
  1119   1119  193.92    0.00   2      3129.10      3127.10
  1120   1120  193.92    2.00   2      3389.90      3391.40
  1121   1121  193.92    4.00   2      3432.00      3430.30
  1122   1122  193.92    6.00   2      3346.10      3345.30
  1123   1123  193.92    8.00   2      3214.90      3211.60
  1124   1124  193.92   10.00   2      3053.80      3052.60
  1125   1125  193.92   12.00   2      2897.60      2894.70
  1126   1126  193.92   14.00   2      2738.80      2738.00
  1127   1127  193.92   16.00   2      2592.85      2592.64
  1128   1128  193.92   18.00   2      2458.20      2458.04
  1129   1129  193.92   20.00   2      2334.63      2334.45
  1130   1130  193.92   22.00   2      2220.71      2220.37
  1131   1131  193.92   24.00   2      2115.36      2115.17
  1132   1132  193.92   26.00   2      2018.15      2017.91
  1133   1133  193.92   28.00   2      1927.73      1927.61
  1134   1134  193.92   30.00   2      1843.79      1843.64
  1135   1135  193.92   32.00   2      1765.75      1765.47
  1136   1136  193.92   34.00   2      1691.56      1691.50
  1137   1137  193.92   36.00   2      1622.22      1621.99
  1138   1138  193.92   38.00   2      1556.11      1556.01
  1139   1139  193.92   40.00   2      1493.27      1493.05
  1140   1140  193.92   42.00   2      1433.23      1432.90
  1141   1141  193.92   44.00   2      1374.30      1374.12
  1142   1142  193.92   46.00   2      1317.70      1317.45
  1143   1143  193.92   48.00   2      1261.65      1261.52
  1144   1144  193.92   50.00   2      1206.84      1206.57
  1145   1145  193.92   52.00   2      1151.88      1151.78
  1146   1146  193.92   54.00   2      1096.33      1096.11
  1147   1147  193.92   56.00   2      1038.13      1037.90
  1148   1148  193.92   58.00   2       975.80       974.37
  1149   1149  193.92   60.00   2       904.50       904.15
  1150   1150  193.92   62.00   2       816.82       814.42
  1151   1151  193.92   64.00   2       696.39       692.45
  1152   1152  193.92   66.00   2       569.26       565.94
  1153   1153  193.92   68.00   2       452.88       449.36
  1154   1154  195.92   68.00   2       445.04       443.36
  1155   1155  195.92   66.00   2       534.89       535.04
  1156   1156  195.92   64.00   2       646.03       648.92
  1157   1157  195.92   62.00   2       771.66       774.63
  1158   1158  195.92   60.00   2       876.96       878.33
  1159   1159  195.92   58.00   2       956.15       957.41
  1160   1160  195.92   56.00   2      1024.01      1024.28
  1161   1161  195.92   54.00   2      1085.00      1085.19
  1162   1162  195.92   52.00   2      1142.32      1142.63
  1163   1163  195.92   50.00   2      1198.90      1199.07
  1164   1164  195.92   48.00   2      1254.21      1254.48
  1165   1165  195.92   46.00   2      1310.60      1310.70
  1166   1166  195.92   44.00   2      1367.69      1367.87
  1167   1167  195.92   42.00   2      1426.73      1426.79
  1168   1168  195.92   40.00   2      1487.32      1487.44
  1169   1169  195.92   38.00   2      1549.67      1549.94
  1170   1170  195.92   36.00   2      1616.09      1616.15
  1171   1171  195.92   34.00   2      1684.85      1685.11
  1172   1172  195.92   32.00   2      1758.40      1758.50
  1173   1173  195.92   30.00   2      1836.03      1836.23
  1174   1174  195.92   28.00   2      1919.60      1919.69
  1175   1175  195.92   26.00   2      2008.61      2008.77
  1176   1176  195.92   24.00   2      2104.78      2104.88
  1177   1177  195.92   22.00   2      2208.47      2208.67
  1178   1178  195.92   20.00   2      2321.16      2321.25
  1179   1179  195.92   18.00   2      2442.83      2443.01
  1180   1180  195.92   16.00   2      2574.69      2575.84
  1181   1181  195.92   14.00   2      2718.00      2718.27
  1182   1182  195.92   12.00   2      2869.72      2870.15
  1183   1183  195.92   10.00   2      3028.34      3028.61
  1184   1184  195.92    8.00   2      3184.60      3184.94
  1185   1185  195.92    6.00   2      3323.30      3323.40
  1186   1186  195.92    4.00   2      3406.30      3408.10
  1187   1187  195.92    2.00   2      3390.00      3387.30
  1188   1188  195.92    0.00   2      3119.20      3118.80
  1189   1189  197.92    0.00   2      3134.60      3136.20
  1190   1190  197.92    2.00   2      3370.10      3371.60
  1191   1191  197.92    4.00   2      3395.90      3392.80
  1192   1192  197.92    6.00   2      3299.60      3298.40
  1193   1193  197.92    8.00   2      3165.70      3162.10
  1194   1194  197.92   10.00   2      3004.40      3003.10
  1195   1195  197.92   12.00   2      2851.00      2848.10
  1196   1196  197.92   14.00   2      2693.38      2693.09
  1197   1197  197.92   16.00   2      2552.34      2552.13
  1198   1198  197.92   18.00   2      2421.36      2421.06
  1199   1199  197.92   20.00   2      2301.27      2300.81
  1200   1200  197.92   22.00   2      2189.54      2189.38
  1201   1201  197.92   24.00   2      2087.29      2087.01
  1202   1202  197.92   26.00   2      1992.30      1992.13
  1203   1203  197.92   28.00   2      1904.45      1904.25
  1204   1204  197.92   30.00   2      1823.16      1822.82
  1205   1205  197.92   32.00   2      1745.88      1745.77
  1206   1206  197.92   34.00   2      1674.04      1673.90
  1207   1207  197.92   36.00   2      1605.56      1605.49
  1208   1208  197.92   38.00   2      1541.01      1540.84
  1209   1209  197.92   40.00   2      1478.77      1478.69
  1210   1210  197.92   42.00   2      1419.65      1419.42
  1211   1211  197.92   44.00   2      1362.48      1362.19
  1212   1212  197.92   46.00   2      1306.08      1305.88
  1213   1213  197.92   48.00   2      1251.61      1251.30
  1214   1214  197.92   50.00   2      1197.18      1197.02
  1215   1215  197.92   52.00   2      1143.05      1142.75
  1216   1216  197.92   54.00   2      1087.74      1087.56
  1217   1217  197.92   56.00   2      1030.19      1029.95
  1218   1218  197.92   58.00   2       968.22       967.86
  1219   1219  197.92   60.00   2       898.27       895.95
  1220   1220  197.92   62.00   2       809.69       807.02
  1221   1221  197.92   64.00   2       688.91       685.11
  1222   1222  197.92   66.00   2       563.83       559.07
  1223   1223  197.92   68.00   2       449.74       445.75
  1224   1224  199.92   68.00   2       400.12       397.78
  1225   1225  199.92   66.00   2       481.30       482.56
  1226   1226  199.92   64.00   2       585.30       588.32
  1227   1227  199.92   62.00   2       706.92       709.75
  1228   1228  199.92   60.00   2       827.88       830.57
  1229   1229  199.92   58.00   2       918.76       919.97
  1230   1230  199.92   56.00   2       991.15       992.50
  1231   1231  199.92   54.00   2      1054.81      1055.00
  1232   1232  199.92   52.00   2      1113.60      1113.86
  1233   1233  199.92   50.00   2      1169.53      1169.90
  1234   1234  199.92   48.00   2      1225.75      1225.84
  1235   1235  199.92   46.00   2      1281.09      1281.33
  1236   1236  199.92   44.00   2      1337.91      1338.05
  1237   1237  199.92   42.00   2      1395.46      1395.57
  1238   1238  199.92   40.00   2      1455.00      1455.12
  1239   1239  199.92   38.00   2      1516.87      1516.96
  1240   1240  199.92   36.00   2      1580.69      1580.99
  1241   1241  199.92   34.00   2      1648.49      1648.57
  1242   1242  199.92   32.00   2      1719.33      1719.51
  1243   1243  199.92   30.00   2      1795.22      1795.32
  1244   1244  199.92   28.00   2      1875.49      1875.66
  1245   1245  199.92   26.00   2      1961.65      1961.78
  1246   1246  199.92   24.00   2      2054.10      2054.23
  1247   1247  199.92   22.00   2      2153.90      2154.04
  1248   1248  199.92   20.00   2      2261.98      2262.15
  1249   1249  199.92   18.00   2      2378.77      2379.17
  1250   1250  199.92   16.00   2      2506.34      2506.54
  1251   1251  199.92   14.00   2      2643.27      2643.61
  1252   1252  199.92   12.00   2      2790.58      2790.79
  1253   1253  199.92   10.00   2      2944.39      2945.74
  1254   1254  199.92    8.00   2      3100.02      3100.23
  1255   1255  199.92    6.00   2      3242.22      3242.46
  1256   1256  199.92    4.00   2      3342.20      3344.20
  1257   1257  199.92    2.00   2      3361.40      3360.20
  1258   1258  199.92    0.00   2      3172.80      3171.70
  1259   1259  201.92    0.00   2      3202.69      3202.57
  1260   1260  201.92    2.00   2      3330.80      3330.60
  1261   1261  201.92    4.00   2      3293.13      3293.05
  1262   1262  201.92    6.00   2      3152.99      3181.89
  1263   1263  201.92    8.00   2      3034.47      3034.39
  1264   1264  201.92   10.00   2      2880.60      2880.37
  1265   1265  201.92   12.00   2      2730.11      2729.87
  1266   1266  201.92   14.00   2      2587.05      2586.74
  1267   1267  201.92   16.00   2      2453.37      2453.16
  1268   1268  201.92   18.00   2      2329.82      2329.49
  1269   1269  201.92   20.00   2      2216.23      2215.74
  1270   1270  201.92   22.00   2      2110.56      2110.42
  1271   1271  201.92   24.00   2      2013.92      2013.60
  1272   1272  201.92   26.00   2      1923.62      1923.50
  1273   1273  201.92   28.00   2      1839.86      1839.65
  1274   1274  201.92   30.00   2      1761.50      1761.36
  1275   1275  201.92   32.00   2      1687.94      1687.83
  1276   1276  201.92   34.00   2      1619.01      1618.65
  1277   1277  201.92   36.00   2      1552.52      1552.37
  1278   1278  201.92   38.00   2      1490.12      1489.91
  1279   1279  201.92   40.00   2      1429.56      1429.49
  1280   1280  201.92   42.00   2      1371.88      1371.69
  1281   1281  201.92   44.00   2      1315.22      1315.14
  1282   1282  201.92   46.00   2      1260.04      1259.91
  1283   1283  201.92   48.00   2      1206.04      1205.67
  1284   1284  201.92   50.00   2      1151.00      1150.87
  1285   1285  201.92   52.00   2      1096.06      1095.67
  1286   1286  201.92   54.00   2      1037.80      1037.61
  1287   1287  201.92   56.00   2       975.82       974.39
  1288   1288  201.92   58.00   2       904.91       903.54
  1289   1289  201.92   60.00   2       816.81       815.39
  1290   1290  201.92   62.00   2       696.15       692.59
  1291   1291  201.92   64.00   2       566.82       563.41
  1292   1292  201.92   66.00   2       450.44       446.49
  1293   1293  201.92   68.00   2       348.02       345.11
  1294   1294  203.92   66.00   2       340.10       339.91
  1295   1295  203.92   64.00   2       420.47       422.24
  1296   1296  203.92   62.00   2       522.66       525.56
  1297   1297  203.92   60.00   2       644.39       647.68
  1298   1298  203.92   58.00   2       778.23       781.03
  1299   1299  203.92   56.00   2       886.38       888.82
  1300   1300  203.92   54.00   2       968.08       969.40
  1301   1301  203.92   52.00   2      1036.32      1037.42
  1302   1302  203.92   50.00   2      1098.76      1098.98
  1303   1303  203.92   48.00   2      1157.13      1157.30
  1304   1304  203.92   46.00   2      1214.44      1214.50
  1305   1305  203.92   44.00   2      1270.58      1270.68
  1306   1306  203.92   42.00   2      1327.45      1327.74
  1307   1307  203.92   40.00   2      1386.28      1386.35
  1308   1308  203.92   38.00   2      1446.06      1446.30
  1309   1309  203.92   36.00   2      1508.56      1508.63
  1310   1310  203.92   34.00   2      1572.99      1573.10
  1311   1311  203.92   32.00   2      1641.11      1641.21
  1312   1312  203.92   30.00   2      1712.72      1712.87
  1313   1313  203.92   28.00   2      1788.89      1788.95
  1314   1314  203.92   26.00   2      1869.90      1870.02
  1315   1315  203.92   24.00   2      1930.92      1957.46
  1316   1316  203.92   22.00   2      2050.96      2051.04
  1317   1317  203.92   20.00   2      2109.18      2151.65
  1318   1318  203.92   18.00   2      2260.27      2260.29
  1319   1319  203.92   16.00   2      2378.46      2378.42
  1320   1320  203.92   14.00   2      2505.74      2505.79
  1321   1321  203.92   12.00   2      2642.97      2643.00
  1322   1322  203.92   10.00   2      2786.17      2786.10
  1323   1323  203.92    8.00   2      2936.35      2936.50
  1324   1324  203.92    6.00   2      3085.89      3088.59
  1325   1325  203.92    4.00   2      3212.32      3212.39
  1326   1326  203.92    2.00   2      3255.18      3279.44
  1327   1327  203.92    0.00   2      3216.24      3216.22
  1328   1328  205.92    0.00   2      3200.44      3200.47
  1329   1329  205.92    2.00   2      3208.21      3208.08
  1330   1330  205.92    4.00   2      3072.72      3113.00
  1331   1331  205.92    6.00   2      2977.51      2977.43
  1332   1332  205.92    8.00   2      2829.80      2829.65
  1333   1333  205.92   10.00   2      2683.07      2683.01
  1334   1334  205.92   12.00   2      2542.86      2542.73
  1335   1335  205.92   14.00   2      2411.65      2411.65
  1336   1336  205.92   16.00   2      2290.42      2290.26
  1337   1337  205.92   18.00   2      2175.89      2178.14
  1338   1338  205.92   20.00   2      2074.64      2074.56
  1339   1339  205.92   22.00   2      1971.58      1978.68
  1340   1340  205.92   24.00   2      1889.59      1889.52
  1341   1341  205.92   26.00   2      1783.65      1806.56
  1342   1342  205.92   28.00   2      1728.28      1728.24
  1343   1343  205.92   30.00   2      1655.50      1655.42
  1344   1344  205.92   32.00   2      1586.48      1586.49
  1345   1345  205.92   34.00   2      1521.05      1520.95
  1346   1346  205.92   36.00   2      1458.96      1458.87
  1347   1347  205.92   38.00   2      1398.87      1398.68
  1348   1348  205.92   40.00   2      1340.64      1340.53
  1349   1349  205.92   42.00   2      1283.66      1283.44
  1350   1350  205.92   44.00   2      1227.89      1227.57
  1351   1351  205.92   46.00   2      1171.24      1171.03
  1352   1352  205.92   48.00   2      1114.58      1114.23
  1353   1353  205.92   50.00   2      1055.18      1054.95
  1354   1354  205.92   52.00   2       992.31       991.03
  1355   1355  205.92   54.00   2       920.36       919.16
  1356   1356  205.92   56.00   2       831.58       830.30
  1357   1357  205.92   58.00   2       709.24       704.91
  1358   1358  205.92   60.00   2       573.01       568.40
  1359   1359  205.92   62.00   2       449.62       445.48
  1360   1360  205.92   64.00   2       342.14       339.51
  1361   1361  205.92   66.00   2       256.15       253.56
  1362   1362  207.92   64.00   2       216.31       215.17
  1363   1363  207.92   62.00   2       274.43       274.73
  1364   1364  207.92   60.00   2       356.55       357.78
  1365   1365  207.92   58.00   2       460.64       463.62
  1366   1366  207.92   56.00   2       585.92       588.87
  1367   1367  207.92   54.00   2       729.67       732.35
  1368   1368  207.92   52.00   2       859.10       862.81
  1369   1369  207.92   50.00   2       952.40       953.61
  1370   1370  207.92   48.00   2      1026.85      1027.21
  1371   1371  207.92   46.00   2      1092.75      1092.99
  1372   1372  207.92   44.00   2      1153.85      1154.09
  1373   1373  207.92   42.00   2      1212.81      1213.12
  1374   1374  207.92   40.00   2      1273.37      1273.35
  1375   1375  207.92   38.00   2      1332.08      1332.12
  1376   1376  207.92   36.00   2      1392.14      1392.17
  1377   1377  207.92   34.00   2      1453.70      1453.75
  1378   1378  207.92   32.00   2      1518.30      1518.32
  1379   1379  207.92   30.00   2      1567.63      1585.39
  1380   1380  207.92   28.00   2      1655.56      1655.54
  1381   1381  207.92   26.00   2      1706.45      1729.76
  1382   1382  207.92   24.00   2      1808.54      1808.62
  1383   1383  207.92   22.00   2      1893.05      1893.04
  1384   1384  207.92   20.00   2      1982.95      1982.97
  1385   1385  207.92   18.00   2      2080.38      2080.37
  1386   1386  207.92   16.00   2      2183.80      2184.92
  1387   1387  207.92   14.00   2      2298.59      2298.61
  1388   1388  207.92   12.00   2      2412.89      2421.24
  1389   1389  207.92   10.00   2      2552.45      2552.50
  1390   1390  207.92    8.00   2      2663.52      2692.12
  1391   1391  207.92    6.00   2      2834.84      2834.88
  1392   1392  207.92    4.00   2      2931.60      2973.09
  1393   1393  207.92    2.00   2      3087.10      3087.12
  1394   1394  207.92    0.00   2      3139.23      3139.22
  1395   1395  209.92    0.00   2      3036.23      3036.17
  1396   1396  209.92    2.00   2      2920.74      2947.16
  1397   1397  209.92    4.00   2      2817.75      2817.72
  1398   1398  209.92    6.00   2      2628.03      2678.04
  1399   1399  209.92    8.00   2      2539.73      2539.70
  1400   1400  209.92   10.00   2      2408.34      2408.20
  1401   1401  209.92   12.00   2      2285.13      2285.11
  1402   1402  209.92   14.00   2      2171.29      2171.19
  1403   1403  209.92   16.00   2      2063.15      2065.74
  1404   1404  209.92   18.00   2      1967.84      1967.75
  1405   1405  209.92   20.00   2      1855.97      1877.29
  1406   1406  209.92   22.00   2      1792.42      1792.41
  1407   1407  209.92   24.00   2      1713.41      1713.31
  1408   1408  209.92   26.00   2      1638.32      1638.37
  1409   1409  209.92   28.00   2      1568.07      1567.93
  1410   1410  209.92   30.00   2      1500.47      1500.62
  1411   1411  209.92   32.00   2      1437.02      1436.97
  1412   1412  209.92   34.00   2      1372.91      1375.47
  1413   1413  209.92   36.00   2      1315.36      1315.36
  1414   1414  209.92   38.00   2      1243.25      1256.77
  1415   1415  209.92   40.00   2      1198.30      1198.26
  1416   1416  209.92   42.00   2      1139.43      1139.29
  1417   1417  209.92   44.00   2      1078.17      1078.14
  1418   1418  209.92   46.00   2      1014.52      1014.37
  1419   1419  209.92   48.00   2       943.59       942.38
  1420   1420  209.92   50.00   2       856.45       854.23
  1421   1421  209.92   52.00   2       733.21       729.20
  1422   1422  209.92   54.00   2       585.63       582.18
  1423   1423  209.92   56.00   2       451.44       445.99
  1424   1424  209.92   58.00   2       333.63       330.89
  1425   1425  209.92   60.00   2       242.22       240.61
  1426   1426  209.92   62.00   2       179.71       178.26
  1427   1427  211.92   60.00   2       139.75       139.70
  1428   1428  211.92   58.00   2       168.93       168.87
  1429   1429  211.92   56.00   2       220.43       220.59
  1430   1430  211.92   54.00   2       298.08       299.71
  1431   1431  211.92   52.00   2       403.88       405.31
  1432   1432  211.92   50.00   2       531.55       534.62
  1433   1433  211.92   48.00   2       687.98       693.66
  1434   1434  211.92   46.00   2       843.15       844.61
  1435   1435  211.92   44.00   2       929.38       944.67
  1436   1436  211.92   42.00   2      1023.04      1023.26
  1437   1437  211.92   40.00   2      1092.16      1092.21
  1438   1438  211.92   38.00   2      1155.21      1155.32
  1439   1439  211.92   36.00   2      1216.94      1217.00
  1440   1440  211.92   34.00   2      1275.65      1277.78
  1441   1441  211.92   32.00   2      1339.34      1339.38
  1442   1442  211.92   30.00   2      1395.12      1402.15
  1443   1443  211.92   28.00   2      1466.68      1466.73
  1444   1444  211.92   26.00   2      1520.71      1534.13
  1445   1445  211.92   24.00   2      1604.38      1604.39
  1446   1446  211.92   22.00   2      1678.99      1678.98
  1447   1447  211.92   20.00   2      1757.29      1757.37
  1448   1448  211.92   18.00   2      1841.58      1841.55
  1449   1449  211.92   16.00   2      1930.72      1930.94
  1450   1450  211.92   14.00   2      2028.11      2028.09
  1451   1451  211.92   12.00   2      2126.59      2132.20
  1452   1452  211.92   10.00   2      2244.32      2244.36
  1453   1453  211.92    8.00   2      2344.00      2364.87
  1454   1454  211.92    6.00   2      2493.13      2493.19
  1455   1455  211.92    4.00   2      2597.68      2626.64
  1456   1456  211.92    2.00   2      2758.96      2759.04
  1457   1457  211.92    0.00   2      2875.74      2875.75
  1458   1458  213.92    0.00   2      2660.14      2660.08
  1459   1459  213.92    2.00   2      2514.52      2536.82
  1460   1460  213.92    4.00   2      2409.70      2409.65
  1461   1461  213.92    6.00   2      2286.94      2286.78
  1462   1462  213.92    8.00   2      2170.18      2170.39
  1463   1463  213.92   10.00   2      2062.63      2062.58
  1464   1464  213.92   12.00   2      1959.09      1962.24
  1465   1465  213.92   14.00   2      1868.44      1868.41
  1466   1466  213.92   16.00   2      1770.73      1781.00
  1467   1467  213.92   18.00   2      1699.04      1699.01
  1468   1468  213.92   20.00   2      1598.36      1622.07
  1469   1469  213.92   22.00   2      1549.13      1549.13
  1470   1470  213.92   24.00   2      1480.28      1480.17
  1471   1471  213.92   26.00   2      1413.92      1413.95
  1472   1472  213.92   28.00   2      1350.47      1350.34
  1473   1473  213.92   30.00   2      1285.25      1288.20
  1474   1474  213.92   32.00   2      1226.79      1226.66
  1475   1475  213.92   34.00   2      1161.19      1165.17
  1476   1476  213.92   36.00   2      1102.16      1102.08
  1477   1477  213.92   38.00   2      1023.02      1035.84
  1478   1478  213.92   40.00   2       962.18       962.03
  1479   1479  213.92   42.00   2       873.54       872.39
  1480   1480  213.92   44.00   2       747.29       746.01
  1481   1481  213.92   46.00   2       586.30       584.63
  1482   1482  213.92   48.00   2       439.82       438.56
  1483   1483  213.92   50.00   2       314.79       313.56
  1484   1484  213.92   52.00   2       220.53       220.31
  1485   1485  213.92   54.00   2       163.57       162.33
  1486   1486  213.92   56.00   2       132.19       132.00
  1487   1487  213.92   58.00   2       119.03       118.92
  1488   1488  215.92   56.00   2       112.66       112.68
  1489   1489  215.92   54.00   2       114.94       114.87
  1490   1490  215.92   52.00   2       120.92       120.93
  1491   1491  215.92   50.00   2       136.68       136.69
  1492   1492  215.92   48.00   2       170.05       171.83
  1493   1493  215.92   46.00   2       236.20       236.36
  1494   1494  215.92   44.00   2       331.05       332.23
  1495   1495  215.92   42.00   2       455.21       456.35
  1496   1496  215.92   40.00   2       606.23       609.35
  1497   1497  215.92   38.00   2       772.41       775.06
  1498   1498  215.92   36.00   2       903.45       904.77
  1499   1499  215.92   34.00   2       989.26       994.77
  1500   1500  215.92   32.00   2      1069.91      1070.06
  1501   1501  215.92   30.00   2      1133.99      1138.65
  1502   1502  215.92   28.00   2      1203.55      1203.68
  1503   1503  215.92   26.00   2      1254.10      1267.89
  1504   1504  215.92   24.00   2      1332.13      1332.22
  1505   1505  215.92   22.00   2      1381.11      1398.03
  1506   1506  215.92   20.00   2      1465.51      1465.56
  1507   1507  215.92   18.00   2      1508.33      1536.55
  1508   1508  215.92   16.00   2      1611.10      1611.24
  1509   1509  215.92   14.00   2      1656.77      1688.98
  1510   1510  215.92   12.00   2      1770.86      1771.14
  1511   1511  215.92   10.00   2      1830.24      1860.26
  1512   1512  215.92    8.00   2      1953.54      1954.81
  1513   1513  215.92    6.00   2      2025.38      2055.77
  1514   1514  215.92    4.00   2      2161.61      2162.96
  1515   1515  215.92    2.00   2      2275.62      2275.64
  1516   1516  215.92    0.00   2      2352.80      2390.89
  1517   1517  217.92    0.00   2      2118.99      2091.71
  1518   1518  217.92    2.00   2      1992.19      1992.12
  1519   1519  217.92    4.00   2      1919.85      1896.51
  1520   1520  217.92    6.00   2      1806.85      1806.80
  1521   1521  217.92    8.00   2      1719.43      1719.34
  1522   1522  217.92   10.00   2      1638.70      1638.52
  1523   1523  217.92   12.00   2      1561.65      1561.59
  1524   1524  217.92   14.00   2      1490.22      1488.84
  1525   1525  217.92   16.00   2      1419.10      1419.03
  1526   1526  217.92   18.00   2      1355.18      1352.33
  1527   1527  217.92   20.00   2      1286.79      1286.76
  1528   1528  217.92   22.00   2      1226.70      1222.62
  1529   1529  217.92   24.00   2      1158.07      1157.99
  1530   1530  217.92   26.00   2      1100.35      1092.00
  1531   1531  217.92   28.00   2      1021.32      1021.19
  1532   1532  217.92   30.00   2       962.09       941.82
  1533   1533  217.92   32.00   2       840.43       840.12
  1534   1534  217.92   34.00   2       688.74       687.50
  1535   1535  217.92   36.00   2       529.52       525.75
  1536   1536  217.92   38.00   2       381.22       380.04
  1537   1537  217.92   40.00   2       273.18       267.05
  1538   1538  217.92   42.00   2       186.66       186.34
  1539   1539  217.92   44.00   2       144.63       141.34
  1540   1540  217.92   46.00   2       121.86       121.83
  1541   1541  217.92   48.00   2       114.80       114.74
  1542   1542  217.92   50.00   2       112.64       112.64
  1543   1543  217.92   52.00   2       113.37       113.08
  1552   1552  219.92   50.00   2       112.39       112.38
  1553   1553  219.92   48.00   2       112.50       112.44
  1554   1554  219.92   46.00   2       112.48       112.45
  1555   1555  219.92   44.00   2       112.59       112.54
  1556   1556  219.92   42.00   2       112.79       112.73
  1557   1557  219.92   40.00   2       115.67       115.62
  1558   1558  219.92   38.00   2       123.69       123.71
  1559   1559  219.92   36.00   2       145.07       145.12
  1560   1560  219.92   34.00   2       191.54       191.52
  1561   1561  219.92   32.00   2       271.35       271.43
  1562   1562  219.92   30.00   2       385.36       386.59
  1563   1563  219.92   28.00   2       528.42       529.97
  1564   1564  219.92   26.00   2       697.28       698.62
  1565   1565  219.92   24.00   2       856.76       858.12
  1566   1566  219.92   22.00   2       963.29       963.64
  1567   1567  219.92   20.00   2      1047.12      1046.89
  1568   1568  219.92   18.00   2      1118.80      1118.80
  1569   1569  219.92   16.00   2      1187.45      1186.31
  1570   1570  219.92   14.00   2      1252.79      1252.82
  1571   1571  219.92   12.00   2      1329.52      1318.59
  1572   1572  219.92   10.00   2      1385.72      1385.75
  1573   1573  219.92    8.00   2      1478.22      1454.26
  1574   1574  219.92    6.00   2      1525.24      1525.31
  1575   1575  219.92    4.00   2      1599.26      1599.26
  1576   1576  219.92    2.00   2      1676.30      1676.10
  1577   1577  219.92    0.00   2      1756.38      1756.09
  1578   1578  221.92    0.00   2      1388.88      1388.78
  1579   1579  221.92    2.00   2      1329.09      1328.94
  1580   1580  221.92    4.00   2      1269.82      1269.78
  1581   1581  221.92    6.00   2      1237.89      1209.99
  1582   1582  221.92    8.00   2      1148.44      1148.40
  1583   1583  221.92   10.00   2      1084.53      1084.40
  1584   1584  221.92   12.00   2      1015.40      1015.30
  1585   1585  221.92   14.00   2       935.53       935.33
  1586   1586  221.92   16.00   2       839.17       833.83
  1587   1587  221.92   18.00   2       681.00       679.62
  1588   1588  221.92   20.00   2       519.58       517.81
  1589   1589  221.92   22.00   2       378.37       377.15
  1590   1590  221.92   24.00   2       263.55       262.28
  1591   1591  221.92   26.00   2       183.57       183.40
  1592   1592  221.92   28.00   2       139.68       139.51
  1593   1593  221.92   30.00   2       121.06       121.03
  1594   1594  221.92   32.00   2       114.50       114.44
  1595   1595  221.92   34.00   2       113.02       112.88
  1596   1596  221.92   36.00   2       112.62       112.56
  1597   1597  221.92   38.00   2       112.56       112.51
  1598   1598  221.92   40.00   2       112.37       112.38
  1599   1599  221.92   42.00   2       112.50       112.44
  1600   1600  221.92   44.00   2       112.35       112.35
  1622   1622  223.92   40.00   2       112.35       112.31
  1623   1623  223.92   38.00   2       112.37       112.31
  1624   1624  223.92   36.00   2       112.30       112.28
  1625   1625  223.92   34.00   2       112.40       112.34
  1626   1626  223.92   32.00   2       112.35       112.33
  1627   1627  223.92   30.00   2       112.43       112.37
  1628   1628  223.92   28.00   2       112.35       112.34
  1629   1629  223.92   26.00   2       112.50       112.43
  1630   1630  223.92   24.00   2       112.62       112.54
  1631   1631  223.92   22.00   2       112.57       112.52
  1632   1632  223.92   20.00   2       114.15       114.09
  1633   1633  223.92   18.00   2       119.20       119.16
  1634   1634  223.92   16.00   2       131.90       131.89
  1635   1635  223.92   14.00   2       159.90       159.90
  1636   1636  223.92   12.00   2       211.09       211.12
  1637   1637  223.92   10.00   2       288.41       288.56
  1638   1638  223.92    8.00   2       388.63       390.02
  1639   1639  223.92    6.00   2       505.92       507.11
  1640   1640  223.92    4.00   2       635.46       636.83
  1641   1641  223.92    2.00   2       769.50       769.64
  1642   1642  223.92    0.00   2       872.15       873.71
  1643   1643  225.92    0.00   2       112.66       112.66
  1644   1644  225.92    2.00   2       112.73       112.66
  1645   1645  225.92    4.00   2       112.59       112.57
  1646   1646  225.92    6.00   2       112.62       112.56
  1647   1647  225.92    8.00   2       113.11       112.87
  1648   1648  225.92   10.00   2       112.50       112.46
  1649   1649  225.92   12.00   2       112.82       112.67
  1650   1650  225.92   14.00   2       112.49       112.43
  1651   1651  225.92   16.00   2       112.39       112.34
  1652   1652  225.92   18.00   2       112.35       112.33
  1653   1653  225.92   20.00   2       112.41       112.35
  1654   1654  225.92   22.00   2       112.32       112.29
  1655   1655  225.92   24.00   2       112.36       112.30
  1656   1656  225.92   26.00   2       112.27       112.26
  1657   1657  225.92   28.00   2       112.35       112.29
  1658   1658  225.92   30.00   2       113.72       112.33
  1659   1659  225.92   32.00   2       112.30       112.25
  1660   1660  225.92   34.00   2       114.24       112.28
  1697   1697  227.92   26.00   2       112.27       112.21
  1698   1698  227.92   24.00   2       112.21       112.19
  1699   1699  227.92   22.00   2       112.33       112.26
  1700   1700  227.92   20.00   2       112.18       112.19
  1701   1701  227.92   18.00   2       112.32       112.25
  1702   1702  227.92   16.00   2       112.74       112.54
  1703   1703  227.92   14.00   2       112.31       112.26
  1704   1704  227.92   12.00   2       112.30       112.24
  1705   1705  227.92   10.00   2       112.24       112.24
  1706   1706  227.92    8.00   2       112.35       112.29
  1707   1707  227.92    6.00   2       112.30       112.29
  1708   1708  227.92    4.00   2       112.40       112.34
  1709   1709  227.92    2.00   2       112.32       112.31
  1710   1710  227.92    0.00   2       112.40       112.33
  1711   1711  229.92    0.00   2       112.19       112.19
  1712   1712  229.92    2.00   2       112.22       112.18
  1713   1713  229.92    4.00   2       112.23       112.20
  1714   1714  229.92    6.00   2       112.28       112.23
  1715   1715  229.92    8.00   2       112.19       112.18
  1716   1716  229.92   10.00   2       112.27       112.21
  1717   1717  229.92   12.00   2       114.23       112.24
# END: scan time was  10599.6633201  seconds
