# Sensor scan measurement of Sensor IR3
# Iin=    34.80 mA ,  Vin= 12136.90 mV, T=    18.93 C 
# scanRangeX 151.50 mm; scanRangeY  70.00 mm; stepSize   2.00 mm; initialOffset   4.00 mm; sensorX 155.00 mm; start position at (x|y)=( 26.00|  0.00) mm
# iStep, iStep, Pos x, Pos y, nMeas, Meas1 ... MeasN
     0      0   26.00    0.00   2       114.65       114.64
     1      1   26.00    2.00   2       114.63       114.62
     2      2   26.00    4.00   2       114.63       114.62
     3      3   26.00    6.00   2       114.63       114.63
     4      4   26.00    8.00   2       114.63       114.64
     5      5   26.00   10.00   2       114.64       114.64
     6      6   26.00   12.00   2       114.64       114.61
     7      7   26.00   14.00   2       114.64       114.63
     8      8   26.00   16.00   2       114.63       114.63
     9      9   26.00   18.00   2       114.63       114.63
    10     10   26.00   20.00   2       114.63       114.62
    11     11   26.00   22.00   2       114.64       114.63
    12     12   26.00    0.00   2       114.64       114.62
    13     13   26.00    2.00   2       114.63       114.63
    14     14   26.00    4.00   2       114.64       114.64
    15     15   26.00    6.00   2       114.63       114.64
    16     16   26.00    8.00   2       114.63       114.62
    17     17   26.00   10.00   2       114.62       114.61
    18     18   26.00   12.00   2       114.62       114.62
    19     19   26.00   14.00   2       114.62       114.63
    20     20   26.00   16.00   2       114.63       114.62
    21     21   26.00   18.00   2       114.63       114.62
    22     22   26.00   20.00   2       114.62       114.62
    23     23   26.00   22.00   2       114.64       114.63
    24     24   26.00   24.00   2       114.62       114.63
    25     25   26.00   26.00   2       114.63       114.62
    26     26   26.00   28.00   2       114.63       114.61
    27     27   26.00   30.00   2       114.62       114.62
    28     28   26.00   32.00   2       114.62       114.63
    29     29   26.00    0.00   2       114.64       114.64
    30     30   26.00    2.00   2       114.64       114.62
    31     31   26.00    4.00   2       114.63       114.62
    32     32   26.00    6.00   2       114.63       114.62
    33     33   26.00    8.00   2       114.63       114.64
    34     34   26.00   10.00   2       114.63       114.64
    35     35   26.00   12.00   2       114.63       114.61
    36     36   26.00   14.00   2       114.63       114.62
    37     37   26.00   16.00   2       114.62       114.62
    38     38   26.00   18.00   2       114.62       114.63
    39     39   26.00   20.00   2       114.62       114.61
    40     40   26.00   22.00   2       114.62       114.61
    41     41   26.00   24.00   2       114.63       114.63
    42     42   26.00   26.00   2       114.64       114.64
    43     43   26.00   28.00   2       114.62       114.62
    44     44   26.00   30.00   2       114.62       114.60
    45     45   26.00   32.00   2       114.62       114.61
    46     46   26.00   34.00   2       114.62       114.62
    47     47   26.00   36.00   2       114.64       114.63
    48     48   26.00   38.00   2       114.63       114.62
    49     49   26.00    0.00   2       114.63       114.64
    50     50   26.00    2.00   2       114.62       114.62
    51     51   26.00    4.00   2       114.63       114.62
    52     52   26.00    6.00   2       114.63       114.62
    53     53   26.00    8.00   2       114.63       114.63
    54     54   26.00   10.00   2       114.63       114.63
    55     55   26.00   12.00   2       114.62       114.63
    56     56   26.00   14.00   2       114.63       114.61
    57     57   26.00   16.00   2       114.63       114.63
    58     58   26.00   18.00   2       114.63       114.63
    59     59   26.00   20.00   2       114.62       114.64
    60     60   26.00   22.00   2       114.63       114.62
    61     61   26.00   24.00   2       114.64       114.62
    62     62   26.00   26.00   2       114.64       114.62
    63     63   26.00   28.00   2       114.61       114.62
    64     64   26.00   30.00   2       114.63       114.62
    65     65   26.00   32.00   2       114.63       114.62
    66     66   26.00   34.00   2       114.63       114.62
    67     67   26.00   36.00   2       114.62       114.63
    68     68   26.00   38.00   2       114.61       114.62
    69     69   26.00   40.00   2       114.62       114.61
    70     70   26.00   42.00   2       114.63       114.62
    71     71   26.00   44.00   2       114.62       114.63
    72     72   26.00    0.00   2       114.64       114.65
    73     73   26.00    2.00   2       114.63       114.64
    74     74   26.00    4.00   2       114.64       114.62
    75     75   26.00    6.00   2       114.64       114.63
    76     76   26.00    8.00   2       114.64       114.64
    77     77   26.00   10.00   2       114.63       114.64
    78     78   26.00   12.00   2       114.63       114.62
    79     79   26.00   14.00   2       114.63       114.62
    80     80   26.00   16.00   2       114.61       114.62
    81     81   26.00   18.00   2       114.62       114.63
    82     82   26.00   20.00   2       114.62       114.62
    83     83   26.00   22.00   2       114.63       114.61
    84     84   26.00   24.00   2       114.63       114.63
    85     85   26.00   26.00   2       114.63       114.63
    86     86   26.00   28.00   2       114.62       114.63
    87     87   26.00   30.00   2       114.63       114.61
    88     88   26.00   32.00   2       114.63       114.61
    89     89   26.00   34.00   2       114.63       114.63
    90     90   26.00   36.00   2       114.62       114.63
    91     91   26.00   38.00   2       114.62       114.61
    92     92   26.00   40.00   2       114.61       114.61
    93     93   26.00   42.00   2       114.63       114.62
    94     94   26.00   44.00   2       114.63       114.63
    95     95   26.00   46.00   2       114.63       114.63
    96     96   26.00   48.00   2       114.63       114.64
    97     97   26.00    0.00   2       114.64       114.63
    98     98   26.00    2.00   2       114.61       114.62
    99     99   26.00    4.00   2       114.63       114.61
   100    100   26.00    6.00   2       114.63       114.63
   101    101   26.00    8.00   2       114.64       114.64
   102    102   26.00   10.00   2       114.63       114.63
   103    103   26.00   12.00   2       114.63       114.61
   104    104   26.00   14.00   2       114.63       114.62
   105    105   26.00   16.00   2       114.62       114.62
   106    106   26.00   18.00   2       114.64       114.65
   107    107   26.00   20.00   2       114.62       114.62
   108    108   26.00   22.00   2       114.63       114.61
   109    109   26.00   24.00   2       114.63       114.62
   110    110   26.00   26.00   2       114.61       114.62
   111    111   26.00   28.00   2       114.62       114.64
   112    112   26.00   30.00   2       114.62       114.61
   113    113   26.00   32.00   2       114.62       114.61
   114    114   26.00   34.00   2       114.62       114.62
   115    115   26.00   36.00   2       114.62       114.62
   116    116   26.00   38.00   2       114.63       114.63
   117    117   26.00   40.00   2       114.62       114.60
   118    118   26.00   42.00   2       114.63       114.62
   119    119   26.00   44.00   2       114.62       114.62
   120    120   26.00   46.00   2       114.61       114.62
   121    121   26.00   48.00   2       114.62       114.63
   122    122   26.00   50.00   2       114.62       114.60
   123    123   26.00   52.00   2       114.62       114.61
   124    124   26.00    0.00   2       114.63       114.62
   125    125   26.00    2.00   2       114.63       114.63
   126    126   26.00    4.00   2       114.62       114.62
   127    127   26.00    6.00   2       114.62       114.63
   128    128   26.00    8.00   2       114.63       114.61
   129    129   26.00   10.00   2       114.62       114.61
   130    130   26.00   12.00   2       114.62       114.63
   131    131   26.00   14.00   2       114.62       114.61
   132    132   26.00   16.00   2       114.63       114.62
   133    133   26.00   18.00   2       114.62       114.60
   134    134   26.00   20.00   2       114.62       114.62
   135    135   26.00   22.00   2       114.62       114.63
   136    136   26.00   24.00   2       114.62       114.62
   137    137   26.00   26.00   2       114.63       114.61
   138    138   26.00   28.00   2       114.62       114.62
   139    139   26.00   30.00   2       114.63       114.63
   140    140   26.00   32.00   2       114.63       114.64
   141    141   26.00   34.00   2       114.62       114.60
   142    142   26.00   36.00   2       114.63       114.62
   143    143   26.00   38.00   2       114.62       114.62
   144    144   26.00   40.00   2       114.63       114.63
   145    145   26.00   42.00   2       114.62       114.63
   146    146   26.00   44.00   2       114.64       114.63
   147    147   26.00   46.00   2       114.64       114.62
   148    148   26.00   48.00   2       114.61       114.62
   149    149   26.00   50.00   2       114.62       114.63
   150    150   26.00   52.00   2       114.63       114.62
   151    151   26.00   54.00   2       114.62       114.61
   152    152   26.00    0.00   2       114.63       114.63
   153    153   26.00    2.00   2       114.62       114.62
   154    154   26.00    4.00   2       114.62       114.64
   155    155   26.00    6.00   2       114.63       114.62
   156    156   26.00    8.00   2       114.61       114.61
   157    157   26.00   10.00   2       114.63       114.63
   158    158   26.00   12.00   2       114.63       114.62
   159    159   26.00   14.00   2       114.61       114.62
   160    160   26.00   16.00   2       114.62       114.61
   161    161   26.00   18.00   2       114.62       114.61
   162    162   26.00   20.00   2       114.63       114.63
   163    163   26.00   22.00   2       114.62       114.63
   164    164   26.00   24.00   2       114.61       114.60
   165    165   26.00   26.00   2       114.63       114.61
   166    166   26.00   28.00   2       114.63       114.63
   167    167   26.00   30.00   2       114.62       114.62
   168    168   26.00   32.00   2       114.61       114.62
   169    169   26.00   34.00   2       114.63       114.61
   170    170   26.00   36.00   2       114.62       114.62
   171    171   26.00   38.00   2       114.63       114.63
   172    172   26.00   40.00   2       114.62       114.61
   173    173   26.00   42.00   2       114.61       114.61
   174    174   26.00   44.00   2       114.63       114.61
   175    175   26.00   46.00   2       114.61       114.61
   176    176   26.00   48.00   2       114.63       114.63
   177    177   26.00   50.00   2       114.61       114.63
   178    178   26.00   52.00   2       114.62       114.60
   179    179   26.00   54.00   2       114.61       114.60
   180    180   26.00   56.00   2       114.63       114.63
   181    181   26.00   58.00   2       114.62       114.62
   182    182   26.00    0.00   2       114.64       114.62
   183    183   26.00    2.00   2       114.61       114.62
   184    184   26.00    4.00   2       114.63       114.64
   185    185   26.00    6.00   2       114.62       114.62
   186    186   26.00    8.00   2       114.62       114.60
   187    187   26.00   10.00   2       114.63       114.62
   188    188   26.00   12.00   2       114.62       114.62
   189    189   26.00   14.00   2       114.62       114.63
   190    190   26.00   16.00   2       114.63       114.62
   191    191   26.00   18.00   2       114.62       114.61
   192    192   26.00   20.00   2       114.62       114.62
   193    193   26.00   22.00   2       114.61       114.61
   194    194   26.00   24.00   2       114.62       114.62
   195    195   26.00   26.00   2       114.62       114.60
   196    196   26.00   28.00   2       114.62       114.61
   197    197   26.00   30.00   2       114.63       114.64
   198    198   26.00   32.00   2       114.62       114.63
   199    199   26.00   34.00   2       114.62       114.61
   200    200   26.00   36.00   2       114.62       114.62
   201    201   26.00   38.00   2       114.62       114.62
   202    202   26.00   40.00   2       114.63       114.64
   203    203   26.00   42.00   2       114.62       114.62
   204    204   26.00   44.00   2       114.62       114.61
   205    205   26.00   46.00   2       114.63       114.62
   206    206   26.00   48.00   2       114.63       114.63
   207    207   26.00   50.00   2       114.62       114.63
   208    208   26.00   52.00   2       114.62       114.61
   209    209   26.00   54.00   2       114.62       114.61
   210    210   26.00   56.00   2       114.63       114.62
   211    211   26.00   58.00   2       114.62       114.63
   212    212   26.00   60.00   2       114.61       114.61
   213    213   26.00    0.00   2       114.63       114.62
   214    214   26.00    2.00   2       114.63       114.64
   215    215   26.00    4.00   2       114.60       114.59
   216    216   26.00    6.00   2       114.63       114.62
   217    217   26.00    8.00   2       114.62       114.62
   218    218   26.00   10.00   2       114.62       114.63
   219    219   26.00   12.00   2       114.62       114.63
   220    220   26.00   14.00   2       114.63       114.61
   221    221   26.00   16.00   2       114.64       114.63
   222    222   26.00   18.00   2       114.63       114.63
   223    223   26.00   20.00   2       114.62       114.63
   224    224   26.00   22.00   2       114.61       114.61
   225    225   26.00   24.00   2       114.63       114.61
   226    226   26.00   26.00   2       114.62       114.62
   227    227   26.00   28.00   2       114.63       114.63
   228    228   26.00   30.00   2       114.62       114.61
   229    229   26.00   32.00   2       114.63       114.62
   230    230   26.00   34.00   2       114.64       114.62
   231    231   26.00   36.00   2       114.62       114.62
   232    232   26.00   38.00   2       114.62       114.63
   233    233   26.00   40.00   2       114.61       114.61
   234    234   26.00   42.00   2       114.62       114.61
   235    235   26.00   44.00   2       114.63       114.62
   236    236   26.00   46.00   2       114.62       114.63
   237    237   26.00   48.00   2       114.62       114.63
   238    238   26.00   50.00   2       114.63       114.63
   239    239   26.00   52.00   2       114.63       114.61
   240    240   26.00   54.00   2       114.61       114.61
   241    241   26.00   56.00   2       114.61       114.62
   242    242   26.00   58.00   2       114.63       114.64
   243    243   26.00   60.00   2       114.63       114.61
   244    244   26.00   62.00   2       114.63       114.62
   245    245   26.00    0.00   2       114.65       114.63
   246    246   26.00    2.00   2       114.63       114.64
   247    247   26.00    4.00   2       114.61       114.62
   248    248   26.00    6.00   2       114.63       114.61
   249    249   26.00    8.00   2       114.62       114.62
   250    250   26.00   10.00   2       114.62       114.62
   251    251   26.00   12.00   2       114.62       114.62
   252    252   26.00   14.00   2       114.62       114.63
   253    253   26.00   16.00   2       114.62       114.60
   254    254   26.00   18.00   2       114.62       114.61
   255    255   26.00   20.00   2       114.62       114.62
   256    256   26.00   22.00   2       114.61       114.62
   257    257   26.00   24.00   2       114.62       114.61
   258    258   26.00   26.00   2       114.63       114.62
   259    259   26.00   28.00   2       114.61       114.60
   260    260   26.00   30.00   2       114.62       114.63
   261    261   26.00   32.00   2       114.63       114.63
   262    262   26.00   34.00   2       114.62       114.60
   263    263   26.00   36.00   2       114.63       114.61
   264    264   26.00   38.00   2       114.63       114.62
   265    265   26.00   40.00   2       114.63       114.63
   266    266   26.00   42.00   2       114.62       114.62
   267    267   26.00   44.00   2       114.62       114.60
   268    268   26.00   46.00   2       114.64       114.62
   269    269   26.00   48.00   2       114.62       114.63
   270    270   26.00   50.00   2       114.62       114.63
   271    271   26.00   52.00   2       114.63       114.62
   272    272   26.00   54.00   2       114.62       114.62
   273    273   26.00   56.00   2       114.63       114.63
   274    274   26.00   58.00   2       114.61       114.61
   275    275   26.00   60.00   2       114.61       114.62
   276    276   26.00   62.00   2       114.63       114.61
   277    277   26.00   64.00   2       114.63       114.62
   278    278   26.00    0.00   2       114.63       114.61
   279    279   26.00    2.00   2       114.61       114.61
   280    280   26.00    4.00   2       114.61       114.62
   281    281   26.00    6.00   2       114.63       114.64
   282    282   26.00    8.00   2       114.63       114.61
   283    283   26.00   10.00   2       114.63       114.63
   284    284   26.00   12.00   2       114.62       114.63
   285    285   26.00   14.00   2       114.63       114.64
   286    286   26.00   16.00   2       114.62       114.62
   287    287   26.00   18.00   2       114.62       114.61
   288    288   26.00   20.00   2       114.63       114.62
   289    289   26.00   22.00   2       114.60       114.61
   290    290   26.00   24.00   2       114.62       114.62
   291    291   26.00   26.00   2       114.63       114.62
   292    292   26.00   28.00   2       114.61       114.61
   293    293   26.00   30.00   2       114.62       114.62
   294    294   26.00   32.00   2       114.62       114.63
   295    295   26.00   34.00   2       114.62       114.62
   296    296   26.00   36.00   2       114.63       114.61
   297    297   26.00   38.00   2       114.62       114.62
   298    298   26.00   40.00   2       114.62       114.63
   299    299   26.00   42.00   2       114.62       114.62
   300    300   26.00   44.00   2       114.64       114.62
   301    301   26.00   46.00   2       114.63       114.62
   302    302   26.00   48.00   2       114.62       114.63
   303    303   26.00   50.00   2       114.62       114.63
   304    304   26.00   52.00   2       114.62       114.61
   305    305   26.00   54.00   2       114.61       114.60
   306    306   26.00   56.00   2       114.63       114.62
   307    307   26.00   58.00   2       114.62       114.61
   308    308   26.00   60.00   2       114.62       114.63
   309    309   26.00   62.00   2       114.63       114.61
   310    310   26.00   64.00   2       114.62       114.60
   311    311   26.00   66.00   2       114.62       114.63
   312    312   26.00    0.00   2       114.63       114.63
   313    313   26.00    2.00   2       114.62       114.60
   314    314   26.00    4.00   2       114.62       114.61
   315    315   26.00    6.00   2       114.63       114.63
   316    316   26.00    8.00   2       114.63       114.63
   317    317   26.00   10.00   2       114.61       114.61
   318    318   26.00   12.00   2       114.61       114.59
   319    319   26.00   14.00   2       114.60       114.60
   320    320   26.00   16.00   2       114.63       114.63
   321    321   26.00   18.00   2       114.63       114.64
   322    322   26.00   20.00   2       114.62       114.61
   323    323   26.00   22.00   2       114.62       114.61
   324    324   26.00   24.00   2       114.63       114.63
   325    325   26.00   26.00   2       114.63       114.62
   326    326   26.00   28.00   2       114.62       114.63
   327    327   26.00   30.00   2       114.63       114.60
   328    328   26.00   32.00   2       114.62       114.61
   329    329   26.00   34.00   2       114.62       114.62
   330    330   26.00   36.00   2       114.62       114.63
   331    331   26.00   38.00   2       114.63       114.62
   332    332   26.00   40.00   2       114.62       114.61
   333    333   26.00   42.00   2       114.63       114.63
   334    334   26.00   44.00   2       114.62       114.63
   335    335   26.00   46.00   2       114.62       114.62
   336    336   26.00   48.00   2       114.63       114.62
   337    337   26.00   50.00   2       114.63       114.62
   338    338   26.00   52.00   2       114.63       114.63
   339    339   26.00   54.00   2       114.62       114.62
   340    340   26.00   56.00   2       114.63       114.62
   341    341   26.00   58.00   2       114.62       114.61
   342    342   26.00   60.00   2       114.62       114.62
   343    343   26.00   62.00   2       114.63       114.64
   344    344   26.00   64.00   2       114.62       114.62
   345    345   26.00   66.00   2       114.62       114.60
   346    346   26.00    0.00   2       114.65       114.63
   347    347   26.00    2.00   2       114.61       114.62
   348    348   26.00    4.00   2       114.63       114.64
   349    349   26.00    6.00   2       114.63       114.63
   350    350   26.00    8.00   2       114.63       114.61
   351    351   26.00   10.00   2       114.62       114.62
   352    352   26.00   12.00   2       114.62       114.62
   353    353   26.00   14.00   2       114.63       114.64
   354    354   26.00   16.00   2       114.63       114.61
   355    355   26.00   18.00   2       114.63       114.62
   356    356   26.00   20.00   2       114.62       114.62
   357    357   26.00   22.00   2       114.63       114.62
   358    358   26.00   24.00   2       114.63       114.62
   359    359   26.00   26.00   2       114.63       114.61
   360    360   26.00   28.00   2       114.62       114.62
   361    361   26.00   30.00   2       114.62       114.61
   362    362   26.00   32.00   2       114.62       114.63
   363    363   26.00   34.00   2       114.63       114.62
   364    364   26.00   36.00   2       114.62       114.61
   365    365   26.00   38.00   2       114.63       114.63
   366    366   26.00   40.00   2       114.63       114.63
   367    367   26.00   42.00   2       114.62       114.62
   368    368   26.00   44.00   2       114.62       114.61
   369    369   26.00   46.00   2       114.63       114.63
   370    370   26.00   48.00   2       114.62       114.61
   371    371   26.00   50.00   2       114.62       114.62
   372    372   26.00   52.00   2       114.63       114.61
   373    373   26.00   54.00   2       114.61       114.60
   374    374   26.00   56.00   2       114.62       114.61
   375    375   26.00   58.00   2       114.61       114.61
   376    376   26.00   60.00   2       114.61       114.61
   377    377   26.00   62.00   2       114.61       114.60
   378    378   26.00   64.00   2       114.63       114.62
   379    379   26.00   66.00   2       114.62       114.62
   380    380   26.00   68.00   2       114.60       114.61
   381    381   26.00    0.00   2       114.64       114.63
   382    382   26.00    2.00   2       114.62       114.61
   383    383   26.00    4.00   2       114.62       114.63
   384    384   26.00    6.00   2       114.61       114.62
   385    385   26.00    8.00   2       114.62       114.60
   386    386   26.00   10.00   2       114.61       114.61
   387    387   26.00   12.00   2       114.63       114.63
   388    388   26.00   14.00   2       114.61       114.62
   389    389   26.00   16.00   2       114.62       114.61
   390    390   26.00   18.00   2       114.62       114.61
   391    391   26.00   20.00   2       114.61       114.61
   392    392   26.00   22.00   2       114.62       114.63
   393    393   26.00   24.00   2       114.61       114.63
   394    394   26.00   26.00   2       114.63       114.61
   395    395   26.00   28.00   2       114.60       114.59
   396    396   26.00   30.00   2       114.62       114.61
   397    397   26.00   32.00   2       114.63       114.63
   398    398   26.00   34.00   2       114.62       114.63
   399    399   26.00   36.00   2       114.61       114.59
   400    400   26.00   38.00   2       114.62       114.61
   401    401   26.00   40.00   2       114.61       114.62
   402    402   26.00   42.00   2       114.62       114.63
   403    403   26.00   44.00   2       114.62       114.61
   404    404   26.00   46.00   2       114.61       114.60
   405    405   26.00   48.00   2       114.61       114.60
   406    406   26.00   50.00   2       114.61       114.62
   407    407   26.00   52.00   2       114.62       114.63
   408    408   26.00   54.00   2       114.62       114.60
   409    409   26.00   56.00   2       114.62       114.61
   410    410   26.00   58.00   2       114.61       114.61
   411    411   26.00   60.00   2       114.61       114.62
   412    412   26.00   62.00   2       114.61       114.60
   413    413   26.00   64.00   2       114.61       114.60
   414    414   26.00   66.00   2       114.62       114.62
   415    415   26.00   68.00   2       114.62       114.62
   416    416   26.00    0.00   2       114.63       114.61
   417    417   26.00    2.00   2       114.63       114.63
   418    418   26.00    4.00   2       114.62       114.63
   419    419   26.00    6.00   2       114.62       114.63
   420    420   26.00    8.00   2       114.61       114.60
   421    421   26.00   10.00   2       114.62       114.60
   422    422   26.00   12.00   2       114.62       114.62
   423    423   26.00   14.00   2       114.64       114.64
   424    424   26.00   16.00   2       114.63       114.62
   425    425   26.00   18.00   2       114.61       114.60
   426    426   26.00   20.00   2       114.61       114.61
   427    427   26.00   22.00   2       114.61       114.62
   428    428   26.00   24.00   2       114.61       114.62
   429    429   26.00   26.00   2       114.62       114.60
   430    430   26.00   28.00   2       114.61       114.61
   431    431   26.00   30.00   2       114.63       114.63
   432    432   26.00   32.00   2       114.63       114.64
   433    433   26.00   34.00   2       114.63       114.62
   434    434   26.00   36.00   2       114.63       114.62
   435    435   26.00   38.00   2       114.62       114.62
   436    436   26.00   40.00   2       114.63       114.63
   437    437   26.00   42.00   2       114.62       114.61
   438    438   26.00   44.00   2       114.62       114.60
   439    439   26.00   46.00   2       114.61       114.61
   440    440   26.00   48.00   2       114.62       114.62
   441    441   26.00   50.00   2       114.61       114.63
   442    442   26.00   52.00   2       114.63       114.62
   443    443   26.00   54.00   2       114.63       114.61
   444    444   26.00   56.00   2       114.61       114.61
   445    445   26.00   58.00   2       114.62       114.63
   446    446   26.00   60.00   2       114.62       114.63
   447    447   26.00   62.00   2       114.62       114.60
   448    448   26.00   64.00   2       114.62       114.61
   449    449   26.00   66.00   2       114.62       114.62
   450    450   26.00   68.00   2       114.62       114.64
   451    451   26.00    0.00   2       114.64       114.63
   452    452   26.00    2.00   2       114.62       114.61
   453    453   26.00    4.00   2       114.62       114.62
   454    454   26.00    6.00   2       114.62       114.63
   455    455   26.00    8.00   2       114.62       114.60
   456    456   26.00   10.00   2       114.63       114.62
   457    457   26.00   12.00   2       114.62       114.62
   458    458   26.00   14.00   2       114.62       114.63
   459    459   26.00   16.00   2       114.62       114.61
   460    460   26.00   18.00   2       114.62       114.61
   461    461   26.00   20.00   2       114.63       114.63
   462    462   26.00   22.00   2       114.63       114.64
   463    463   26.00   24.00   2       114.63       114.63
   464    464   26.00   26.00   2       114.62       114.60
   465    465   26.00   28.00   2       114.62       114.62
   466    466   26.00   30.00   2       114.62       114.63
   467    467   26.00   32.00   2       114.63       114.64
   468    468   26.00   34.00   2       114.62       114.61
   469    469   26.00   36.00   2       114.63       114.61
   470    470   26.00   38.00   2       114.62       114.62
   471    471   26.00   40.00   2       114.62       114.61
   472    472   26.00   42.00   2       114.61       114.61
   473    473   26.00   44.00   2       114.62       114.60
   474    474   26.00   46.00   2       114.62       114.62
   475    475   26.00   48.00   2       114.63       114.62
   476    476   26.00   50.00   2       114.61       114.63
   477    477   26.00   52.00   2       114.63       114.61
   478    478   26.00   54.00   2       114.62       114.61
   479    479   26.00   56.00   2       114.63       114.63
   480    480   26.00   58.00   2       114.61       114.62
   481    481   26.00   60.00   2       114.61       114.61
   482    482   26.00   62.00   2       114.62       114.61
   483    483   26.00   64.00   2       114.62       114.62
   484    484   26.00   66.00   2       114.61       114.62
   485    485   26.00   68.00   2       114.61       114.62
   486    486   26.00    0.00   2       114.64       114.63
   487    487   26.00    2.00   2       114.62       114.63
   488    488   26.00    4.00   2       114.63       114.63
   489    489   26.00    6.00   2       114.62       114.60
   490    490   26.00    8.00   2       114.63       114.60
   491    491   26.00   10.00   2       114.63       114.61
   492    492   26.00   12.00   2       114.62       114.63
   493    493   26.00   14.00   2       114.61       114.60
   494    494   26.00   16.00   2       114.61       114.60
   495    495   26.00   18.00   2       114.62       114.61
   496    496   26.00   20.00   2       114.62       114.63
   497    497   26.00   22.00   2       114.61       114.61
   498    498   26.00   24.00   2       114.60       114.58
   499    499   26.00   26.00   2       114.62       114.61
   500    500   26.00   28.00   2       114.62       114.62
   501    501   26.00   30.00   2       114.62       114.63
   502    502   26.00   32.00   2       114.61       114.61
   503    503   26.00   34.00   2       114.61       114.61
   504    504   26.00   36.00   2       114.62       114.61
   505    505   26.00   38.00   2       114.61       114.62
   506    506   26.00   40.00   2       114.61       114.62
   507    507   26.00   42.00   2       114.63       114.61
   508    508   26.00   44.00   2       114.63       114.62
   509    509   26.00   46.00   2       114.63       114.62
   510    510   26.00   48.00   2       114.62       114.63
   511    511   26.00   50.00   2       114.61       114.60
   512    512   26.00   52.00   2       114.62       114.60
   513    513   26.00   54.00   2       114.62       114.62
   514    514   26.00   56.00   2       114.61       114.60
   515    515   26.00   58.00   2       114.61       114.62
   516    516   26.00   60.00   2       114.63       114.60
   517    517   26.00   62.00   2       114.62       114.61
   518    518   26.00   64.00   2       114.61       114.62
   519    519   26.00   66.00   2       114.60       114.61
   520    520   26.00   68.00   2       114.60       114.61
   521    521   26.00    0.00   2       114.64       114.63
   522    522   26.00    2.00   2       114.62       114.61
   523    523   26.00    4.00   2       114.60       114.62
   524    524   26.00    6.00   2       114.62       114.61
   525    525   26.00    8.00   2       114.62       114.61
   526    526   26.00   10.00   2       114.62       114.63
   527    527   26.00   12.00   2       114.62       114.63
   528    528   26.00   14.00   2       114.62       114.61
   529    529   26.00   16.00   2       114.62       114.60
   530    530   26.00   18.00   2       114.62       114.62
   531    531   26.00   20.00   2       114.63       114.62
   532    532   26.00   22.00   2       114.62       114.63
   533    533   26.00   24.00   2       114.61       114.59
   534    534   26.00   26.00   2       114.61       114.60
   535    535   26.00   28.00   2       114.61       114.61
   536    536   26.00   30.00   2       114.61       114.62
   537    537   26.00   32.00   2       114.61       114.60
   538    538   26.00   34.00   2       114.61       114.59
   539    539   26.00   36.00   2       114.60       114.60
   540    540   26.00   38.00   2       114.61       114.62
   541    541   26.00   40.00   2       114.60       114.61
   542    542   26.00   42.00   2       114.62       114.61
   543    543   26.00   44.00   2       114.61       114.60
   544    544   26.00   46.00   2       114.62       114.62
   545    545   26.00   48.00   2       114.61       114.62
   546    546   26.00   50.00   2       114.62       114.62
   547    547   26.00   52.00   2       114.61       114.60
   548    548   26.00   54.00   2       114.63       114.62
   549    549   26.00   56.00   2       114.62       114.62
   550    550   26.00   58.00   2       114.62       114.62
   551    551   26.00   60.00   2       114.61       114.60
   552    552   26.00   62.00   2       114.61       114.60
   553    553   26.00   64.00   2       114.62       114.62
   554    554   26.00   66.00   2       114.61       114.62
   555    555   26.00   68.00   2       114.61       114.62
   556    556   26.00    0.00   2       114.61       114.61
   557    557   26.00    2.00   2       114.61       114.61
   558    558   26.00    4.00   2       114.61       114.62
   559    559   26.00    6.00   2       114.61       114.59
   560    560   26.00    8.00   2       114.63       114.62
   561    561   26.00   10.00   2       114.63       114.63
   562    562   26.00   12.00   2       114.61       114.62
   563    563   26.00   14.00   2       114.61       114.60
   564    564   26.00   16.00   2       114.62       114.61
   565    565   26.00   18.00   2       114.61       114.60
   566    566   26.00   20.00   2       114.62       114.63
   567    567   26.00   22.00   2       114.62       114.63
   568    568   26.00   24.00   2       114.63       114.61
   569    569   26.00   26.00   2       114.62       114.60
   570    570   26.00   28.00   2       114.62       114.62
   571    571   26.00   30.00   2       114.61       114.63
   572    572   26.00   32.00   2       114.62       114.61
   573    573   26.00   34.00   2       114.62       114.61
   574    574   26.00   36.00   2       114.63       114.62
   575    575   26.00   38.00   2       114.62       114.63
   576    576   26.00   40.00   2       114.62       114.62
   577    577   26.00   42.00   2       114.61       114.59
   578    578   26.00   44.00   2       114.62       114.61
   579    579   26.00   46.00   2       114.62       114.62
   580    580   26.00   48.00   2       114.62       114.62
   581    581   26.00   50.00   2       114.61       114.60
   582    582   26.00   52.00   2       114.62       114.61
   583    583   26.00   54.00   2       114.62       114.62
   584    584   26.00   56.00   2       114.62       114.62
   585    585   26.00   58.00   2       114.61       114.61
   586    586   26.00   60.00   2       114.61       114.60
   587    587   26.00   62.00   2       114.61       114.60
   588    588   26.00   64.00   2       114.61       114.61
   589    589   26.00   66.00   2       114.62       114.63
   590    590   26.00   68.00   2       114.62       114.62
   591    591   26.00    0.00   2       114.58       114.60
   592    592   26.00    2.00   2       112.21       114.59
   593    593   26.00    4.00   2       114.25       114.38
   594    594   26.00    6.00   2       111.88       114.61
   595    595   26.00    8.00   2       113.53       114.71
   596    596   26.00   10.00   2       111.90       114.63
   597    597   26.00   12.00   2       111.97       114.58
   598    598   26.00   14.00   2       114.68       114.65
   599    599   26.00   16.00   2       111.79       114.55
   600    600   26.00   18.00   2       114.65       114.64
   601    601   26.00   20.00   2       114.62       114.62
   602    602   26.00   22.00   2       114.62       114.61
   603    603   26.00   24.00   2       114.61       114.61
   604    604   26.00   26.00   2       114.62       114.62
   605    605   26.00   28.00   2       114.62       114.63
   606    606   26.00   30.00   2       114.62       114.62
   607    607   26.00   32.00   2       114.64       114.61
   608    608   26.00   34.00   2       114.62       114.61
   609    609   26.00   36.00   2       114.60       114.61
   610    610   26.00   38.00   2       114.62       114.63
   611    611   26.00   40.00   2       114.62       114.61
   612    612   26.00   42.00   2       114.61       114.62
   613    613   26.00   44.00   2       114.62       114.61
   614    614   26.00   46.00   2       114.62       114.62
   615    615   26.00   48.00   2       114.61       114.62
   616    616   26.00   50.00   2       114.63       114.62
   617    617   26.00   52.00   2       114.62       114.62
   618    618   26.00   54.00   2       114.62       114.62
   619    619   26.00   56.00   2       114.62       114.62
   620    620   26.00   58.00   2       114.62       114.61
   621    621   26.00   60.00   2       114.63       114.61
   622    622   26.00   62.00   2       114.61       114.60
   623    623   26.00   64.00   2       114.62       114.62
   624    624   26.00   66.00   2       114.62       114.63
   625    625   26.00   68.00   2       114.62       114.61
   626    626   26.00    0.00   2       113.50       114.73
   627    627   26.00    2.00   2       111.90       114.63
   628    628   26.00    4.00   2       112.96       114.57
   629    629   26.00    6.00   2       114.66       114.64
   630    630   26.00    8.00   2       111.76       114.55
   631    631   26.00   10.00   2       114.67       114.66
   632    632   26.00   12.00   2       112.14       114.50
   633    633   26.00   14.00   2       114.66       114.65
   634    634   26.00   16.00   2       112.11       114.53
   635    635   26.00   18.00   2       114.60       114.62
   636    636   26.00   20.00   2       111.85       114.59
   637    637   26.00   22.00   2       114.41       114.49
   638    638   26.00   24.00   2       111.87       114.64
   639    639   26.00   26.00   2       113.96       114.19
   640    640   26.00   28.00   2       114.66       114.64
   641    641   26.00   30.00   2       111.95       114.57
   642    642   26.00   32.00   2       114.62       114.61
   643    643   26.00   34.00   2       114.62       114.63
   644    644   26.00   36.00   2       114.62       114.62
   645    645   26.00   38.00   2       114.63       114.63
   646    646   26.00   40.00   2       114.62       114.60
   647    647   26.00   42.00   2       114.62       114.61
   648    648   26.00   44.00   2       114.62       114.63
   649    649   26.00   46.00   2       114.61       114.63
   650    650   26.00   48.00   2       114.62       114.61
   651    651   26.00   50.00   2       114.62       114.60
   652    652   26.00   52.00   2       114.62       114.62
   653    653   26.00   54.00   2       114.63       114.63
   654    654   26.00   56.00   2       114.63       114.64
   655    655   26.00   58.00   2       114.61       114.60
   656    656   26.00   60.00   2       114.62       114.61
   657    657   26.00   62.00   2       114.62       114.63
   658    658   26.00   64.00   2       114.62       114.62
   659    659   26.00   66.00   2       114.61       114.61
   660    660   26.00    0.00   2       114.63       114.63
   661    661   26.00    2.00   2       112.02       114.51
   662    662   26.00    4.00   2       114.64       114.63
   663    663   26.00    6.00   2       111.86       114.58
   664    664   26.00    8.00   2       114.43       114.49
   665    665   26.00   10.00   2       111.85       114.60
   666    666   26.00   12.00   2       113.92       114.16
   667    667   26.00   14.00   2       114.68       114.65
   668    668   26.00   16.00   2       113.66       114.67
   669    669   26.00   18.00   2       111.89       114.63
   670    670   26.00   20.00   2       113.35       114.62
   671    671   26.00   22.00   2       114.66       114.64
   672    672   26.00   24.00   2       112.04       114.52
   673    673   26.00   26.00   2       114.66       114.64
   674    674   26.00   28.00   2       111.80       114.59
   675    675   26.00   30.00   2       114.47       114.52
   676    676   26.00   32.00   2       112.17       114.58
   677    677   26.00   34.00   2       113.98       114.20
   678    678   26.00   36.00   2       111.87       114.60
   679    679   26.00   38.00   2       114.61       114.62
   680    680   26.00   40.00   2       114.62       114.63
   681    681   26.00   42.00   2       114.62       114.61
   682    682   26.00   44.00   2       114.61       114.61
   683    683   26.00   46.00   2       114.62       114.62
   684    684   26.00   48.00   2       114.61       114.61
   685    685   26.00   50.00   2       114.62       114.63
   686    686   26.00   52.00   2       114.62       114.60
   687    687   26.00   54.00   2       114.63       114.63
   688    688   26.00   56.00   2       114.62       114.63
   689    689   26.00   58.00   2       114.62       114.63
   690    690   26.00   60.00   2       114.62       114.61
   691    691   26.00   62.00   2       114.61       114.61
   692    692   26.00   64.00   2       114.62       114.61
   693    693   26.00   66.00   2       114.62       114.63
   694    694   26.00    0.00   2       112.01       114.57
   695    695   26.00    2.00   2       114.36       114.46
   696    696   26.00    4.00   2       111.85       114.58
   697    697   26.00    6.00   2       114.14       114.31
   698    698   26.00    8.00   2       111.87       114.65
   699    699   26.00   10.00   2       112.00       114.61
   700    700   26.00   12.00   2       114.64       114.63
   701    701   26.00   14.00   2       111.87       114.52
   702    702   26.00   16.00   2       114.67       114.64
   703    703   26.00   18.00   2       111.77       114.57
   704    704   26.00   20.00   2       114.51       114.56
   705    705   26.00   22.00   2       111.98       114.61
   706    706   26.00   24.00   2       114.22       114.36
   707    707   26.00   26.00   2       111.87       114.58
   708    708   26.00   28.00   2       113.89       114.13
   709    709   26.00   30.00   2       114.66       114.64
   710    710   26.00   32.00   2       111.90       114.56
   711    711   26.00   34.00   2       114.64       114.63
   712    712   26.00   36.00   2       111.88       114.51
   713    713   26.00   38.00   2       114.64       114.64
   714    714   26.00   40.00   2       111.97       114.57
   715    715   26.00   42.00   2       114.45       114.51
   716    716   26.00   44.00   2       114.61       114.60
   717    717   26.00   46.00   2       114.62       114.60
   718    718   26.00   48.00   2       114.61       114.61
   719    719   26.00   50.00   2       114.61       114.62
   720    720   26.00   52.00   2       114.60       114.61
   721    721   26.00   54.00   2       114.60       114.59
   722    722   26.00   56.00   2       114.62       114.61
   723    723   26.00   58.00   2       114.62       114.62
   724    724   26.00   60.00   2       114.61       114.63
   725    725   26.00   62.00   2       114.62       114.62
   726    726   26.00   64.00   2       114.61       114.60
   727    727   26.00    0.00   2       111.91       114.63
   728    728   26.00    2.00   2       113.14       114.59
   729    729   26.00    4.00   2       114.65       114.63
   730    730   26.00    6.00   2       112.09       114.54
   731    731   26.00    8.00   2       114.65       114.64
   732    732   26.00   10.00   2       112.13       114.53
   733    733   26.00   12.00   2       114.63       114.63
   734    734   26.00   14.00   2       111.90       114.60
   735    735   26.00   16.00   2       114.57       114.59
   736    736   26.00   18.00   2       111.87       114.61
   737    737   26.00   20.00   2       114.44       114.51
   738    738   26.00   22.00   2       111.85       114.62
   739    739   26.00   24.00   2       114.08       114.27
   740    740   26.00   26.00   2       111.90       114.61
   741    741   26.00   28.00   2       113.66       113.99
   742    742   26.00   30.00   2       114.64       114.63
   743    743   26.00   32.00   2       113.04       114.53
   744    744   26.00   34.00   2       114.62       114.61
   745    745   26.00   36.00   2       112.14       114.53
   746    746   26.00   38.00   2       114.65       114.64
   747    747   26.00   40.00   2       111.87       114.58
   748    748   26.00   42.00   2       114.38       114.47
   749    749   26.00   44.00   2       111.85       114.58
   750    750   26.00   46.00   2       113.93       114.17
   751    751   26.00   48.00   2       114.59       114.58
   752    752   26.00   50.00   2       114.61       114.60
   753    753   26.00   52.00   2       114.61       114.61
   754    754   26.00   54.00   2       114.61       114.62
   755    755   26.00   56.00   2       114.61       114.60
   756    756   26.00   58.00   2       114.62       114.61
   757    757   26.00   60.00   2       114.61       114.61
   758    758   26.00   62.00   2       114.61       114.63
   759    759   26.00    0.00   2       113.63       114.03
   760    760   26.00    2.00   2       111.92       114.61
   761    761   26.00    4.00   2       111.84       114.56
   762    762   26.00    6.00   2       114.67       114.64
   763    763   26.00    8.00   2       112.08       114.52
   764    764   26.00   10.00   2       114.63       114.63
   765    765   26.00   12.00   2       111.89       114.53
   766    766   26.00   14.00   2       114.54       114.57
   767    767   26.00   16.00   2       112.15       114.56
   768    768   26.00   18.00   2       114.56       114.58
   769    769   26.00   20.00   2       111.85       114.63
   770    770   26.00   22.00   2       113.78       114.75
   771    771   26.00   24.00   2       111.89       114.64
   772    772   26.00   26.00   2       113.17       114.56
   773    773   26.00   28.00   2       114.68       114.66
   774    774   26.00   30.00   2       111.98       114.52
   775    775   26.00   32.00   2       114.64       114.65
   776    776   26.00   34.00   2       112.15       114.56
   777    777   26.00   36.00   2       114.54       114.57
   778    778   26.00   38.00   2       112.13       114.61
   779    779   26.00   40.00   2       114.13       114.30
   780    780   26.00   42.00   2       111.86       114.62
   781    781   26.00   44.00   2       113.86       114.11
   782    782   26.00   46.00   2       111.91       114.65
   783    783   26.00   48.00   2       113.24       114.58
   784    784   26.00   50.00   2       114.63       114.63
   785    785   26.00   52.00   2       114.61       114.62
   786    786   26.00   54.00   2       114.61       114.60
   787    787   26.00   56.00   2       114.61       114.60
   788    788   26.00   58.00   2       114.61       114.61
   789    789   26.00   60.00   2       114.61       114.62
   790    790   26.00    0.00   2       114.66       114.65
   791    791   26.00    2.00   2       111.97       114.53
   792    792   26.00    4.00   2       114.59       114.60
   793    793   26.00    6.00   2       111.86       114.56
   794    794   26.00    8.00   2       114.33       114.43
   795    795   26.00   10.00   2       111.84       114.62
   796    796   26.00   12.00   2       113.67       114.73
   797    797   26.00   14.00   2       111.87       114.67
   798    798   26.00   16.00   2       113.10       114.55
   799    799   26.00   18.00   2       114.63       114.62
   800    800   26.00   20.00   2       111.86       114.54
   801    801   26.00   22.00   2       114.65       114.63
   802    802   26.00   24.00   2       111.87       114.55
   803    803   26.00   26.00   2       114.46       114.52
   804    804   26.00   28.00   2       111.95       114.59
   805    805   26.00   30.00   2       114.02       114.23
   806    806   26.00   32.00   2       111.86       114.63
   807    807   26.00   34.00   2       113.62       114.67
   808    808   26.00   36.00   2       114.65       114.65
   809    809   26.00   38.00   2       111.84       114.58
   810    810   26.00   40.00   2       114.65       114.64
   811    811   26.00   42.00   2       111.77       114.54
   812    812   26.00   44.00   2       114.63       114.63
   813    813   26.00   46.00   2       111.72       114.53
   814    814   26.00   48.00   2       114.63       114.64
   815    815   26.00   50.00   2       111.85       114.57
   816    816   26.00   52.00   2       114.27       114.39
   817    817   26.00   54.00   2       112.12       114.59
   818    818   26.00   56.00   2       114.60       114.60
   819    819   26.00   58.00   2       114.61       114.62
   820    820   26.00    0.00   2       114.64       114.64
   821    821   26.00    2.00   2       111.87       114.56
   822    822   26.00    4.00   2       114.64       114.62
   823    823   26.00    6.00   2       111.78       114.55
   824    824   26.00    8.00   2       114.64       114.64
   825    825   26.00   10.00   2       111.81       114.59
   826    826   26.00   12.00   2       114.40       114.50
   827    827   26.00   14.00   2       112.00       114.59
   828    828   26.00   16.00   2       114.28       114.39
   829    829   26.00   18.00   2       111.85       114.60
   830    830   26.00   20.00   2       113.66       114.68
   831    831   26.00   22.00   2       111.91       114.62
   832    832   26.00   24.00   2       112.89       114.60
   833    833   26.00   26.00   2       111.91       114.60
   834    834   26.00   28.00   2       113.11       114.52
   835    835   26.00   30.00   2       114.68       114.65
   836    836   26.00   32.00   2       112.07       114.52
   837    837   26.00   34.00   2       114.64       114.63
   838    838   26.00   36.00   2       112.00       114.55
   839    839   26.00   38.00   2       114.58       114.59
   840    840   26.00   40.00   2       112.18       114.56
   841    841   26.00   42.00   2       114.43       114.50
   842    842   26.00   44.00   2       111.85       114.62
   843    843   26.00   46.00   2       114.14       114.32
   844    844   26.00   48.00   2       111.88       114.60
   845    845   26.00   50.00   2       113.54       114.57
   846    846   26.00   52.00   2       114.64       114.63
   847    847   26.00   54.00   2       112.07       114.53
   848    848   26.00   56.00   2       114.64       114.63
   850    850   26.00    0.00   2       114.64       114.63
   851    851   26.00    2.00   2       112.12       114.54
   852    852   26.00    4.00   2       114.59       114.61
   853    853   26.00    6.00   2       112.10       114.57
   854    854   26.00    8.00   2       114.36       114.46
   855    855   26.00   10.00   2       111.88       114.60
   856    856   26.00   12.00   2       114.12       114.28
   857    857   26.00   14.00   2       114.70       114.67
   858    858   26.00   16.00   2       113.40       114.60
   859    859   26.00   18.00   2       114.66       114.65
   860    860   26.00   20.00   2       111.90       114.54
   861    861   26.00   22.00   2       114.61       114.61
   862    862   26.00   24.00   2       111.73       114.51
   863    863   26.00   26.00   2       114.59       114.60
   864    864   26.00   28.00   2       112.13       114.57
   865    865   26.00   30.00   2       114.54       114.57
   866    866   26.00   32.00   2       112.12       114.59
   867    867   26.00   34.00   2       114.12       114.30
   868    868   26.00   36.00   2       111.89       114.60
   869    869   26.00   38.00   2       113.77       114.07
   870    870   26.00   40.00   2       111.87       114.66
   871    871   26.00   42.00   2       113.36       114.62
   872    872   26.00   44.00   2       111.89       114.61
   873    873   26.00   46.00   2       111.91       114.54
   874    874   26.00   48.00   2       114.65       114.64
   875    875   26.00   50.00   2       111.73       114.52
   876    876   26.00   52.00   2       114.52       114.56
   881    881   26.00    0.00   2       114.63       114.62
   882    882   26.00    2.00   2       111.86       114.56
   883    883   26.00    4.00   2       114.62       114.62
   884    884   26.00    6.00   2       111.87       114.59
   885    885   26.00    8.00   2       114.46       114.52
   886    886   26.00   10.00   2       111.87       114.57
   887    887   26.00   12.00   2       113.77       114.06
   888    888   26.00   14.00   2       111.87       114.64
   889    889   26.00   16.00   2       113.68       114.00
   890    890   26.00   18.00   2       111.89       114.61
   891    891   26.00   20.00   2       113.11       114.52
   892    892   26.00   22.00   2       114.64       114.63
   893    893   26.00   24.00   2       111.95       114.56
   894    894   26.00   26.00   2       114.64       114.63
   895    895   26.00   28.00   2       111.88       114.57
   896    896   26.00   30.00   2       114.51       114.56
   897    897   26.00   32.00   2       111.88       114.59
   898    898   26.00   34.00   2       114.05       114.25
   899    899   26.00   36.00   2       114.64       114.64
   900    900   26.00   38.00   2       112.90       114.57
   901    901   26.00   40.00   2       114.63       114.63
   902    902   26.00   42.00   2       111.72       114.54
   903    903   26.00   44.00   2       114.60       114.61
   904    904   26.00   46.00   2       111.87       114.51
   905    905   26.00   48.00   2       114.66       114.65
   913    913   26.00    0.00   2       114.68       114.65
   914    914   26.00    2.00   2       111.93       114.52
   915    915   26.00    4.00   2       114.64       114.64
   916    916   26.00    6.00   2       111.78       114.54
   917    917   26.00    8.00   2       114.45       114.52
   918    918   26.00   10.00   2       111.87       114.63
   919    919   26.00   12.00   2       114.46       114.52
   920    920   26.00   14.00   2       111.84       114.61
   921    921   26.00   16.00   2       113.77       114.74
   922    922   26.00   18.00   2       111.90       114.62
   923    923   26.00   20.00   2       113.18       114.62
   924    924   26.00   22.00   2       114.65       114.64
   925    925   26.00   24.00   2       112.90       114.57
   926    926   26.00   26.00   2       114.67       114.64
   927    927   26.00   28.00   2       112.03       114.56
   928    928   26.00   30.00   2       114.57       114.59
   929    929   26.00   32.00   2       111.87       114.58
   930    930   26.00   34.00   2       114.52       114.56
   931    931   26.00   36.00   2       111.85       114.64
   932    932   26.00   38.00   2       113.93       114.17
   933    933   26.00   40.00   2       111.87       114.62
   934    934   26.00   42.00   2       113.22       114.56
   935    935   26.00   44.00   2       111.90       114.61
   946    946   26.00    0.00   2       113.85       114.10
   947    947   26.00    2.00   2       114.61       114.60
   948    948   26.00    4.00   2       111.86       114.53
   949    949   26.00    6.00   2       114.64       114.62
   950    950   26.00    8.00   2       111.80       114.55
   951    951   26.00   10.00   2       114.57       114.58
   952    952   26.00   12.00   2       112.00       114.61
   953    953   26.00   14.00   2       114.59       114.60
   954    954   26.00   16.00   2       111.86       114.62
   955    955   26.00   18.00   2       114.15       114.32
   956    956   26.00   20.00   2       111.88       114.62
   957    957   26.00   22.00   2       113.44       114.66
   958    958   26.00   24.00   2       114.65       114.64
   959    959   26.00   26.00   2       113.23       114.61
   960    960   26.00   28.00   2       114.67       114.65
   961    961   26.00   30.00   2       112.07       114.54
   962    962   26.00   32.00   2       114.59       114.60
   963    963   26.00   34.00   2       111.93       114.57
   964    964   26.00   36.00   2       114.55       114.57
   965    965   26.00   38.00   2       112.00       114.56
   980    980   26.00    0.00   2       113.83       114.10
   981    981   26.00    2.00   2       114.67       114.65
   982    982   26.00    4.00   2       113.59       114.64
   983    983   26.00    6.00   2       111.89       114.62
   984    984   26.00    8.00   2       113.23       114.57
   985    985   26.00   10.00   2       114.63       114.63
   986    986   26.00   12.00   2       112.00       114.52
   987    987   26.00   14.00   2       114.68       114.66
   988    988   26.00   16.00   2       112.19       114.56
   989    989   26.00   18.00   2       114.50       114.55
   990    990   26.00   20.00   2       112.11       114.59
   991    991   26.00   22.00   2       113.98       114.20
   992    992   26.00   24.00   2       111.87       114.63
   993    993   26.00   26.00   2       113.18       114.65
   994    994   26.00   28.00   2       114.67       114.65
   995    995   26.00   30.00   2       111.93       114.54
   996    996   26.00   32.00   2       114.64       114.62
  1014   1014   26.00    0.00   2       112.93       114.53
  1015   1015   26.00    2.00   2       114.63       114.63
  1016   1016   26.00    4.00   2       111.97       114.53
  1017   1017   26.00    6.00   2       114.55       114.57
  1018   1018   26.00    8.00   2       111.95       114.57
  1019   1019   26.00   10.00   2       114.50       114.54
  1020   1020   26.00   12.00   2       111.86       114.63
  1021   1021   26.00   14.00   2       114.00       114.22
  1022   1022   26.00   16.00   2       111.87       114.63
  1023   1023   26.00   18.00   2       113.42       114.57
  1024   1024   26.00   20.00   2       114.62       114.62
  1025   1025   26.00   22.00   2       112.09       114.51
  1049   1049   26.00    0.00   2       111.93       114.55
  1050   1050   26.00    2.00   2       114.65       114.63
  1051   1051   26.00    4.00   2       112.08       114.51
# END: scan time was  13146.308511  seconds
