# Sensor scan measurement of Sensor IR3
# Iin=    34.80 mA ,  Vin= 12137.00 mV, T=    18.74 C 
# scanRangeX 151.50 mm; scanRangeY  70.00 mm; stepSize   2.00 mm; initialOffset   4.00 mm; sensorX 155.00 mm; start position at (x|y)=(  0.00|  0.00) mm
# iStep, iStep, Pos x, Pos y, nMeas, Meas1 ... MeasN
     0      0    0.00    0.00   2       114.10       114.25
     1      1    0.00    2.00   2       111.80       114.43
     2      2    0.00    4.00   2       114.34       114.41
     3      3    0.00    6.00   2       111.88       114.45
     4      4    0.00    8.00   2       114.32       114.39
     5      5    0.00   10.00   2       112.84       114.50
     6      6    0.00   12.00   2       114.46       114.48
     7      7    0.00   14.00   2       113.75       114.02
     8      8    0.00   16.00   2       114.54       114.54
     9      9    0.00   18.00   2       113.41       114.56
    10     10    0.00   20.00   2       114.56       114.55
    11     11    0.00   22.00   2       114.20       114.32
    12     12    0.00    0.00   2       113.90       114.12
    13     13    0.00    2.00   2       111.80       114.41
    14     14    0.00    4.00   2       114.08       114.23
    15     15    0.00    6.00   2       111.88       114.47
    16     16    0.00    8.00   2       114.35       114.41
    17     17    0.00   10.00   2       112.82       114.46
    18     18    0.00   12.00   2       114.36       114.43
    19     19    0.00   14.00   2       111.89       114.49
    20     20    0.00   16.00   2       114.33       114.39
    21     21    0.00   18.00   2       112.95       114.49
    22     22    0.00   20.00   2       114.49       114.51
    23     23    0.00   22.00   2       111.91       114.44
    24     24    0.00   24.00   2       114.43       114.47
    25     25    0.00   26.00   2       111.89       114.44
    26     26    0.00   28.00   2       114.32       114.39
    27     27    0.00   30.00   2       112.91       114.45
    28     28    0.00   32.00   2       114.44       114.48
    29     29    0.00    0.00   2       113.55       114.62
    30     30    0.00    2.00   2       114.51       114.52
    31     31    0.00    4.00   2       113.91       114.12
    32     32    0.00    6.00   2       111.87       114.46
    33     33    0.00    8.00   2       114.09       114.26
    34     34    0.00   10.00   2       111.87       114.48
    35     35    0.00   12.00   2       114.38       114.44
    36     36    0.00   14.00   2       111.91       114.52
    37     37    0.00   16.00   2       114.56       114.55
    38     38    0.00   18.00   2       112.98       114.55
    39     39    0.00   20.00   2       111.78       114.44
    40     40    0.00   22.00   2       113.43       114.62
    41     41    0.00   24.00   2       111.89       114.44
    42     42    0.00   26.00   2       113.84       114.08
    43     43    0.00   28.00   2       111.82       114.43
    44     44    0.00   30.00   2       114.25       114.35
    45     45    0.00   32.00   2       111.87       114.47
    46     46    0.00   34.00   2       114.45       114.48
    47     47    0.00   36.00   2       112.93       114.55
    48     48    0.00   38.00   2       114.53       114.54
    49     49    0.00    0.00   2       114.17       114.30
    50     50    0.00    2.00   2       113.12       114.48
    51     51    0.00    4.00   2       114.30       114.39
    52     52    0.00    6.00   2       111.83       114.45
    53     53    0.00    8.00   2       114.48       114.50
    54     54    0.00   10.00   2       113.36       114.50
    55     55    0.00   12.00   2       114.50       114.51
    56     56    0.00   14.00   2       112.96       114.55
    57     57    0.00   16.00   2       114.53       114.53
    58     58    0.00   18.00   2       113.80       114.06
    59     59    0.00   20.00   2       114.56       114.55
    60     60    0.00   22.00   2       113.63       113.93
    61     61    0.00   24.00   2       111.81       114.47
    62     62    0.00   26.00   2       113.55       114.67
    63     63    0.00   28.00   2       111.80       114.44
    64     64    0.00   30.00   2       113.67       114.66
    65     65    0.00   32.00   2       111.80       114.47
    66     66    0.00   34.00   2       113.88       114.11
    67     67    0.00   36.00   2       111.80       114.43
    68     68    0.00   38.00   2       114.17       114.30
    69     69    0.00   40.00   2       111.88       114.49
    70     70    0.00   42.00   2       113.88       114.12
    71     71    0.00   44.00   2       113.15       114.46
    72     72    0.00    0.00   2       111.76       114.48
    73     73    0.00    2.00   2       113.67       114.01
    74     74    0.00    4.00   2       111.85       114.45
    75     75    0.00    6.00   2       113.72       114.00
    76     76    0.00    8.00   2       111.82       114.43
    77     77    0.00   10.00   2       113.74       114.02
    78     78    0.00   12.00   2       111.85       114.44
    79     79    0.00   14.00   2       114.41       114.47
    80     80    0.00   16.00   2       111.91       114.46
    81     81    0.00   18.00   2       114.28       114.37
    82     82    0.00   20.00   2       111.86       114.49
    83     83    0.00   22.00   2       114.40       114.46
    84     84    0.00   24.00   2       113.24       114.57
    85     85    0.00   26.00   2       114.51       114.52
    86     86    0.00   28.00   2       113.72       113.98
    87     87    0.00   30.00   2       114.54       114.53
    88     88    0.00   32.00   2       113.83       114.07
    89     89    0.00   34.00   2       114.56       114.54
    90     90    0.00   36.00   2       113.56       114.60
    91     91    0.00   38.00   2       114.52       114.52
    92     92    0.00   40.00   2       112.89       114.55
    93     93    0.00   42.00   2       111.84       114.45
    94     94    0.00   44.00   2       113.93       114.14
    95     95    0.00   46.00   2       111.85       114.43
    96     96    0.00   48.00   2       113.58       114.63
    97     97    0.00    0.00   2       111.88       114.47
    98     98    0.00    2.00   2       114.41       114.47
    99     99    0.00    4.00   2       111.89       114.46
   100    100    0.00    6.00   2       113.97       114.17
   101    101    0.00    8.00   2       111.82       114.45
   102    102    0.00   10.00   2       114.47       114.50
   103    103    0.00   12.00   2       111.88       114.46
   104    104    0.00   14.00   2       114.27       114.37
   105    105    0.00   16.00   2       113.61       113.92
   106    106    0.00   18.00   2       111.83       114.45
   107    107    0.00   20.00   2       113.67       113.95
   108    108    0.00   22.00   2       111.81       114.46
   109    109    0.00   24.00   2       113.23       114.59
   110    110    0.00   26.00   2       111.80       114.44
   111    111    0.00   28.00   2       113.68       113.97
   112    112    0.00   30.00   2       111.84       114.44
   113    113    0.00   32.00   2       113.99       114.19
   114    114    0.00   34.00   2       111.81       114.44
   115    115    0.00   36.00   2       114.11       114.26
   116    116    0.00   38.00   2       112.85       114.44
   117    117    0.00   40.00   2       114.20       114.32
   118    118    0.00   42.00   2       111.84       114.48
   119    119    0.00   44.00   2       114.51       114.51
   120    120    0.00   46.00   2       111.78       114.55
   121    121    0.00   48.00   2       114.50       114.51
   122    122    0.00   50.00   2       112.85       114.56
   123    123    0.00   52.00   2       114.56       114.55
   124    124    0.00    0.00   2       111.78       114.44
   125    125    0.00    2.00   2       114.07       114.23
   126    126    0.00    4.00   2       111.86       114.42
   127    127    0.00    6.00   2       114.14       114.28
   128    128    0.00    8.00   2       111.92       114.46
   129    129    0.00   10.00   2       114.22       114.35
   130    130    0.00   12.00   2       111.85       114.47
   131    131    0.00   14.00   2       114.14       114.28
   132    132    0.00   16.00   2       111.82       114.49
   133    133    0.00   18.00   2       114.25       114.35
   134    134    0.00   20.00   2       111.89       114.48
   135    135    0.00   22.00   2       114.42       114.46
   136    136    0.00   24.00   2       112.95       114.49
   137    137    0.00   26.00   2       114.37       114.43
   138    138    0.00   28.00   2       111.87       114.54
   139    139    0.00   30.00   2       114.50       114.51
   140    140    0.00   32.00   2       113.91       114.13
   141    141    0.00   34.00   2       111.82       114.42
   142    142    0.00   36.00   2       113.34       114.63
   143    143    0.00   38.00   2       111.80       114.46
   144    144    0.00   40.00   2       114.16       114.30
   145    145    0.00   42.00   2       112.85       114.46
   146    146    0.00   44.00   2       114.27       114.37
   147    147    0.00   46.00   2       112.83       114.45
   148    148    0.00   48.00   2       114.41       114.46
   149    149    0.00   50.00   2       113.26       114.51
   150    150    0.00   52.00   2       114.53       114.54
   151    151    0.00   54.00   2       113.55       114.57
   152    152    0.00    0.00   2       111.82       114.43
   153    153    0.00    2.00   2       113.61       114.66
   154    154    0.00    4.00   2       111.80       114.44
   155    155    0.00    6.00   2       113.68       114.66
   156    156    0.00    8.00   2       111.79       114.46
   157    157    0.00   10.00   2       114.03       114.20
   158    158    0.00   12.00   2       111.88       114.47
   159    159    0.00   14.00   2       114.38       114.44
   160    160    0.00   16.00   2       111.85       114.49
   161    161    0.00   18.00   2       114.40       114.46
   162    162    0.00   20.00   2       111.84       114.53
   163    163    0.00   22.00   2       114.49       114.51
   164    164    0.00   24.00   2       112.82       114.56
   165    165    0.00   26.00   2       114.39       114.44
   166    166    0.00   28.00   2       113.61       113.92
   167    167    0.00   30.00   2       114.54       114.53
   168    168    0.00   32.00   2       114.03       114.21
   169    169    0.00   34.00   2       114.54       114.54
   170    170    0.00   36.00   2       113.96       114.17
   171    171    0.00   38.00   2       111.81       114.44
   172    172    0.00   40.00   2       113.57       114.66
   173    173    0.00   42.00   2       111.81       114.47
   174    174    0.00   44.00   2       114.41       114.46
   175    175    0.00   46.00   2       111.90       114.46
   176    176    0.00   48.00   2       114.27       114.37
   177    177    0.00   50.00   2       111.84       114.49
   178    178    0.00   52.00   2       114.47       114.49
   179    179    0.00   54.00   2       113.59       113.91
   180    180    0.00   56.00   2       114.53       114.53
   181    181    0.00   58.00   2       113.41       114.59
   182    182    0.00    0.00   2       113.98       114.18
   183    183    0.00    2.00   2       111.86       114.45
   184    184    0.00    4.00   2       113.81       114.06
   185    185    0.00    6.00   2       111.87       114.45
   186    186    0.00    8.00   2       114.14       114.29
   187    187    0.00   10.00   2       111.86       114.45
   188    188    0.00   12.00   2       114.31       114.39
   189    189    0.00   14.00   2       111.85       114.46
   190    190    0.00   16.00   2       114.37       114.43
   191    191    0.00   18.00   2       111.86       114.48
   192    192    0.00   20.00   2       114.51       114.53
   193    193    0.00   22.00   2       113.11       114.57
   194    194    0.00   24.00   2       114.55       114.54
   195    195    0.00   26.00   2       113.52       114.61
   196    196    0.00   28.00   2       114.52       114.52
   197    197    0.00   30.00   2       113.80       114.05
   198    198    0.00   32.00   2       114.56       114.55
   199    199    0.00   34.00   2       113.97       114.16
   200    200    0.00   36.00   2       111.73       114.47
   201    201    0.00   38.00   2       114.16       114.30
   202    202    0.00   40.00   2       111.89       114.51
   203    203    0.00   42.00   2       114.43       114.47
   204    204    0.00   44.00   2       111.87       114.51
   205    205    0.00   46.00   2       114.46       114.48
   206    206    0.00   48.00   2       111.90       114.51
   207    207    0.00   50.00   2       114.39       114.45
   208    208    0.00   52.00   2       111.79       114.49
   209    209    0.00   54.00   2       114.38       114.44
   210    210    0.00   56.00   2       112.86       114.53
   211    211    0.00   58.00   2       114.50       114.52
   212    212    0.00   60.00   2       113.35       114.56
   213    213    0.00    0.00   2       112.15       114.46
   214    214    0.00    2.00   2       113.62       113.93
   215    215    0.00    4.00   2       111.81       114.46
   216    216    0.00    6.00   2       113.39       114.65
   217    217    0.00    8.00   2       111.80       114.45
   218    218    0.00   10.00   2       114.12       114.27
   219    219    0.00   12.00   2       111.81       114.47
   220    220    0.00   14.00   2       114.27       114.37
   221    221    0.00   16.00   2       111.90       114.49
   222    222    0.00   18.00   2       114.33       114.39
   223    223    0.00   20.00   2       111.82       114.51
   224    224    0.00   22.00   2       114.42       114.47
   225    225    0.00   24.00   2       111.86       114.58
   226    226    0.00   26.00   2       114.45       114.49
   227    227    0.00   28.00   2       111.85       114.57
   228    228    0.00   30.00   2       111.78       114.45
   229    229    0.00   32.00   2       113.88       114.11
   230    230    0.00   34.00   2       111.81       114.44
   231    231    0.00   36.00   2       113.18       114.67
   232    232    0.00   38.00   2       111.77       114.45
   233    233    0.00   40.00   2       114.14       114.28
   234    234    0.00   42.00   2       111.85       114.42
   235    235    0.00   44.00   2       113.52       114.64
   236    236    0.00   46.00   2       111.77       114.44
   237    237    0.00   48.00   2       113.81       114.06
   238    238    0.00   50.00   2       111.78       114.46
   239    239    0.00   52.00   2       113.85       114.10
   240    240    0.00   54.00   2       111.82       114.45
   241    241    0.00   56.00   2       114.28       114.38
   242    242    0.00   58.00   2       111.88       114.48
   243    243    0.00   60.00   2       114.29       114.37
   244    244    0.00   62.00   2       111.75       114.48
   245    245    0.00    0.00   2       111.90       114.50
   246    246    0.00    2.00   2       114.47       114.49
   247    247    0.00    4.00   2       111.78       114.50
   248    248    0.00    6.00   2       114.45       114.47
   249    249    0.00    8.00   2       113.08       114.52
   250    250    0.00   10.00   2       114.44       114.47
   251    251    0.00   12.00   2       111.83       114.56
   252    252    0.00   14.00   2       111.72       114.46
   253    253    0.00   16.00   2       113.28       114.64
   254    254    0.00   18.00   2       111.84       114.43
   255    255    0.00   20.00   2       113.37       114.67
   256    256    0.00   22.00   2       114.45       114.48
   257    257    0.00   24.00   2       111.74       114.53
   258    258    0.00   26.00   2       111.77       114.44
   259    259    0.00   28.00   2       114.11       114.27
   260    260    0.00   30.00   2       111.73       114.47
   261    261    0.00   32.00   2       114.45       114.49
   262    262    0.00   34.00   2       111.74       114.52
   263    263    0.00   36.00   2       114.47       114.50
   264    264    0.00   38.00   2       113.02       114.57
   265    265    0.00   40.00   2       114.50       114.52
   266    266    0.00   42.00   2       111.86       114.58
   267    267    0.00   44.00   2       114.51       114.52
   268    268    0.00   46.00   2       112.83       114.61
   269    269    0.00   48.00   2       111.75       114.47
   270    270    0.00   50.00   2       113.03       114.64
   271    271    0.00   52.00   2       111.78       114.46
   272    272    0.00   54.00   2       113.15       114.66
   273    273    0.00   56.00   2       111.76       114.45
   274    274    0.00   58.00   2       114.15       114.29
   275    275    0.00   60.00   2       111.89       114.47
   276    276    0.00   62.00   2       114.17       114.30
   277    277    0.00   64.00   2       111.80       114.46
   278    278    0.00    0.00   2       111.81       114.47
   279    279    0.00    2.00   2       113.74       114.01
   280    280    0.00    4.00   2       111.90       114.48
   281    281    0.00    6.00   2       114.34       114.41
   282    282    0.00    8.00   2       111.81       114.57
   283    283    0.00   10.00   2       114.53       114.53
   284    284    0.00   12.00   2       113.31       114.49
   285    285    0.00   14.00   2       114.48       114.50
   286    286    0.00   16.00   2       111.83       114.64
   287    287    0.00   18.00   2       111.83       114.43
   288    288    0.00   20.00   2       113.12       114.64
   289    289    0.00   22.00   2       111.82       114.42
   290    290    0.00   24.00   2       113.84       114.09
   291    291    0.00   26.00   2       114.43       114.47
   292    292    0.00   28.00   2       113.80       114.06
   293    293    0.00   30.00   2       111.86       114.47
   294    294    0.00   32.00   2       113.74       114.01
   295    295    0.00   34.00   2       111.85       114.50
   296    296    0.00   36.00   2       114.34       114.41
   297    297    0.00   38.00   2       111.83       114.34
   298    298    0.00   40.00   2       114.13       114.28
   299    299    0.00   42.00   2       111.85       114.50
   300    300    0.00   44.00   2       114.41       114.45
   301    301    0.00   46.00   2       111.78       114.55
   302    302    0.00   48.00   2       114.57       114.57
   303    303    0.00   50.00   2       113.61       113.92
   304    304    0.00   52.00   2       111.77       114.49
   305    305    0.00   54.00   2       111.86       114.59
   306    306    0.00   56.00   2       114.44       114.48
   307    307    0.00   58.00   2       111.86       114.58
   308    308    0.00   60.00   2       111.75       114.47
   309    309    0.00   62.00   2       113.46       114.60
   310    310    0.00   64.00   2       111.85       114.45
   311    311    0.00   66.00   2       114.12       114.26
   312    312    0.00    0.00   2       114.53       114.54
   313    313    0.00    2.00   2       113.12       114.59
   314    314    0.00    4.00   2       111.72       114.44
   315    315    0.00    6.00   2       113.11       114.68
   316    316    0.00    8.00   2       111.76       114.46
   317    317    0.00   10.00   2       114.05       114.22
   318    318    0.00   12.00   2       111.87       114.49
   319    319    0.00   14.00   2       114.06       114.24
   320    320    0.00   16.00   2       111.86       114.46
   321    321    0.00   18.00   2       113.86       114.10
   322    322    0.00   20.00   2       111.76       114.45
   323    323    0.00   22.00   2       113.91       114.12
   324    324    0.00   24.00   2       111.84       114.46
   325    325    0.00   26.00   2       114.41       114.46
   326    326    0.00   28.00   2       111.91       114.49
   327    327    0.00   30.00   2       114.35       114.42
   328    328    0.00   32.00   2       111.80       114.52
   329    329    0.00   34.00   2       114.38       114.44
   330    330    0.00   36.00   2       113.71       114.00
   331    331    0.00   38.00   2       114.55       114.55
   332    332    0.00   40.00   2       112.96       114.62
   333    333    0.00   42.00   2       114.55       114.54
   334    334    0.00   44.00   2       114.08       114.24
   335    335    0.00   46.00   2       111.79       114.47
   336    336    0.00   48.00   2       113.73       114.01
   337    337    0.00   50.00   2       111.76       114.46
   338    338    0.00   52.00   2       114.39       114.45
   339    339    0.00   54.00   2       111.89       114.45
   340    340    0.00   56.00   2       114.10       114.26
   341    341    0.00   58.00   2       111.78       114.48
   342    342    0.00   60.00   2       114.44       114.48
   343    343    0.00   62.00   2       111.85       114.57
   344    344    0.00   64.00   2       113.27       114.62
   345    345    0.00   66.00   2       111.82       114.48
   346    346    0.00    0.00   2       114.17       114.30
   347    347    0.00    2.00   2       111.78       114.47
   348    348    0.00    4.00   2       113.82       114.08
   349    349    0.00    6.00   2       111.81       114.45
   350    350    0.00    8.00   2       114.38       114.44
   351    351    0.00   10.00   2       111.86       114.52
   352    352    0.00   12.00   2       114.37       114.43
   353    353    0.00   14.00   2       112.83       114.54
   354    354    0.00   16.00   2       114.56       114.55
   355    355    0.00   18.00   2       113.38       114.61
   356    356    0.00   20.00   2       111.78       114.44
   357    357    0.00   22.00   2       112.81       114.63
   358    358    0.00   24.00   2       111.77       114.43
   359    359    0.00   26.00   2       113.75       114.03
   360    360    0.00   28.00   2       111.86       114.45
   361    361    0.00   30.00   2       114.05       114.22
   362    362    0.00   32.00   2       111.84       114.48
   363    363    0.00   34.00   2       113.78       114.04
   364    364    0.00   36.00   2       111.88       114.43
   365    365    0.00   38.00   2       114.36       114.44
   366    366    0.00   40.00   2       113.01       114.45
   367    367    0.00   42.00   2       114.25       114.36
   368    368    0.00   44.00   2       111.82       114.51
   369    369    0.00   46.00   2       114.49       114.50
   370    370    0.00   48.00   2       113.34       114.54
   371    371    0.00   50.00   2       114.51       114.52
   372    372    0.00   52.00   2       113.10       114.54
   373    373    0.00   54.00   2       114.53       114.53
   374    374    0.00   56.00   2       113.67       113.96
   375    375    0.00   58.00   2       114.52       114.53
   376    376    0.00   60.00   2       113.33       114.64
   377    377    0.00   62.00   2       111.85       114.44
   378    378    0.00   64.00   2       114.29       114.39
   379    379    0.00   66.00   2       111.90       114.47
   380    380    0.00   68.00   2       114.25       114.35
   381    381    0.00    0.00   2       113.98       114.16
   382    382    0.00    2.00   2       114.54       114.54
   383    383    0.00    4.00   2       111.75       114.53
   384    384    0.00    6.00   2       111.86       114.47
   385    385    0.00    8.00   2       114.27       114.37
   386    386    0.00   10.00   2       111.86       114.51
   387    387    0.00   12.00   2       114.46       114.48
   388    388    0.00   14.00   2       111.86       114.53
   389    389    0.00   16.00   2       114.47       114.51
   390    390    0.00   18.00   2       111.88       114.56
   391    391    0.00   20.00   2       114.47       114.49
   392    392    0.00   22.00   2       113.73       114.00
   393    393    0.00   24.00   2       111.85       114.44
   394    394    0.00   26.00   2       113.63       114.65
   395    395    0.00   28.00   2       111.90       114.44
   396    396    0.00   30.00   2       113.96       114.16
   397    397    0.00   32.00   2       111.90       114.43
   398    398    0.00   34.00   2       114.21       114.33
   399    399    0.00   36.00   2       111.84       114.49
   400    400    0.00   38.00   2       114.37       114.43
   401    401    0.00   40.00   2       112.97       114.47
   402    402    0.00   42.00   2       114.29       114.38
   403    403    0.00   44.00   2       113.31       114.50
   404    404    0.00   46.00   2       114.40       114.46
   405    405    0.00   48.00   2       111.82       114.49
   406    406    0.00   50.00   2       114.46       114.49
   407    407    0.00   52.00   2       113.42       114.56
   408    408    0.00   54.00   2       114.43       114.47
   409    409    0.00   56.00   2       113.63       113.94
   410    410    0.00   58.00   2       114.49       114.50
   411    411    0.00   60.00   2       113.68       113.96
   412    412    0.00   62.00   2       114.51       114.53
   413    413    0.00   64.00   2       113.47       114.61
   414    414    0.00   66.00   2       114.55       114.54
   415    415    0.00   68.00   2       113.51       114.64
   416    416    0.00    0.00   2       113.56       113.95
   417    417    0.00    2.00   2       114.46       114.49
   418    418    0.00    4.00   2       113.54       113.94
   419    419    0.00    6.00   2       114.50       114.52
   420    420    0.00    8.00   2       114.05       114.22
   421    421    0.00   10.00   2       114.54       114.55
   422    422    0.00   12.00   2       113.60       114.61
   423    423    0.00   14.00   2       114.56       114.56
   424    424    0.00   16.00   2       111.78       114.54
   425    425    0.00   18.00   2       113.03       114.48
   426    426    0.00   20.00   2       114.31       114.40
   427    427    0.00   22.00   2       113.20       114.52
   428    428    0.00   24.00   2       114.52       114.53
   429    429    0.00   26.00   2       112.88       114.57
   430    430    0.00   28.00   2       114.53       114.54
   431    431    0.00   30.00   2       113.80       114.05
   432    432    0.00   32.00   2       111.86       114.44
   433    433    0.00   34.00   2       113.37       114.59
   434    434    0.00   36.00   2       111.82       114.47
   435    435    0.00   38.00   2       113.48       114.61
   436    436    0.00   40.00   2       111.87       114.45
   437    437    0.00   42.00   2       113.97       114.17
   438    438    0.00   44.00   2       111.89       114.45
   439    439    0.00   46.00   2       113.83       114.07
   440    440    0.00   48.00   2       111.82       114.45
   441    441    0.00   50.00   2       114.17       114.32
   442    442    0.00   52.00   2       111.91       114.45
   443    443    0.00   54.00   2       111.89       114.43
   444    444    0.00   56.00   2       114.48       114.50
   445    445    0.00   58.00   2       113.22       114.52
   446    446    0.00   60.00   2       114.51       114.53
   447    447    0.00   62.00   2       114.11       114.25
   448    448    0.00   64.00   2       113.31       114.50
   449    449    0.00   66.00   2       114.47       114.51
   450    450    0.00   68.00   2       114.34       114.41
   451    451    0.00    0.00   2       111.85       114.45
   452    452    0.00    2.00   2       114.17       114.30
   453    453    0.00    4.00   2       111.85       114.47
   454    454    0.00    6.00   2       114.47       114.50
   455    455    0.00    8.00   2       113.75       114.02
   456    456    0.00   10.00   2       111.86       114.45
   457    457    0.00   12.00   2       114.49       114.52
   458    458    0.00   14.00   2       113.40       114.60
   459    459    0.00   16.00   2       111.85       114.41
   460    460    0.00   18.00   2       114.38       114.44
   461    461    0.00   20.00   2       112.88       114.46
   462    462    0.00   22.00   2       114.52       114.53
   463    463    0.00   24.00   2       114.25       114.35
   464    464    0.00   26.00   2       113.96       114.17
   465    465    0.00   28.00   2       114.11       114.26
   466    466    0.00   30.00   2       114.03       114.20
   467    467    0.00   32.00   2       113.66       113.96
   468    468    0.00   34.00   2       113.53       114.61
   469    469    0.00   36.00   2       111.84       114.43
   470    470    0.00   38.00   2       114.26       114.35
   471    471    0.00   40.00   2       111.89       114.47
   472    472    0.00   42.00   2       114.56       114.54
   473    473    0.00   44.00   2       113.65       113.95
   474    474    0.00   46.00   2       111.83       114.45
   475    475    0.00   48.00   2       114.25       114.35
   476    476    0.00   50.00   2       111.89       114.47
   477    477    0.00   52.00   2       114.48       114.51
   478    478    0.00   54.00   2       113.60       113.91
   479    479    0.00   56.00   2       114.49       114.50
   480    480    0.00   58.00   2       111.78       114.52
   481    481    0.00   60.00   2       113.58       113.90
   482    482    0.00   62.00   2       111.85       114.44
   483    483    0.00   64.00   2       114.22       114.33
   484    484    0.00   66.00   2       113.06       114.48
   485    485    0.00   68.00   2       111.84       114.43
   486    486    0.00    0.00   2       114.01       114.21
   487    487    0.00    2.00   2       113.23       114.56
   488    488    0.00    4.00   2       111.88       114.42
   489    489    0.00    6.00   2       114.37       114.43
   490    490    0.00    8.00   2       113.46       114.51
   491    491    0.00   10.00   2       111.84       114.44
   492    492    0.00   12.00   2       114.38       114.44
   493    493    0.00   14.00   2       113.53       113.86
   494    494    0.00   16.00   2       114.53       114.53
   495    495    0.00   18.00   2       111.76       114.48
   496    496    0.00   20.00   2       114.45       114.49
   497    497    0.00   22.00   2       114.24       114.35
   498    498    0.00   24.00   2       111.90       114.50
   499    499    0.00   26.00   2       111.84       114.45
   500    500    0.00   28.00   2       114.45       114.48
   501    501    0.00   30.00   2       113.86       114.10
   502    502    0.00   32.00   2       111.84       114.41
   503    503    0.00   34.00   2       114.47       114.49
   504    504    0.00   36.00   2       113.12       114.56
   505    505    0.00   38.00   2       111.87       114.43
   506    506    0.00   40.00   2       114.50       114.52
   507    507    0.00   42.00   2       113.18       114.58
   508    508    0.00   44.00   2       111.89       114.43
   509    509    0.00   46.00   2       114.21       114.32
   510    510    0.00   48.00   2       113.40       114.49
   511    511    0.00   50.00   2       111.82       114.44
   512    512    0.00   52.00   2       114.32       114.39
   513    513    0.00   54.00   2       111.90       114.50
   514    514    0.00   56.00   2       114.51       114.52
   515    515    0.00   58.00   2       113.70       114.67
   516    516    0.00   60.00   2       111.90       114.48
   517    517    0.00   62.00   2       114.45       114.47
   518    518    0.00   64.00   2       113.74       114.01
   519    519    0.00   66.00   2       111.84       114.44
   520    520    0.00   68.00   2       114.27       114.35
   521    521    0.00    0.00   2       114.54       114.54
   522    522    0.00    2.00   2       111.78       114.48
   523    523    0.00    4.00   2       113.78       114.04
   524    524    0.00    6.00   2       112.98       114.45
   525    525    0.00    8.00   2       114.55       114.55
   526    526    0.00   10.00   2       113.95       114.16
   527    527    0.00   12.00   2       111.84       114.44
   528    528    0.00   14.00   2       114.35       114.42
   529    529    0.00   16.00   2       113.29       114.51
   530    530    0.00   18.00   2       114.52       114.53
   531    531    0.00   20.00   2       114.28       114.37
   532    532    0.00   22.00   2       111.87       114.46
   533    533    0.00   24.00   2       114.51       114.53
   534    534    0.00   26.00   2       113.57       114.61
   535    535    0.00   28.00   2       112.92       114.43
   536    536    0.00   30.00   2       114.44       114.48
   537    537    0.00   32.00   2       113.52       114.54
   538    538    0.00   34.00   2       114.55       114.55
   539    539    0.00   36.00   2       111.77       114.51
   540    540    0.00   38.00   2       113.19       114.57
   541    541    0.00   40.00   2       111.86       114.43
   542    542    0.00   42.00   2       114.35       114.41
   543    543    0.00   44.00   2       113.91       114.12
   544    544    0.00   46.00   2       113.31       114.57
   545    545    0.00   48.00   2       111.92       114.45
   546    546    0.00   50.00   2       114.59       114.57
   547    547    0.00   52.00   2       111.79       114.54
   548    548    0.00   54.00   2       113.18       114.49
   549    549    0.00   56.00   2       114.41       114.46
   550    550    0.00   58.00   2       113.43       114.51
   551    551    0.00   60.00   2       114.56       114.56
   552    552    0.00   62.00   2       113.82       114.06
   553    553    0.00   64.00   2       111.93       114.43
   554    554    0.00   66.00   2       114.48       114.50
   555    555    0.00   68.00   2       113.27       114.55
   556    556    0.00    0.00   2       114.17       114.30
   557    557    0.00    2.00   2       113.24       114.50
   558    558    0.00    4.00   2       114.52       114.53
   559    559    0.00    6.00   2       113.53       114.61
   560    560    0.00    8.00   2       111.85       114.42
   561    561    0.00   10.00   2       114.38       114.44
   562    562    0.00   12.00   2       113.03       114.45
   563    563    0.00   14.00   2       114.40       114.45
   564    564    0.00   16.00   2       112.94       114.48
   565    565    0.00   18.00   2       114.57       114.56
   566    566    0.00   20.00   2       114.12       114.27
   567    567    0.00   22.00   2       111.86       114.44
   568    568    0.00   24.00   2       114.48       114.50
   569    569    0.00   26.00   2       113.67       113.96
   570    570    0.00   28.00   2       111.84       114.45
   571    571    0.00   30.00   2       114.32       114.41
   572    572    0.00   32.00   2       112.96       114.48
   573    573    0.00   34.00   2       114.36       114.42
   574    574    0.00   36.00   2       113.80       114.05
   575    575    0.00   38.00   2       111.87       114.41
   576    576    0.00   40.00   2       114.28       114.37
   577    577    0.00   42.00   2       111.89       114.47
   578    578    0.00   44.00   2       114.52       114.53
   579    579    0.00   46.00   2       113.36       114.63
   580    580    0.00   48.00   2       111.86       114.44
   581    581    0.00   50.00   2       114.22       114.33
   582    582    0.00   52.00   2       113.27       114.46
   583    583    0.00   54.00   2       114.51       114.52
   584    584    0.00   56.00   2       114.20       114.32
   585    585    0.00   58.00   2       111.87       114.48
   586    586    0.00   60.00   2       114.55       114.54
   587    587    0.00   62.00   2       113.59       114.61
   588    588    0.00   64.00   2       111.83       114.46
   589    589    0.00   66.00   2       114.34       114.40
   590    590    0.00   68.00   2       112.81       114.52
   591    591    0.00    0.00   2       114.29       114.37
   592    592    0.00    2.00   2       113.22       114.43
   593    593    0.00    4.00   2       114.50       114.52
   594    594    0.00    6.00   2       113.34       114.59
   595    595    0.00    8.00   2       111.87       114.43
   596    596    0.00   10.00   2       114.04       114.21
   597    597    0.00   12.00   2       113.57       113.95
   598    598    0.00   14.00   2       111.81       114.42
   599    599    0.00   16.00   2       114.13       114.27
   600    600    0.00   18.00   2       111.90       114.44
   601    601    0.00   20.00   2       114.41       114.46
   602    602    0.00   22.00   2       113.17       114.48
   603    603    0.00   24.00   2       114.44       114.47
   604    604    0.00   26.00   2       113.48       114.57
   605    605    0.00   28.00   2       111.88       114.45
   606    606    0.00   30.00   2       114.26       114.36
   607    607    0.00   32.00   2       111.87       114.47
   608    608    0.00   34.00   2       114.51       114.52
   609    609    0.00   36.00   2       113.41       114.51
   610    610    0.00   38.00   2       111.85       114.46
   611    611    0.00   40.00   2       113.94       114.15
   612    612    0.00   42.00   2       111.88       114.44
   613    613    0.00   44.00   2       114.37       114.43
   614    614    0.00   46.00   2       113.68       113.98
   615    615    0.00   48.00   2       111.85       114.42
   616    616    0.00   50.00   2       114.32       114.40
   617    617    0.00   52.00   2       112.94       114.51
   618    618    0.00   54.00   2       114.54       114.55
   619    619    0.00   56.00   2       113.74       114.01
   620    620    0.00   58.00   2       114.56       114.55
   621    621    0.00   60.00   2       112.09       114.47
   622    622    0.00   62.00   2       113.86       114.09
   623    623    0.00   64.00   2       111.85       114.47
   624    624    0.00   66.00   2       114.39       114.45
   625    625    0.00   68.00   2       112.96       114.49
