# Sensor scan measurement of Sensor IR3
# Iin=    34.81 mA ,  Vin= 12136.30 mV, T=    19.18 C 
# scanRangeX 151.50 mm; scanRangeY  70.00 mm; stepSize   2.00 mm; initialOffset   4.00 mm; sensorX 236.50 mm; start position at (x|y)=(119.92|  0.00) mm
# iStep, iStep, Pos x, Pos y, nMeas, Meas1 ... MeasN
  1259   1259  201.92    0.00   2       114.85       114.83
  1260   1260  201.92    2.00   2       114.84       114.82
  1261   1261  201.92    4.00   2       114.90       114.89
  1262   1262  201.92    6.00   2       115.38       115.21
  1263   1263  201.92    8.00   2       114.91       114.87
  1264   1264  201.92   10.00   2       114.97       114.91
  1294   1294  203.92    0.00   2       114.90       114.89
  1295   1295  203.92    2.00   2       114.88       114.87
  1296   1296  203.92    4.00   2       114.85       114.82
  1297   1297  203.92    6.00   2       114.94       114.88
  1298   1298  203.92    8.00   2       114.89       114.83
  1299   1299  203.92   10.00   2       114.90       114.84
  1300   1300  203.92   12.00   2       114.81       114.79
  1301   1301  203.92   14.00   2       114.81       114.79
  1302   1302  203.92   16.00   2       114.73       114.73
  1303   1303  203.92   18.00   2       114.78       114.76
  1304   1304  203.92   20.00   2       115.43       115.18
  1305   1305  203.92   22.00   2       114.83       114.77
  1306   1306  203.92   24.00   2       114.86       114.79
  1328   1328  205.92    0.00   2       114.86       114.83
  1329   1329  205.92    2.00   2       114.81       114.81
  1330   1330  205.92    4.00   2       114.90       114.85
  1331   1331  205.92    6.00   2       114.92       114.85
  1332   1332  205.92    8.00   2       114.90       114.84
  1333   1333  205.92   10.00   2       114.81       114.79
  1334   1334  205.92   12.00   2       114.80       114.78
  1335   1335  205.92   14.00   2       114.78       114.77
  1336   1336  205.92   16.00   2       114.93       114.85
  1337   1337  205.92   18.00   2       114.83       114.76
  1338   1338  205.92   20.00   2       114.86       114.79
  1339   1339  205.92   22.00   2       114.82       114.77
  1340   1340  205.92   24.00   2       114.81       114.77
  1341   1341  205.92   26.00   2       114.75       114.74
  1342   1342  205.92   28.00   2       114.70       114.70
  1343   1343  205.92   30.00   2       114.72       114.71
  1344   1344  205.92   32.00   2       114.81       114.77
  1345   1345  205.92   34.00   2       116.85       114.79
  1362   1362  207.92    0.00   2       114.75       114.79
  1363   1363  207.92    2.00   2       114.97       114.90
  1364   1364  207.92    4.00   2       114.90       114.84
  1365   1365  207.92    6.00   2       114.86       114.81
  1366   1366  207.92    8.00   2       114.75       114.76
  1367   1367  207.92   10.00   2       114.77       114.77
  1368   1368  207.92   12.00   2       114.76       114.76
  1369   1369  207.92   14.00   2       114.85       114.78
  1370   1370  207.92   16.00   2       114.84       114.78
  1371   1371  207.92   18.00   2       114.84       114.78
  1372   1372  207.92   20.00   2       114.85       114.79
  1373   1373  207.92   22.00   2       114.75       114.73
  1374   1374  207.92   24.00   2       114.73       114.71
  1375   1375  207.92   26.00   2       114.61       114.63
  1376   1376  207.92   28.00   2       115.36       115.13
  1377   1377  207.92   30.00   2       114.82       114.75
  1378   1378  207.92   32.00   2       114.82       114.75
  1379   1379  207.92   34.00   2       114.82       114.75
  1380   1380  207.92   36.00   2       114.76       114.72
  1381   1381  207.92   38.00   2       114.70       114.67
  1382   1382  207.92   40.00   2       114.56       114.61
  1395   1395  209.92    0.00   2       114.82       114.84
  1396   1396  209.92    2.00   2       114.89       114.88
  1397   1397  209.92    4.00   2       115.38       115.19
  1398   1398  209.92    6.00   2       114.95       114.88
  1399   1399  209.92    8.00   2       114.93       114.87
  1400   1400  209.92   10.00   2       114.92       114.88
  1401   1401  209.92   12.00   2       114.86       114.82
  1402   1402  209.92   14.00   2       114.78       114.77
  1403   1403  209.92   16.00   2       114.67       114.70
  1404   1404  209.92   18.00   2       115.25       115.06
  1405   1405  209.92   20.00   2       114.83       114.76
  1406   1406  209.92   22.00   2       114.85       114.78
  1407   1407  209.92   24.00   2       114.81       114.75
  1408   1408  209.92   26.00   2       114.78       114.73
  1409   1409  209.92   28.00   2       114.73       114.71
  1410   1410  209.92   30.00   2       114.71       114.70
  1411   1411  209.92   32.00   2       114.73       114.71
  1412   1412  209.92   34.00   2       114.75       114.70
  1413   1413  209.92   36.00   2       114.79       114.73
  1414   1414  209.92   38.00   2       114.80       114.74
  1415   1415  209.92   40.00   2       114.74       114.70
  1416   1416  209.92   42.00   2       114.67       114.67
  1417   1417  209.92   44.00   2       114.71       114.70
  1427   1427  211.92    0.00   2       114.85       114.86
  1428   1428  211.92    2.00   2       114.88       114.88
  1429   1429  211.92    4.00   2       114.95       114.91
  1430   1430  211.92    6.00   2       114.87       114.86
  1431   1431  211.92    8.00   2       114.92       114.86
  1432   1432  211.92   10.00   2       114.93       114.87
  1433   1433  211.92   12.00   2       114.96       114.89
  1434   1434  211.92   14.00   2       114.88       114.83
  1435   1435  211.92   16.00   2       114.85       114.80
  1436   1436  211.92   18.00   2       114.80       114.78
  1437   1437  211.92   20.00   2       114.80       114.78
  1438   1438  211.92   22.00   2       116.96       114.79
  1439   1439  211.92   24.00   2       114.84       114.77
  1440   1440  211.92   26.00   2       114.84       114.77
  1441   1441  211.92   28.00   2       114.79       114.74
  1442   1442  211.92   30.00   2       114.80       114.74
  1443   1443  211.92   32.00   2       114.76       114.72
  1444   1444  211.92   34.00   2       114.71       114.68
  1445   1445  211.92   36.00   2       114.58       114.60
  1446   1446  211.92   38.00   2       114.95       114.86
  1447   1447  211.92   40.00   2       114.78       114.72
  1448   1448  211.92   42.00   2       114.77       114.72
  1449   1449  211.92   44.00   2       114.77       114.72
  1450   1450  211.92   46.00   2       114.77       114.71
  1451   1451  211.92   48.00   2       114.71       114.69
  1458   1458  213.92    0.00   2       114.86       114.87
  1459   1459  213.92    2.00   2       114.97       114.91
  1460   1460  213.92    4.00   2       114.88       114.87
  1461   1461  213.92    6.00   2       114.89       114.86
  1462   1462  213.92    8.00   2       114.85       114.83
  1463   1463  213.92   10.00   2       115.03       114.95
  1464   1464  213.92   12.00   2       114.89       114.83
  1465   1465  213.92   14.00   2       114.93       114.86
  1466   1466  213.92   16.00   2       114.91       114.84
  1467   1467  213.92   18.00   2       114.79       114.78
  1468   1468  213.92   20.00   2       114.80       114.78
  1469   1469  213.92   22.00   2       114.75       114.75
  1470   1470  213.92   24.00   2       114.97       114.89
  1471   1471  213.92   26.00   2       117.27       114.83
  1472   1472  213.92   28.00   2       114.87       114.80
  1473   1473  213.92   30.00   2       114.82       114.76
  1474   1474  213.92   32.00   2       114.79       114.74
  1475   1475  213.92   34.00   2       114.77       114.73
  1476   1476  213.92   36.00   2       114.71       114.68
  1477   1477  213.92   38.00   2       114.68       114.67
  1478   1478  213.92   40.00   2       114.71       114.68
  1479   1479  213.92   42.00   2       117.27       114.76
  1480   1480  213.92   44.00   2       114.77       114.71
  1481   1481  213.92   46.00   2       114.77       114.71
  1482   1482  213.92   48.00   2       114.73       114.68
  1483   1483  213.92   50.00   2       114.64       114.63
  1484   1484  213.92   52.00   2       114.59       114.60
  1488   1488  215.92    0.00   2       114.90       114.89
  1489   1489  215.92    2.00   2       114.79       114.81
  1490   1490  215.92    4.00   2       114.94       114.92
  1491   1491  215.92    6.00   2       116.31       114.92
  1492   1492  215.92    8.00   2       114.94       114.88
  1493   1493  215.92   10.00   2       114.94       114.87
  1494   1494  215.92   12.00   2       114.92       114.86
  1495   1495  215.92   14.00   2       114.90       114.85
  1496   1496  215.92   16.00   2       114.84       114.79
  1497   1497  215.92   18.00   2       114.77       114.77
  1498   1498  215.92   20.00   2       114.83       114.81
  1499   1499  215.92   22.00   2       114.99       114.91
  1500   1500  215.92   24.00   2       114.87       114.81
  1501   1501  215.92   26.00   2       114.90       114.82
  1502   1502  215.92   28.00   2       114.85       114.79
  1503   1503  215.92   30.00   2       114.82       114.77
  1504   1504  215.92   32.00   2       114.78       114.74
  1505   1505  215.92   34.00   2       114.73       114.72
  1506   1506  215.92   36.00   2       114.73       114.71
  1507   1507  215.92   38.00   2       114.79       114.74
  1508   1508  215.92   40.00   2       114.79       114.73
  1509   1509  215.92   42.00   2       114.78       114.72
  1510   1510  215.92   44.00   2       114.73       114.69
  1511   1511  215.92   46.00   2       114.62       114.62
  1512   1512  215.92   48.00   2       114.63       114.63
  1513   1513  215.92   50.00   2       114.65       114.64
  1514   1514  215.92   52.00   2       114.86       114.78
  1515   1515  215.92   54.00   2       115.22       115.01
  1516   1516  215.92   56.00   2       116.45       114.71
  1517   1517  217.92    0.00   2       115.00       114.94
  1518   1518  217.92    2.00   2       115.00       114.93
  1519   1519  217.92    4.00   2       114.97       114.91
  1520   1520  217.92    6.00   2       114.95       114.90
  1521   1521  217.92    8.00   2       114.89       114.85
  1522   1522  217.92   10.00   2       114.83       114.83
  1523   1523  217.92   12.00   2       114.81       114.80
  1524   1524  217.92   14.00   2       115.32       115.14
  1525   1525  217.92   16.00   2       114.87       114.81
  1526   1526  217.92   18.00   2       114.89       114.82
  1527   1527  217.92   20.00   2       114.85       114.80
  1528   1528  217.92   22.00   2       114.83       114.78
  1529   1529  217.92   24.00   2       114.89       114.82
  1530   1530  217.92   26.00   2       114.87       114.81
  1531   1531  217.92   28.00   2       114.77       114.75
  1532   1532  217.92   30.00   2       114.79       114.77
  1533   1533  217.92   32.00   2       114.72       114.72
  1534   1534  217.92   34.00   2       114.67       114.69
  1535   1535  217.92   36.00   2       114.74       114.71
  1536   1536  217.92   38.00   2       114.72       114.70
  1537   1537  217.92   40.00   2       114.71       114.69
  1538   1538  217.92   42.00   2       114.69       114.68
  1539   1539  217.92   44.00   2       114.89       114.79
  1540   1540  217.92   46.00   2       114.70       114.68
  1541   1541  217.92   48.00   2       114.79       114.74
  1542   1542  217.92   50.00   2       115.21       115.01
  1543   1543  217.92   52.00   2       116.00       114.73
  1544   1544  217.92   54.00   2       114.61       114.59
  1545   1545  217.92   56.00   2       114.60       114.58
  1546   1546  217.92   58.00   2       114.59       114.58
  1547   1547  219.92    0.00   2       115.01       114.96
  1548   1548  219.92    2.00   2       114.93       114.88
  1549   1549  219.92    4.00   2       114.97       114.90
  1550   1550  219.92    6.00   2       114.96       114.90
  1551   1551  219.92    8.00   2       114.88       114.85
  1552   1552  219.92   10.00   2       114.78       114.79
  1553   1553  219.92   12.00   2       114.78       114.78
  1554   1554  219.92   14.00   2       114.84       114.82
  1555   1555  219.92   16.00   2       115.52       115.26
  1556   1556  219.92   18.00   2       114.87       114.81
  1557   1557  219.92   20.00   2       114.85       114.79
  1558   1558  219.92   22.00   2       114.86       114.80
  1559   1559  219.92   24.00   2       114.77       114.76
  1560   1560  219.92   26.00   2       114.73       114.73
  1561   1561  219.92   28.00   2       114.78       114.75
  1562   1562  219.92   30.00   2       114.85       114.81
  1563   1563  219.92   32.00   2       116.67       114.80
  1564   1564  219.92   34.00   2       114.79       114.74
  1565   1565  219.92   36.00   2       114.82       114.76
  1566   1566  219.92   38.00   2       114.80       114.74
  1567   1567  219.92   40.00   2       114.74       114.70
  1568   1568  219.92   42.00   2       114.74       114.69
  1569   1569  219.92   44.00   2       114.63       114.64
  1570   1570  219.92   46.00   2       114.52       114.56
  1571   1571  219.92   48.00   2       114.53       114.55
  1572   1572  219.92   50.00   2       114.83       114.76
  1573   1573  219.92   52.00   2       114.59       114.59
  1574   1574  219.92   54.00   2       114.58       114.57
  1575   1575  219.92   56.00   2       114.58       114.57
  1576   1576  219.92   58.00   2       114.58       114.58
  1577   1577  219.92   60.00   2       114.58       114.59
  1578   1578  221.92    0.00   2       114.97       114.90
  1579   1579  221.92    2.00   2       114.96       114.90
  1580   1580  221.92    4.00   2       114.96       114.91
  1581   1581  221.92    6.00   2       114.95       114.88
  1582   1582  221.92    8.00   2       114.80       114.80
  1583   1583  221.92   10.00   2       114.86       114.84
  1584   1584  221.92   12.00   2       115.11       114.99
  1585   1585  221.92   14.00   2       116.32       114.87
  1586   1586  221.92   16.00   2       114.87       114.81
  1587   1587  221.92   18.00   2       114.86       114.80
  1588   1588  221.92   20.00   2       114.89       114.84
  1589   1589  221.92   22.00   2       114.84       114.79
  1590   1590  221.92   24.00   2       114.73       114.72
  1591   1591  221.92   26.00   2       114.77       114.75
  1592   1592  221.92   28.00   2       115.07       114.94
  1593   1593  221.92   30.00   2       114.82       114.76
  1594   1594  221.92   32.00   2       114.84       114.76
  1595   1595  221.92   34.00   2       114.78       114.73
  1596   1596  221.92   36.00   2       114.67       114.66
  1597   1597  221.92   38.00   2       114.70       114.68
  1598   1598  221.92   40.00   2       114.65       114.65
  1599   1599  221.92   42.00   2       114.86       114.78
  1600   1600  221.92   44.00   2       114.78       114.70
  1601   1601  221.92   46.00   2       114.62       114.61
  1602   1602  221.92   48.00   2       114.60       114.61
  1603   1603  221.92   50.00   2       114.60       114.60
  1604   1604  221.92   52.00   2       114.60       114.58
  1605   1605  221.92   54.00   2       114.60       114.59
  1606   1606  221.92   56.00   2       114.59       114.59
  1607   1607  221.92   58.00   2       114.57       114.58
  1608   1608  221.92   60.00   2       114.57       114.57
  1609   1609  221.92   62.00   2       114.58       114.56
  1610   1610  223.92    0.00   2       114.76       114.78
  1611   1611  223.92    2.00   2       115.07       114.97
  1612   1612  223.92    4.00   2       116.80       114.90
  1613   1613  223.92    6.00   2       114.91       114.84
  1614   1614  223.92    8.00   2       114.95       114.87
  1615   1615  223.92   10.00   2       114.90       114.84
  1616   1616  223.92   12.00   2       114.88       114.83
  1617   1617  223.92   14.00   2       114.86       114.80
  1618   1618  223.92   16.00   2       114.76       114.75
  1619   1619  223.92   18.00   2       114.80       114.77
  1620   1620  223.92   20.00   2       114.88       114.82
  1621   1621  223.92   22.00   2       116.76       114.81
  1622   1622  223.92   24.00   2       114.79       114.74
  1623   1623  223.92   26.00   2       114.81       114.75
  1624   1624  223.92   28.00   2       114.80       114.73
  1625   1625  223.92   30.00   2       114.68       114.67
  1626   1626  223.92   32.00   2       114.61       114.62
  1627   1627  223.92   34.00   2       114.95       114.85
  1628   1628  223.92   36.00   2       115.59       115.27
  1629   1629  223.92   38.00   2       114.77       114.71
  1630   1630  223.92   40.00   2       114.77       114.71
  1631   1631  223.92   42.00   2       114.64       114.64
  1632   1632  223.92   44.00   2       114.63       114.65
  1633   1633  223.92   46.00   2       114.63       114.62
  1634   1634  223.92   48.00   2       114.62       114.60
  1635   1635  223.92   50.00   2       114.60       114.60
  1636   1636  223.92   52.00   2       114.60       114.60
  1637   1637  223.92   54.00   2       114.59       114.60
  1638   1638  223.92   56.00   2       114.59       114.58
  1639   1639  223.92   58.00   2       114.59       114.58
  1640   1640  223.92   60.00   2       114.57       114.56
  1641   1641  223.92   62.00   2       114.57       114.57
  1642   1642  223.92   64.00   2       114.57       114.55
  1643   1643  225.92    0.00   2       114.90       114.84
  1644   1644  225.92    2.00   2       114.91       114.85
  1645   1645  225.92    4.00   2       114.81       114.78
  1646   1646  225.92    6.00   2       114.70       114.71
  1647   1647  225.92    8.00   2       114.73       114.73
  1648   1648  225.92   10.00   2       114.76       114.75
  1649   1649  225.92   12.00   2       115.78       115.42
  1650   1650  225.92   14.00   2       114.81       114.76
  1651   1651  225.92   16.00   2       114.81       114.75
  1652   1652  225.92   18.00   2       114.84       114.77
  1653   1653  225.92   20.00   2       114.80       114.75
  1654   1654  225.92   22.00   2       114.72       114.70
  1655   1655  225.92   24.00   2       114.66       114.67
  1656   1656  225.92   26.00   2       114.71       114.69
  1657   1657  225.92   28.00   2       115.29       115.08
  1658   1658  225.92   30.00   2       116.57       114.73
  1659   1659  225.92   32.00   2       114.77       114.71
  1660   1660  225.92   34.00   2       114.78       114.72
  1661   1661  225.92   36.00   2       114.65       114.65
  1662   1662  225.92   38.00   2       114.64       114.66
  1663   1663  225.92   40.00   2       114.64       114.62
  1664   1664  225.92   42.00   2       114.64       114.63
  1665   1665  225.92   44.00   2       114.62       114.61
  1666   1666  225.92   46.00   2       114.62       114.64
  1667   1667  225.92   48.00   2       114.63       114.63
  1668   1668  225.92   50.00   2       114.62       114.59
  1669   1669  225.92   52.00   2       114.61       114.60
  1670   1670  225.92   54.00   2       114.60       114.61
  1671   1671  225.92   56.00   2       114.58       114.59
  1672   1672  225.92   58.00   2       114.59       114.57
  1673   1673  225.92   60.00   2       114.56       114.55
  1674   1674  225.92   62.00   2       114.58       114.57
  1675   1675  225.92   64.00   2       114.57       114.57
  1676   1676  225.92   66.00   2       114.57       114.57
  1677   1677  227.92    0.00   2       114.73       114.73
  1678   1678  227.92    2.00   2       114.80       114.78
  1679   1679  227.92    4.00   2       114.93       114.86
  1680   1680  227.92    6.00   2       114.82       114.77
  1681   1681  227.92    8.00   2       114.85       114.78
  1682   1682  227.92   10.00   2       114.84       114.78
  1683   1683  227.92   12.00   2       114.71       114.72
  1684   1684  227.92   14.00   2       114.75       114.72
  1685   1685  227.92   16.00   2       114.72       114.71
  1686   1686  227.92   18.00   2       115.30       115.09
  1687   1687  227.92   20.00   2       114.77       114.71
  1688   1688  227.92   22.00   2       114.81       114.75
  1689   1689  227.92   24.00   2       114.82       114.75
  1690   1690  227.92   26.00   2       114.77       114.71
  1691   1691  227.92   28.00   2       114.66       114.67
  1692   1692  227.92   30.00   2       114.66       114.67
  1693   1693  227.92   32.00   2       114.66       114.65
  1694   1694  227.92   34.00   2       114.64       114.63
  1695   1695  227.92   36.00   2       114.64       114.64
  1696   1696  227.92   38.00   2       114.63       114.64
  1697   1697  227.92   40.00   2       114.65       114.64
  1698   1698  227.92   42.00   2       114.63       114.61
  1699   1699  227.92   44.00   2       114.62       114.61
  1700   1700  227.92   46.00   2       114.61       114.62
  1701   1701  227.92   48.00   2       114.61       114.62
  1702   1702  227.92   50.00   2       114.62       114.62
  1703   1703  227.92   52.00   2       114.62       114.60
  1704   1704  227.92   54.00   2       114.60       114.60
  1705   1705  227.92   56.00   2       114.59       114.59
  1706   1706  227.92   58.00   2       114.59       114.58
  1707   1707  227.92   60.00   2       114.57       114.55
  1708   1708  227.92   62.00   2       114.58       114.56
  1709   1709  227.92   64.00   2       114.57       114.57
  1710   1710  227.92   66.00   2       114.56       114.57
  1711   1711  229.92    0.00   2       114.85       114.79
  1712   1712  229.92    2.00   2       115.86       114.75
  1713   1713  229.92    4.00   2       112.25       114.72
  1714   1714  229.92    6.00   2       114.76       114.74
  1715   1715  229.92    8.00   2       115.02       114.91
  1716   1716  229.92   10.00   2       114.81       114.75
  1717   1717  229.92   12.00   2       114.84       114.78
  1718   1718  229.92   14.00   2       114.71       114.70
  1719   1719  229.92   16.00   2       114.69       114.70
  1720   1720  229.92   18.00   2       114.68       114.68
  1721   1721  229.92   20.00   2       114.68       114.67
  1722   1722  229.92   22.00   2       114.68       114.67
  1723   1723  229.92   24.00   2       114.66       114.66
  1724   1724  229.92   26.00   2       114.67       114.67
  1725   1725  229.92   28.00   2       114.67       114.67
  1726   1726  229.92   30.00   2       114.66       114.64
  1727   1727  229.92   32.00   2       114.65       114.65
  1728   1728  229.92   34.00   2       114.66       114.65
  1729   1729  229.92   36.00   2       114.65       114.65
  1730   1730  229.92   38.00   2       114.65       114.63
  1731   1731  229.92   40.00   2       114.64       114.63
  1732   1732  229.92   42.00   2       114.64       114.63
  1733   1733  229.92   44.00   2       114.62       114.63
  1734   1734  229.92   46.00   2       114.64       114.64
  1735   1735  229.92   48.00   2       114.64       114.62
  1736   1736  229.92   50.00   2       114.62       114.61
  1737   1737  229.92   52.00   2       114.62       114.62
  1738   1738  229.92   54.00   2       114.62       114.61
  1739   1739  229.92   56.00   2       114.60       114.60
  1740   1740  229.92   58.00   2       114.60       114.58
  1741   1741  229.92   60.00   2       114.58       114.58
  1742   1742  229.92   62.00   2       114.57       114.58
  1743   1743  229.92   64.00   2       114.57       114.58
  1744   1744  229.92   66.00   2       114.57       114.56
  1745   1745  229.92   68.00   2       114.56       114.56
  1746   1746  231.92    0.00   2       114.73       114.73
  1747   1747  231.92    2.00   2       114.74       114.71
  1748   1748  231.92    4.00   2       114.73       114.72
  1749   1749  231.92    6.00   2       114.74       114.72
  1750   1750  231.92    8.00   2       114.72       114.73
  1751   1751  231.92   10.00   2       114.70       114.70
  1752   1752  231.92   12.00   2       114.71       114.69
  1753   1753  231.92   14.00   2       114.70       114.70
  1754   1754  231.92   16.00   2       114.70       114.71
  1755   1755  231.92   18.00   2       114.68       114.69
  1756   1756  231.92   20.00   2       114.68       114.67
  1757   1757  231.92   22.00   2       114.68       114.67
  1758   1758  231.92   24.00   2       114.68       114.67
  1759   1759  231.92   26.00   2       114.67       114.67
  1760   1760  231.92   28.00   2       114.66       114.66
  1761   1761  231.92   30.00   2       114.66       114.64
  1762   1762  231.92   32.00   2       114.65       114.63
  1763   1763  231.92   34.00   2       114.65       114.65
  1764   1764  231.92   36.00   2       114.64       114.65
  1765   1765  231.92   38.00   2       114.63       114.63
  1766   1766  231.92   40.00   2       114.61       114.60
  1767   1767  231.92   42.00   2       114.63       114.62
  1768   1768  231.92   44.00   2       114.63       114.63
  1769   1769  231.92   46.00   2       114.62       114.62
  1770   1770  231.92   48.00   2       114.63       114.61
  1771   1771  231.92   50.00   2       114.61       114.60
  1772   1772  231.92   52.00   2       114.61       114.61
  1773   1773  231.92   54.00   2       114.61       114.60
  1774   1774  231.92   56.00   2       114.61       114.61
  1775   1775  231.92   58.00   2       114.60       114.58
  1776   1776  231.92   60.00   2       114.60       114.59
  1777   1777  231.92   62.00   2       114.58       114.59
  1778   1778  231.92   64.00   2       114.59       114.58
  1779   1779  231.92   66.00   2       114.56       114.54
  1780   1780  231.92   68.00   2       114.55       114.55
  1781   1781  233.92    0.00   2       114.73       114.73
  1782   1782  233.92    2.00   2       114.72       114.71
  1783   1783  233.92    4.00   2       114.74       114.73
  1784   1784  233.92    6.00   2       114.73       114.72
  1785   1785  233.92    8.00   2       114.72       114.72
  1786   1786  233.92   10.00   2       114.71       114.71
  1787   1787  233.92   12.00   2       114.71       114.69
  1788   1788  233.92   14.00   2       114.70       114.70
  1789   1789  233.92   16.00   2       114.69       114.70
  1790   1790  233.92   18.00   2       114.68       114.70
  1791   1791  233.92   20.00   2       114.69       114.67
  1792   1792  233.92   22.00   2       114.68       114.66
  1793   1793  233.92   24.00   2       114.68       114.66
  1794   1794  233.92   26.00   2       114.66       114.67
  1795   1795  233.92   28.00   2       114.67       114.67
  1796   1796  233.92   30.00   2       114.64       114.63
  1797   1797  233.92   32.00   2       114.66       114.65
  1798   1798  233.92   34.00   2       114.66       114.64
  1799   1799  233.92   36.00   2       114.66       114.66
  1800   1800  233.92   38.00   2       114.63       114.62
  1801   1801  233.92   40.00   2       114.63       114.62
  1802   1802  233.92   42.00   2       114.63       114.63
  1803   1803  233.92   44.00   2       114.62       114.63
  1804   1804  233.92   46.00   2       114.62       114.61
  1805   1805  233.92   48.00   2       114.62       114.60
  1806   1806  233.92   50.00   2       114.62       114.61
  1807   1807  233.92   52.00   2       114.60       114.60
  1808   1808  233.92   54.00   2       114.60       114.61
  1809   1809  233.92   56.00   2       114.60       114.59
  1810   1810  233.92   58.00   2       114.60       114.58
  1811   1811  233.92   60.00   2       114.58       114.58
  1812   1812  233.92   62.00   2       114.58       114.58
  1813   1813  233.92   64.00   2       114.56       114.57
  1814   1814  233.92   66.00   2       114.57       114.56
  1815   1815  233.92   68.00   2       114.57       114.56
  1816   1816  235.92    0.00   2       114.73       114.72
  1817   1817  235.92    2.00   2       114.71       114.70
  1818   1818  235.92    4.00   2       114.74       114.73
  1819   1819  235.92    6.00   2       114.72       114.72
  1820   1820  235.92    8.00   2       114.73       114.73
  1821   1821  235.92   10.00   2       114.73       114.73
  1822   1822  235.92   12.00   2       114.72       114.70
  1823   1823  235.92   14.00   2       114.71       114.70
  1824   1824  235.92   16.00   2       114.70       114.71
  1825   1825  235.92   18.00   2       114.69       114.70
  1826   1826  235.92   20.00   2       114.69       114.67
  1827   1827  235.92   22.00   2       114.68       114.66
  1828   1828  235.92   24.00   2       114.68       114.67
  1829   1829  235.92   26.00   2       114.66       114.66
  1830   1830  235.92   28.00   2       114.65       114.67
  1831   1831  235.92   30.00   2       114.66       114.65
  1832   1832  235.92   32.00   2       114.66       114.64
  1833   1833  235.92   34.00   2       114.65       114.65
  1834   1834  235.92   36.00   2       114.65       114.65
  1835   1835  235.92   38.00   2       114.64       114.64
  1836   1836  235.92   40.00   2       114.64       114.63
  1837   1837  235.92   42.00   2       114.64       114.63
  1838   1838  235.92   44.00   2       114.62       114.63
  1839   1839  235.92   46.00   2       114.62       114.63
  1840   1840  235.92   48.00   2       114.62       114.62
  1841   1841  235.92   50.00   2       114.62       114.60
  1842   1842  235.92   52.00   2       114.61       114.60
  1843   1843  235.92   54.00   2       114.61       114.61
  1844   1844  235.92   56.00   2       114.60       114.60
  1845   1845  235.92   58.00   2       114.60       114.58
  1846   1846  235.92   60.00   2       114.59       114.57
  1847   1847  235.92   62.00   2       114.59       114.59
  1848   1848  235.92   64.00   2       114.58       114.57
  1849   1849  235.92   66.00   2       114.57       114.57
  1850   1850  235.92   68.00   2       114.57       114.55
  1851   1851  237.92    0.00   2       114.71       114.72
  1852   1852  237.92    2.00   2       114.72       114.71
  1853   1853  237.92    4.00   2       114.73       114.71
  1854   1854  237.92    6.00   2       114.73       114.73
  1855   1855  237.92    8.00   2       114.72       114.72
  1856   1856  237.92   10.00   2       114.73       114.73
  1857   1857  237.92   12.00   2       114.73       114.72
  1858   1858  237.92   14.00   2       114.70       114.70
  1859   1859  237.92   16.00   2       114.71       114.69
  1860   1860  237.92   18.00   2       114.69       114.70
  1861   1861  237.92   20.00   2       114.68       114.69
  1862   1862  237.92   22.00   2       114.68       114.67
  1863   1863  237.92   24.00   2       114.68       114.67
  1864   1864  237.92   26.00   2       114.68       114.68
  1865   1865  237.92   28.00   2       114.65       114.66
  1866   1866  237.92   30.00   2       114.66       114.65
  1867   1867  237.92   32.00   2       114.65       114.63
  1868   1868  237.92   34.00   2       114.66       114.66
  1869   1869  237.92   36.00   2       114.64       114.64
  1870   1870  237.92   38.00   2       114.63       114.64
  1871   1871  237.92   40.00   2       114.63       114.62
  1872   1872  237.92   42.00   2       114.63       114.62
  1873   1873  237.92   44.00   2       114.64       114.64
  1874   1874  237.92   46.00   2       114.62       114.62
  1875   1875  237.92   48.00   2       114.61       114.62
  1876   1876  237.92   50.00   2       114.62       114.60
  1877   1877  237.92   52.00   2       114.62       114.61
  1878   1878  237.92   54.00   2       114.62       114.61
  1879   1879  237.92   56.00   2       114.60       114.61
  1880   1880  237.92   58.00   2       114.60       114.60
  1881   1881  237.92   60.00   2       114.59       114.57
  1882   1882  237.92   62.00   2       114.57       114.57
  1883   1883  237.92   64.00   2       114.55       114.55
  1884   1884  237.92   66.00   2       114.57       114.57
  1885   1885  237.92   68.00   2       114.55       114.54
  1886   1886  239.92    0.00   2       114.73       114.72
  1887   1887  239.92    2.00   2       114.71       114.72
  1888   1888  239.92    4.00   2       114.72       114.71
  1889   1889  239.92    6.00   2       114.73       114.72
  1890   1890  239.92    8.00   2       114.72       114.72
  1891   1891  239.92   10.00   2       114.71       114.72
  1892   1892  239.92   12.00   2       114.72       114.72
  1893   1893  239.92   14.00   2       114.72       114.70
  1894   1894  239.92   16.00   2       114.69       114.68
  1895   1895  239.92   18.00   2       114.67       114.68
  1896   1896  239.92   20.00   2       114.69       114.70
  1897   1897  239.92   22.00   2       114.70       114.68
  1898   1898  239.92   24.00   2       114.67       114.65
  1899   1899  239.92   26.00   2       114.65       114.65
  1900   1900  239.92   28.00   2       114.66       114.66
  1901   1901  239.92   30.00   2       114.65       114.66
  1902   1902  239.92   32.00   2       114.66       114.65
  1903   1903  239.92   34.00   2       114.66       114.65
  1904   1904  239.92   36.00   2       114.66       114.65
  1905   1905  239.92   38.00   2       114.63       114.64
  1906   1906  239.92   40.00   2       114.63       114.63
  1907   1907  239.92   42.00   2       114.64       114.62
  1908   1908  239.92   44.00   2       114.62       114.62
  1909   1909  239.92   46.00   2       114.63       114.63
  1910   1910  239.92   48.00   2       114.62       114.63
  1911   1911  239.92   50.00   2       114.62       114.62
  1912   1912  239.92   52.00   2       114.61       114.60
  1913   1913  239.92   54.00   2       114.61       114.61
  1914   1914  239.92   56.00   2       114.61       114.61
  1915   1915  239.92   58.00   2       114.59       114.57
  1916   1916  239.92   60.00   2       114.59       114.56
  1917   1917  239.92   62.00   2       114.57       114.57
  1918   1918  239.92   64.00   2       114.56       114.56
  1919   1919  239.92   66.00   2       114.57       114.58
  1920   1920  239.92   68.00   2       114.56       114.54
  1921   1921  241.92    0.00   2       114.73       114.74
  1922   1922  241.92    2.00   2       114.73       114.74
  1923   1923  241.92    4.00   2       114.73       114.71
  1924   1924  241.92    6.00   2       114.73       114.73
  1925   1925  241.92    8.00   2       114.74       114.73
  1926   1926  241.92   10.00   2       114.71       114.72
  1927   1927  241.92   12.00   2       114.71       114.71
  1928   1928  241.92   14.00   2       114.69       114.68
  1929   1929  241.92   16.00   2       114.69       114.69
  1930   1930  241.92   18.00   2       114.68       114.68
  1931   1931  241.92   20.00   2       114.68       114.69
  1932   1932  241.92   22.00   2       114.68       114.67
  1933   1933  241.92   24.00   2       114.67       114.66
  1934   1934  241.92   26.00   2       114.66       114.65
  1935   1935  241.92   28.00   2       114.65       114.66
  1936   1936  241.92   30.00   2       114.65       114.64
  1937   1937  241.92   32.00   2       114.63       114.62
  1938   1938  241.92   34.00   2       114.63       114.62
  1939   1939  241.92   36.00   2       114.64       114.64
  1940   1940  241.92   38.00   2       114.62       114.64
  1941   1941  241.92   40.00   2       114.64       114.62
  1942   1942  241.92   42.00   2       114.60       114.59
  1943   1943  241.92   44.00   2       114.61       114.61
  1944   1944  241.92   46.00   2       114.61       114.62
  1945   1945  241.92   48.00   2       114.62       114.62
  1946   1946  241.92   50.00   2       114.61       114.60
  1947   1947  241.92   52.00   2       114.59       114.59
  1948   1948  241.92   54.00   2       114.61       114.60
  1949   1949  241.92   56.00   2       114.59       114.59
  1950   1950  241.92   58.00   2       114.59       114.58
  1951   1951  241.92   60.00   2       114.57       114.56
  1952   1952  241.92   62.00   2       114.59       114.58
  1953   1953  241.92   64.00   2       114.57       114.58
  1954   1954  241.92   66.00   2       114.57       114.56
  1955   1955  241.92   68.00   2       114.56       114.54
  1956   1956  243.92    0.00   2       114.72       114.71
  1957   1957  243.92    2.00   2       114.72       114.73
  1958   1958  243.92    4.00   2       114.72       114.72
  1959   1959  243.92    6.00   2       114.72       114.72
  1960   1960  243.92    8.00   2       114.71       114.71
  1961   1961  243.92   10.00   2       114.71       114.72
  1962   1962  243.92   12.00   2       114.71       114.72
  1963   1963  243.92   14.00   2       114.69       114.68
  1964   1964  243.92   16.00   2       114.67       114.66
  1965   1965  243.92   18.00   2       114.68       114.67
  1966   1966  243.92   20.00   2       114.68       114.69
  1967   1967  243.92   22.00   2       114.67       114.66
  1968   1968  243.92   24.00   2       114.67       114.66
  1969   1969  243.92   26.00   2       114.66       114.65
  1970   1970  243.92   28.00   2       114.64       114.64
  1971   1971  243.92   30.00   2       114.65       114.66
  1972   1972  243.92   32.00   2       114.64       114.62
  1973   1973  243.92   34.00   2       114.63       114.62
  1974   1974  243.92   36.00   2       114.64       114.64
  1975   1975  243.92   38.00   2       114.63       114.64
  1976   1976  243.92   40.00   2       114.62       114.61
  1977   1977  243.92   42.00   2       114.62       114.61
  1978   1978  243.92   44.00   2       114.63       114.62
  1979   1979  243.92   46.00   2       114.62       114.63
  1980   1980  243.92   48.00   2       114.61       114.62
  1981   1981  243.92   50.00   2       114.61       114.59
  1982   1982  243.92   52.00   2       114.60       114.60
  1983   1983  243.92   54.00   2       114.61       114.60
  1984   1984  243.92   56.00   2       114.60       114.60
  1985   1985  243.92   58.00   2       114.58       114.57
  1986   1986  243.92   60.00   2       114.58       114.57
  1987   1987  243.92   62.00   2       114.56       114.56
  1988   1988  243.92   64.00   2       114.57       114.58
  1989   1989  243.92   66.00   2       114.57       114.57
  1990   1990  243.92   68.00   2       114.55       114.54
  1991   1991  245.92    0.00   2       114.72       114.73
  1992   1992  245.92    2.00   2       114.73       114.74
  1993   1993  245.92    4.00   2       114.73       114.71
  1994   1994  245.92    6.00   2       114.72       114.70
  1995   1995  245.92    8.00   2       114.72       114.71
  1996   1996  245.92   10.00   2       114.70       114.71
  1997   1997  245.92   12.00   2       114.70       114.70
  1998   1998  245.92   14.00   2       114.69       114.67
  1999   1999  245.92   16.00   2       114.68       114.67
  2000   2000  245.92   18.00   2       114.67       114.68
  2001   2001  245.92   20.00   2       114.67       114.69
  2002   2002  245.92   22.00   2       114.66       114.65
  2003   2003  245.92   24.00   2       114.65       114.64
  2004   2004  245.92   26.00   2       114.67       114.66
  2005   2005  245.92   28.00   2       114.66       114.67
  2006   2006  245.92   30.00   2       114.63       114.64
  2007   2007  245.92   32.00   2       114.63       114.61
  2008   2008  245.92   34.00   2       114.65       114.63
  2009   2009  245.92   36.00   2       114.63       114.63
  2010   2010  245.92   38.00   2       114.62       114.63
  2011   2011  245.92   40.00   2       114.63       114.62
  2012   2012  245.92   42.00   2       114.63       114.62
  2013   2013  245.92   44.00   2       114.63       114.62
  2014   2014  245.92   46.00   2       114.60       114.61
  2015   2015  245.92   48.00   2       114.62       114.62
  2016   2016  245.92   50.00   2       114.61       114.60
  2017   2017  245.92   52.00   2       114.60       114.59
  2018   2018  245.92   54.00   2       114.59       114.60
  2019   2019  245.92   56.00   2       114.60       114.60
  2020   2020  245.92   58.00   2       114.59       114.59
  2021   2021  245.92   60.00   2       114.57       114.55
  2022   2022  245.92   62.00   2       114.56       114.55
  2023   2023  245.92   64.00   2       114.55       114.56
  2024   2024  245.92   66.00   2       114.55       114.57
  2025   2025  247.92    0.00   2       114.72       114.71
  2026   2026  247.92    2.00   2       114.72       114.71
  2027   2027  247.92    4.00   2       114.72       114.71
  2028   2028  247.92    6.00   2       114.71       114.72
  2029   2029  247.92    8.00   2       114.71       114.71
  2030   2030  247.92   10.00   2       114.70       114.68
  2031   2031  247.92   12.00   2       114.68       114.68
  2032   2032  247.92   14.00   2       114.69       114.69
  2033   2033  247.92   16.00   2       114.68       114.69
  2034   2034  247.92   18.00   2       114.68       114.66
  2035   2035  247.92   20.00   2       114.66       114.65
  2036   2036  247.92   22.00   2       114.67       114.66
  2037   2037  247.92   24.00   2       114.66       114.66
  2038   2038  247.92   26.00   2       114.66       114.67
  2039   2039  247.92   28.00   2       114.66       114.64
  2040   2040  247.92   30.00   2       114.64       114.63
  2041   2041  247.92   32.00   2       114.63       114.63
  2042   2042  247.92   34.00   2       114.63       114.64
  2043   2043  247.92   36.00   2       114.62       114.63
  2044   2044  247.92   38.00   2       114.63       114.61
  2045   2045  247.92   40.00   2       114.62       114.61
  2046   2046  247.92   42.00   2       114.61       114.62
  2047   2047  247.92   44.00   2       114.61       114.63
  2048   2048  247.92   46.00   2       114.61       114.60
  2049   2049  247.92   48.00   2       114.61       114.60
  2050   2050  247.92   50.00   2       114.60       114.60
  2051   2051  247.92   52.00   2       114.59       114.59
  2052   2052  247.92   54.00   2       114.59       114.60
  2053   2053  247.92   56.00   2       114.60       114.58
  2054   2054  247.92   58.00   2       114.58       114.57
  2055   2055  247.92   60.00   2       114.57       114.57
  2056   2056  247.92   62.00   2       114.56       114.57
  2057   2057  247.92   64.00   2       114.55       114.55
  2058   2058  247.92   66.00   2       114.54       114.53
  2059   2059  249.92    0.00   2       114.72       114.71
  2060   2060  249.92    2.00   2       114.72       114.72
  2061   2061  249.92    4.00   2       114.72       114.73
  2062   2062  249.92    6.00   2       114.72       114.72
  2063   2063  249.92    8.00   2       114.73       114.70
  2064   2064  249.92   10.00   2       114.69       114.69
  2065   2065  249.92   12.00   2       114.71       114.70
  2066   2066  249.92   14.00   2       114.67       114.68
  2067   2067  249.92   16.00   2       114.68       114.68
  2068   2068  249.92   18.00   2       114.66       114.64
  2069   2069  249.92   20.00   2       114.66       114.66
  2070   2070  249.92   22.00   2       114.66       114.67
  2071   2071  249.92   24.00   2       114.65       114.66
  2072   2072  249.92   26.00   2       114.65       114.64
  2073   2073  249.92   28.00   2       114.64       114.63
  2074   2074  249.92   30.00   2       114.63       114.63
  2075   2075  249.92   32.00   2       114.62       114.63
  2076   2076  249.92   34.00   2       114.62       114.62
  2077   2077  249.92   36.00   2       114.63       114.61
  2078   2078  249.92   38.00   2       114.64       114.63
  2079   2079  249.92   40.00   2       114.63       114.63
  2080   2080  249.92   42.00   2       114.61       114.62
  2081   2081  249.92   44.00   2       114.61       114.60
  2082   2082  249.92   46.00   2       114.62       114.61
  2083   2083  249.92   48.00   2       114.61       114.61
  2084   2084  249.92   50.00   2       114.61       114.60
  2085   2085  249.92   52.00   2       114.59       114.59
  2086   2086  249.92   54.00   2       114.57       114.55
  2087   2087  249.92   56.00   2       114.56       114.55
  2088   2088  249.92   58.00   2       114.56       114.56
  2089   2089  249.92   60.00   2       114.56       114.57
  2090   2090  249.92   62.00   2       114.56       114.55
  2091   2091  249.92   64.00   2       114.55       114.54
  2092   2092  251.92    0.00   2       114.73       114.71
  2093   2093  251.92    2.00   2       114.72       114.71
  2094   2094  251.92    4.00   2       114.72       114.71
  2095   2095  251.92    6.00   2       114.70       114.71
  2096   2096  251.92    8.00   2       114.70       114.68
  2097   2097  251.92   10.00   2       114.68       114.68
  2098   2098  251.92   12.00   2       114.69       114.69
  2099   2099  251.92   14.00   2       114.69       114.68
  2100   2100  251.92   16.00   2       114.68       114.68
  2101   2101  251.92   18.00   2       114.66       114.64
  2102   2102  251.92   20.00   2       114.66       114.65
  2103   2103  251.92   22.00   2       114.64       114.65
  2104   2104  251.92   24.00   2       114.64       114.65
  2105   2105  251.92   26.00   2       114.63       114.63
  2106   2106  251.92   28.00   2       114.64       114.63
  2107   2107  251.92   30.00   2       114.63       114.63
  2108   2108  251.92   32.00   2       114.63       114.63
  2109   2109  251.92   34.00   2       114.62       114.63
  2110   2110  251.92   36.00   2       114.63       114.61
  2111   2111  251.92   38.00   2       114.62       114.61
  2112   2112  251.92   40.00   2       114.59       114.60
  2113   2113  251.92   42.00   2       114.61       114.62
  2114   2114  251.92   44.00   2       114.59       114.57
  2115   2115  251.92   46.00   2       114.60       114.59
  2116   2116  251.92   48.00   2       114.60       114.58
  2117   2117  251.92   50.00   2       114.58       114.58
  2118   2118  251.92   52.00   2       114.56       114.55
  2119   2119  251.92   54.00   2       114.57       114.54
  2120   2120  251.92   56.00   2       114.55       114.55
  2121   2121  251.92   58.00   2       114.55       114.55
  2122   2122  251.92   60.00   2       114.55       114.56
  2123   2123  251.92   62.00   2       114.54       114.53
  2124   2124  253.92    0.00   2       114.71       114.70
  2125   2125  253.92    2.00   2       114.72       114.70
  2126   2126  253.92    4.00   2       114.70       114.69
  2127   2127  253.92    6.00   2       114.69       114.69
  2128   2128  253.92    8.00   2       114.69       114.69
  2129   2129  253.92   10.00   2       114.69       114.67
  2130   2130  253.92   12.00   2       114.66       114.65
  2131   2131  253.92   14.00   2       114.66       114.67
  2132   2132  253.92   16.00   2       114.65       114.66
  2133   2133  253.92   18.00   2       114.65       114.64
  2134   2134  253.92   20.00   2       114.64       114.63
  2135   2135  253.92   22.00   2       114.64       114.64
  2136   2136  253.92   24.00   2       114.63       114.64
  2137   2137  253.92   26.00   2       114.62       114.63
  2138   2138  253.92   28.00   2       114.63       114.62
  2139   2139  253.92   30.00   2       114.64       114.63
  2140   2140  253.92   32.00   2       114.63       114.62
  2141   2141  253.92   34.00   2       114.61       114.62
  2142   2142  253.92   36.00   2       114.62       114.60
  2143   2143  253.92   38.00   2       114.62       114.61
  2144   2144  253.92   40.00   2       114.61       114.61
  2145   2145  253.92   42.00   2       114.60       114.60
  2146   2146  253.92   44.00   2       114.59       114.59
  2147   2147  253.92   46.00   2       114.59       114.56
  2148   2148  253.92   48.00   2       114.57       114.56
  2149   2149  253.92   50.00   2       114.57       114.57
  2150   2150  253.92   52.00   2       114.55       114.56
  2151   2151  253.92   54.00   2       114.55       114.53
  2152   2152  253.92   56.00   2       114.54       114.53
  2153   2153  253.92   58.00   2       114.54       114.54
  2154   2154  253.92   60.00   2       114.53       114.54
  2155   2155  255.92    0.00   2       114.70       114.69
  2156   2156  255.92    2.00   2       114.70       114.71
  2157   2157  255.92    4.00   2       114.69       114.70
  2158   2158  255.92    6.00   2       114.69       114.67
  2159   2159  255.92    8.00   2       114.69       114.67
  2160   2160  255.92   10.00   2       114.67       114.67
  2161   2161  255.92   12.00   2       114.67       114.68
  2162   2162  255.92   14.00   2       114.67       114.66
  2163   2163  255.92   16.00   2       114.63       114.62
  2164   2164  255.92   18.00   2       114.64       114.63
  2165   2165  255.92   20.00   2       114.64       114.65
  2166   2166  255.92   22.00   2       114.64       114.65
  2167   2167  255.92   24.00   2       114.62       114.61
  2168   2168  255.92   26.00   2       114.63       114.62
  2169   2169  255.92   28.00   2       114.61       114.61
  2170   2170  255.92   30.00   2       114.61       114.62
  2171   2171  255.92   32.00   2       114.61       114.61
  2172   2172  255.92   34.00   2       114.61       114.60
  2173   2173  255.92   36.00   2       114.61       114.60
  2174   2174  255.92   38.00   2       114.61       114.62
  2175   2175  255.92   40.00   2       114.61       114.62
  2176   2176  255.92   42.00   2       114.59       114.58
  2177   2177  255.92   44.00   2       114.58       114.56
  2178   2178  255.92   46.00   2       114.56       114.56
  2179   2179  255.92   48.00   2       114.56       114.57
  2180   2180  255.92   50.00   2       114.54       114.55
  2181   2181  255.92   52.00   2       114.56       114.55
  2182   2182  255.92   54.00   2       114.54       114.53
  2183   2183  255.92   56.00   2       114.56       114.56
  2184   2184  255.92   58.00   2       114.55       114.56
  2185   2185  257.92    0.00   2       114.68       114.67
  2186   2186  257.92    2.00   2       114.68       114.66
  2187   2187  257.92    4.00   2       114.67       114.68
  2188   2188  257.92    6.00   2       114.67       114.67
  2189   2189  257.92    8.00   2       114.67       114.66
  2190   2190  257.92   10.00   2       114.65       114.64
  2191   2191  257.92   12.00   2       114.63       114.63
  2192   2192  257.92   14.00   2       114.65       114.64
  2193   2193  257.92   16.00   2       114.63       114.64
  2194   2194  257.92   18.00   2       114.63       114.62
  2195   2195  257.92   20.00   2       114.63       114.62
  2196   2196  257.92   22.00   2       114.62       114.61
  2197   2197  257.92   24.00   2       114.62       114.63
  2198   2198  257.92   26.00   2       114.62       114.61
  2199   2199  257.92   28.00   2       114.61       114.59
  2200   2200  257.92   30.00   2       114.60       114.60
  2201   2201  257.92   32.00   2       114.59       114.60
  2202   2202  257.92   34.00   2       114.60       114.62
  2203   2203  257.92   36.00   2       114.59       114.57
  2204   2204  257.92   38.00   2       114.58       114.57
  2205   2205  257.92   40.00   2       114.59       114.59
  2206   2206  257.92   42.00   2       114.57       114.57
  2207   2207  257.92   44.00   2       114.56       114.56
  2208   2208  257.92   46.00   2       114.55       114.53
  2209   2209  257.92   48.00   2       114.54       114.52
  2210   2210  257.92   50.00   2       114.55       114.55
  2211   2211  257.92   52.00   2       114.55       114.55
  2212   2212  257.92   54.00   2       114.54       114.53
  2213   2213  259.92    0.00   2       114.68       114.66
  2214   2214  259.92    2.00   2       114.67       114.67
  2215   2215  259.92    4.00   2       114.66       114.66
  2216   2216  259.92    6.00   2       114.66       114.67
  2217   2217  259.92    8.00   2       114.64       114.62
  2218   2218  259.92   10.00   2       114.63       114.63
  2219   2219  259.92   12.00   2       114.63       114.64
  2220   2220  259.92   14.00   2       114.63       114.64
  2221   2221  259.92   16.00   2       114.63       114.64
  2222   2222  259.92   18.00   2       114.63       114.61
  2223   2223  259.92   20.00   2       114.62       114.61
  2224   2224  259.92   22.00   2       114.61       114.61
  2225   2225  259.92   24.00   2       114.60       114.60
  2226   2226  259.92   26.00   2       114.60       114.59
  2227   2227  259.92   28.00   2       114.60       114.59
  2228   2228  259.92   30.00   2       114.60       114.60
  2229   2229  259.92   32.00   2       114.59       114.59
  2230   2230  259.92   34.00   2       114.58       114.60
  2231   2231  259.92   36.00   2       114.57       114.55
  2232   2232  259.92   38.00   2       114.56       114.55
  2233   2233  259.92   40.00   2       114.55       114.56
  2234   2234  259.92   42.00   2       114.54       114.55
  2235   2235  259.92   44.00   2       114.56       114.55
  2236   2236  259.92   46.00   2       114.55       114.53
  2237   2237  259.92   48.00   2       114.55       114.54
  2238   2238  259.92   50.00   2       114.54       114.54
  2239   2239  259.92   52.00   2       114.54       114.55
  2240   2240  261.92    0.00   2       114.66       114.66
  2241   2241  261.92    2.00   2       114.64       114.64
  2242   2242  261.92    4.00   2       114.64       114.63
  2243   2243  261.92    6.00   2       114.64       114.63
  2244   2244  261.92    8.00   2       114.64       114.65
  2245   2245  261.92   10.00   2       114.63       114.64
  2246   2246  261.92   12.00   2       114.62       114.62
  2247   2247  261.92   14.00   2       114.62       114.59
  2248   2248  261.92   16.00   2       114.61       114.61
  2249   2249  261.92   18.00   2       114.62       114.61
  2250   2250  261.92   20.00   2       114.59       114.60
  2251   2251  261.92   22.00   2       114.60       114.58
  2252   2252  261.92   24.00   2       114.60       114.59
  2253   2253  261.92   26.00   2       114.59       114.59
  2254   2254  261.92   28.00   2       114.57       114.58
  2255   2255  261.92   30.00   2       114.56       114.56
  2256   2256  261.92   32.00   2       114.55       114.54
  2257   2257  261.92   34.00   2       114.56       114.55
  2258   2258  261.92   36.00   2       114.54       114.54
  2259   2259  261.92   38.00   2       114.54       114.55
  2260   2260  261.92   40.00   2       114.55       114.54
  2261   2261  261.92   42.00   2       114.55       114.54
  2262   2262  261.92   44.00   2       114.54       114.54
  2263   2263  261.92   46.00   2       114.54       114.55
  2264   2264  261.92   48.00   2       114.54       114.54
  2265   2265  263.92    0.00   2       114.63       114.62
  2266   2266  263.92    2.00   2       114.61       114.61
  2267   2267  263.92    4.00   2       114.62       114.60
  2268   2268  263.92    6.00   2       114.62       114.62
  2269   2269  263.92    8.00   2       114.62       114.61
  2270   2270  263.92   10.00   2       114.60       114.61
  2271   2271  263.92   12.00   2       114.62       114.59
  2272   2272  263.92   14.00   2       114.59       114.59
  2273   2273  263.92   16.00   2       114.60       114.60
  2274   2274  263.92   18.00   2       114.58       114.59
  2275   2275  263.92   20.00   2       114.58       114.57
  2276   2276  263.92   22.00   2       114.57       114.56
  2277   2277  263.92   24.00   2       114.55       114.55
  2278   2278  263.92   26.00   2       114.54       114.55
  2279   2279  263.92   28.00   2       114.55       114.56
  2280   2280  263.92   30.00   2       114.56       114.54
  2281   2281  263.92   32.00   2       114.54       114.54
  2282   2282  263.92   34.00   2       114.55       114.55
  2283   2283  263.92   36.00   2       114.55       114.55
  2284   2284  263.92   38.00   2       114.56       114.54
  2285   2285  263.92   40.00   2       114.53       114.52
  2286   2286  263.92   42.00   2       114.54       114.54
  2287   2287  265.92    0.00   2       114.60       114.59
  2288   2288  265.92    2.00   2       114.61       114.60
  2289   2289  265.92    4.00   2       114.60       114.60
  2290   2290  265.92    6.00   2       114.57       114.58
  2291   2291  265.92    8.00   2       114.57       114.55
  2292   2292  265.92   10.00   2       114.58       114.57
  2293   2293  265.92   12.00   2       114.55       114.56
  2294   2294  265.92   14.00   2       114.55       114.55
  2295   2295  265.92   16.00   2       114.55       114.53
  2296   2296  265.92   18.00   2       114.55       114.54
  2297   2297  265.92   20.00   2       114.55       114.55
  2298   2298  265.92   22.00   2       114.55       114.55
  2299   2299  265.92   24.00   2       114.55       114.55
  2300   2300  265.92   26.00   2       114.53       114.52
  2301   2301  265.92   28.00   2       114.54       114.53
  2302   2302  265.92   30.00   2       114.55       114.55
  2303   2303  265.92   32.00   2       114.54       114.55
  2304   2304  265.92   34.00   2       114.54       114.54
  2305   2305  265.92   36.00   2       114.55       114.53
  2306   2306  267.92    0.00   2       114.56       114.54
  2307   2307  267.92    2.00   2       114.53       114.54
  2308   2308  267.92    4.00   2       114.55       114.55
  2309   2309  267.92    6.00   2       114.54       114.53
  2310   2310  267.92    8.00   2       114.55       114.54
  2311   2311  267.92   10.00   2       114.53       114.54
  2312   2312  267.92   12.00   2       114.54       114.56
  2313   2313  267.92   14.00   2       114.54       114.53
  2314   2314  267.92   16.00   2       114.54       114.53
  2315   2315  267.92   18.00   2       114.54       114.54
  2316   2316  267.92   20.00   2       114.54       114.54
  2317   2317  267.92   22.00   2       114.54       114.54
  2318   2318  267.92   24.00   2       114.55       114.53
  2319   2319  267.92   26.00   2       114.54       114.53
  2320   2320  267.92   28.00   2       114.54       114.54
  2321   2321  267.92   30.00   2       114.54       114.54
  2322   2322  269.92    0.00   2       114.56       114.55
  2323   2323  269.92    2.00   2       114.55       114.56
  2324   2324  269.92    4.00   2       114.55       114.53
  2325   2325  269.92    6.00   2       114.55       114.54
  2326   2326  269.92    8.00   2       114.55       114.54
  2327   2327  269.92   10.00   2       114.54       114.55
  2328   2328  269.92   12.00   2       114.55       114.53
  2329   2329  269.92   14.00   2       114.54       114.53
  2330   2330  269.92   16.00   2       114.55       114.54
  2331   2331  269.92   18.00   2       114.54       114.54
  2332   2332  269.92   20.00   2       114.55       114.55
# END: scan time was  13422.3134789  seconds
