# Sensor scan measurement of Sensor IR1
# Iin=    34.80 mA ,  Vin= 12136.90 mV, T=    18.93 C 
# scanRangeX 151.50 mm; scanRangeY  70.00 mm; stepSize   2.00 mm; initialOffset   4.00 mm; sensorX 236.50 mm; start position at (x|y)=( 26.00|  0.00) mm
# iStep, iStep, Pos x, Pos y, nMeas, Meas1 ... MeasN
  1259   1259   26.00    0.00   2       114.93       114.95
  1260   1260   26.00    2.00   2       114.90       114.92
  1261   1261   26.00    4.00   2       114.96       114.95
  1262   1262   26.00    6.00   2       115.00       114.97
  1263   1263   26.00    8.00   2       113.47       114.88
  1264   1264   26.00   10.00   2       111.98       114.85
  1294   1294   26.00    0.00   2       114.65       114.75
  1295   1295   26.00    2.00   2       114.94       114.94
  1296   1296   26.00    4.00   2       114.96       114.95
  1297   1297   26.00    6.00   2       114.98       114.96
  1298   1298   26.00    8.00   2       113.46       114.87
  1299   1299   26.00   10.00   2       113.00       114.86
  1300   1300   26.00   12.00   2       111.97       114.83
  1301   1301   26.00   14.00   2       114.87       114.90
  1302   1302   26.00   16.00   2       114.94       114.96
  1303   1303   26.00   18.00   2       114.95       114.95
  1304   1304   26.00   20.00   2       114.97       114.96
  1305   1305   26.00   22.00   2       114.98       114.96
  1306   1306   26.00   24.00   2       113.83       114.91
  1328   1328   26.00    0.00   2       114.98       114.96
  1329   1329   26.00    2.00   2       114.92       114.94
  1330   1330   26.00    4.00   2       114.94       114.94
  1331   1331   26.00    6.00   2       114.94       114.93
  1332   1332   26.00    8.00   2       114.94       114.94
  1333   1333   26.00   10.00   2       113.48       114.91
  1334   1334   26.00   12.00   2       113.31       114.86
  1335   1335   26.00   14.00   2       111.99       114.83
  1336   1336   26.00   16.00   2       114.85       114.88
  1337   1337   26.00   18.00   2       114.92       114.94
  1338   1338   26.00   20.00   2       114.90       114.92
  1339   1339   26.00   22.00   2       114.95       114.95
  1340   1340   26.00   24.00   2       114.99       114.96
  1341   1341   26.00   26.00   2       115.00       114.97
  1342   1342   26.00   28.00   2       113.39       114.87
  1343   1343   26.00   30.00   2       113.08       114.84
  1344   1344   26.00   32.00   2       114.85       114.89
  1345   1345   26.00   34.00   2       114.90       114.92
  1362   1362   26.00    0.00   2       114.93       114.94
  1363   1363   26.00    2.00   2       114.87       114.90
  1364   1364   26.00    4.00   2       114.91       114.93
  1365   1365   26.00    6.00   2       114.94       114.95
  1366   1366   26.00    8.00   2       114.93       114.93
  1367   1367   26.00   10.00   2       114.96       114.96
  1368   1368   26.00   12.00   2       113.27       114.86
  1369   1369   26.00   14.00   2       111.98       114.84
  1370   1370   26.00   16.00   2       114.85       114.89
  1371   1371   26.00   18.00   2       114.88       114.90
  1372   1372   26.00   20.00   2       114.92       114.94
  1373   1373   26.00   22.00   2       114.95       114.94
  1374   1374   26.00   24.00   2       114.96       114.94
  1375   1375   26.00   26.00   2       114.95       114.94
  1376   1376   26.00   28.00   2       113.22       114.87
  1377   1377   26.00   30.00   2       114.86       114.89
  1378   1378   26.00   32.00   2       114.88       114.91
  1379   1379   26.00   34.00   2       114.93       114.94
  1380   1380   26.00   36.00   2       114.96       114.95
  1381   1381   26.00   38.00   2       114.94       114.94
  1382   1382   26.00   40.00   2       114.97       114.96
  1395   1395   26.00    0.00   2       114.96       114.95
  1396   1396   26.00    2.00   2       114.97       114.96
  1397   1397   26.00    4.00   2       113.96       114.35
  1398   1398   26.00    6.00   2       114.95       114.95
  1399   1399   26.00    8.00   2       113.16       114.88
  1400   1400   26.00   10.00   2       114.86       114.88
  1401   1401   26.00   12.00   2       114.85       114.89
  1402   1402   26.00   14.00   2       114.88       114.91
  1403   1403   26.00   16.00   2       114.93       114.94
  1404   1404   26.00   18.00   2       114.95       114.95
  1405   1405   26.00   20.00   2       114.96       114.94
  1406   1406   26.00   22.00   2       114.97       114.96
  1407   1407   26.00   24.00   2       114.87       114.89
  1408   1408   26.00   26.00   2       111.97       114.84
  1409   1409   26.00   28.00   2       114.87       114.90
  1410   1410   26.00   30.00   2       114.88       114.90
  1411   1411   26.00   32.00   2       114.91       114.93
  1412   1412   26.00   34.00   2       114.96       114.94
  1413   1413   26.00   36.00   2       114.95       114.94
  1414   1414   26.00   38.00   2       114.97       114.96
  1415   1415   26.00   40.00   2       113.44       114.85
  1416   1416   26.00   42.00   2       114.85       114.88
  1417   1417   26.00   44.00   2       111.96       114.82
  1427   1427   26.00    0.00   2       113.08       114.82
  1428   1428   26.00    2.00   2       114.86       114.89
  1429   1429   26.00    4.00   2       114.91       114.93
  1430   1430   26.00    6.00   2       114.93       114.94
  1431   1431   26.00    8.00   2       114.95       114.94
  1432   1432   26.00   10.00   2       113.90       114.98
  1433   1433   26.00   12.00   2       114.95       114.94
  1434   1434   26.00   14.00   2       113.44       114.86
  1435   1435   26.00   16.00   2       112.90       114.83
  1436   1436   26.00   18.00   2       114.88       114.89
  1437   1437   26.00   20.00   2       114.92       114.93
  1438   1438   26.00   22.00   2       114.90       114.91
  1439   1439   26.00   24.00   2       114.95       114.95
  1440   1440   26.00   26.00   2       114.94       114.94
  1441   1441   26.00   28.00   2       114.95       114.94
  1442   1442   26.00   30.00   2       114.95       114.95
  1443   1443   26.00   32.00   2       113.23       114.90
  1444   1444   26.00   34.00   2       114.86       114.88
  1445   1445   26.00   36.00   2       114.84       114.88
  1446   1446   26.00   38.00   2       114.89       114.91
  1447   1447   26.00   40.00   2       114.94       114.96
  1448   1448   26.00   42.00   2       114.94       114.94
  1449   1449   26.00   44.00   2       114.97       114.95
  1450   1450   26.00   46.00   2       114.98       114.96
  1451   1451   26.00   48.00   2       113.36       114.86
  1458   1458   26.00    0.00   2       115.00       114.97
  1459   1459   26.00    2.00   2       113.25       114.87
  1460   1460   26.00    4.00   2       111.99       114.83
  1461   1461   26.00    6.00   2       114.87       114.89
  1462   1462   26.00    8.00   2       114.91       114.92
  1463   1463   26.00   10.00   2       114.90       114.91
  1464   1464   26.00   12.00   2       114.92       114.93
  1465   1465   26.00   14.00   2       114.94       114.94
  1466   1466   26.00   16.00   2       114.97       114.95
  1467   1467   26.00   18.00   2       113.33       114.86
  1468   1468   26.00   20.00   2       113.05       114.81
  1469   1469   26.00   22.00   2       114.84       114.88
  1470   1470   26.00   24.00   2       114.89       114.91
  1471   1471   26.00   26.00   2       114.90       114.92
  1472   1472   26.00   28.00   2       114.93       114.94
  1473   1473   26.00   30.00   2       114.97       114.95
  1474   1474   26.00   32.00   2       114.98       114.97
  1475   1475   26.00   34.00   2       113.55       114.87
  1476   1476   26.00   36.00   2       113.12       114.86
  1477   1477   26.00   38.00   2       114.86       114.89
  1478   1478   26.00   40.00   2       114.88       114.90
  1479   1479   26.00   42.00   2       114.89       114.92
  1480   1480   26.00   44.00   2       114.96       114.95
  1481   1481   26.00   46.00   2       114.94       114.94
  1482   1482   26.00   48.00   2       114.95       114.95
  1483   1483   26.00   50.00   2       113.46       114.86
  1484   1484   26.00   52.00   2       111.98       114.84
  1488   1488   26.00    0.00   2       113.98       114.31
  1489   1489   26.00    2.00   2       114.96       114.95
  1490   1490   26.00    4.00   2       113.40       114.90
  1491   1491   26.00    6.00   2       113.01       114.85
  1492   1492   26.00    8.00   2       114.86       114.88
  1493   1493   26.00   10.00   2       114.88       114.90
  1494   1494   26.00   12.00   2       114.88       114.90
  1495   1495   26.00   14.00   2       114.93       114.93
  1496   1496   26.00   16.00   2       114.94       114.93
  1497   1497   26.00   18.00   2       114.93       114.93
  1498   1498   26.00   20.00   2       114.97       114.96
  1499   1499   26.00   22.00   2       113.47       114.84
  1500   1500   26.00   24.00   2       113.08       114.86
  1501   1501   26.00   26.00   2       114.86       114.89
  1502   1502   26.00   28.00   2       114.87       114.90
  1503   1503   26.00   30.00   2       114.91       114.93
  1504   1504   26.00   32.00   2       114.94       114.95
  1505   1505   26.00   34.00   2       114.94       114.94
  1506   1506   26.00   36.00   2       113.40       114.86
  1507   1507   26.00   38.00   2       114.86       114.89
  1508   1508   26.00   40.00   2       114.88       114.90
  1509   1509   26.00   42.00   2       114.88       114.90
  1510   1510   26.00   44.00   2       114.91       114.92
  1511   1511   26.00   46.00   2       114.95       114.95
  1512   1512   26.00   48.00   2       114.94       114.94
  1513   1513   26.00   50.00   2       113.70       114.94
  1514   1514   26.00   52.00   2       114.98       114.96
  1515   1515   26.00   54.00   2       112.97       114.85
  1516   1516   26.00   56.00   2       111.96       114.83
  1517   1517   26.00    0.00   2       114.86       114.88
  1518   1518   26.00    2.00   2       114.90       114.92
  1519   1519   26.00    4.00   2       114.94       114.94
  1520   1520   26.00    6.00   2       114.96       114.96
  1521   1521   26.00    8.00   2       114.99       114.96
  1522   1522   26.00   10.00   2       113.43       114.87
  1523   1523   26.00   12.00   2       111.99       114.83
  1524   1524   26.00   14.00   2       114.87       114.90
  1525   1525   26.00   16.00   2       114.91       114.92
  1526   1526   26.00   18.00   2       114.92       114.93
  1527   1527   26.00   20.00   2       114.93       114.94
  1528   1528   26.00   22.00   2       114.96       114.94
  1529   1529   26.00   24.00   2       114.98       114.96
  1530   1530   26.00   26.00   2       113.30       114.90
  1531   1531   26.00   28.00   2       112.92       114.86
  1532   1532   26.00   30.00   2       114.84       114.88
  1533   1533   26.00   32.00   2       114.87       114.89
  1534   1534   26.00   34.00   2       114.90       114.92
  1535   1535   26.00   36.00   2       114.92       114.93
  1536   1536   26.00   38.00   2       114.98       114.97
  1537   1537   26.00   40.00   2       114.91       114.91
  1538   1538   26.00   42.00   2       114.94       114.92
  1539   1539   26.00   44.00   2       113.03       114.85
  1540   1540   26.00   46.00   2       113.03       114.85
  1541   1541   26.00   48.00   2       111.96       114.82
  1542   1542   26.00   50.00   2       114.89       114.91
  1543   1543   26.00   52.00   2       114.91       114.93
  1544   1544   26.00   54.00   2       114.93       114.95
  1545   1545   26.00   56.00   2       114.93       114.92
  1546   1546   26.00   58.00   2       114.94       114.94
  1547   1547   26.00    0.00   2       114.93       114.94
  1548   1548   26.00    2.00   2       114.94       114.95
  1549   1549   26.00    4.00   2       114.91       114.93
  1550   1550   26.00    6.00   2       114.95       114.95
  1551   1551   26.00    8.00   2       114.94       114.93
  1552   1552   26.00   10.00   2       114.98       114.96
  1553   1553   26.00   12.00   2       113.36       114.86
  1554   1554   26.00   14.00   2       114.84       114.87
  1555   1555   26.00   16.00   2       114.85       114.89
  1556   1556   26.00   18.00   2       114.88       114.90
  1557   1557   26.00   20.00   2       114.92       114.93
  1558   1558   26.00   22.00   2       114.97       114.96
  1559   1559   26.00   24.00   2       114.92       114.92
  1560   1560   26.00   26.00   2       113.16       114.87
  1561   1561   26.00   28.00   2       113.03       114.86
  1562   1562   26.00   30.00   2       114.86       114.89
  1563   1563   26.00   32.00   2       114.87       114.91
  1564   1564   26.00   34.00   2       114.87       114.90
  1565   1565   26.00   36.00   2       114.90       114.92
  1566   1566   26.00   38.00   2       114.94       114.94
  1567   1567   26.00   40.00   2       114.93       114.93
  1568   1568   26.00   42.00   2       114.92       114.91
  1569   1569   26.00   44.00   2       113.35       114.87
  1570   1570   26.00   46.00   2       113.03       114.84
  1571   1571   26.00   48.00   2       111.98       114.83
  1572   1572   26.00   50.00   2       114.87       114.89
  1573   1573   26.00   52.00   2       114.88       114.90
  1574   1574   26.00   54.00   2       114.94       114.93
  1575   1575   26.00   56.00   2       114.94       114.92
  1576   1576   26.00   58.00   2       114.93       114.92
  1577   1577   26.00   60.00   2       114.93       114.94
  1578   1578   26.00    0.00   2       114.93       114.92
  1579   1579   26.00    2.00   2       114.70       114.77
  1580   1580   26.00    4.00   2       114.92       114.93
  1581   1581   26.00    6.00   2       114.97       114.94
  1582   1582   26.00    8.00   2       114.96       114.95
  1583   1583   26.00   10.00   2       113.56       114.85
  1584   1584   26.00   12.00   2       113.08       114.85
  1585   1585   26.00   14.00   2       114.86       114.87
  1586   1586   26.00   16.00   2       114.89       114.91
  1587   1587   26.00   18.00   2       114.92       114.94
  1588   1588   26.00   20.00   2       114.90       114.91
  1589   1589   26.00   22.00   2       114.97       114.96
  1590   1590   26.00   24.00   2       114.94       114.94
  1591   1591   26.00   26.00   2       114.96       114.94
  1592   1592   26.00   28.00   2       113.52       114.85
  1593   1593   26.00   30.00   2       113.03       114.86
  1594   1594   26.00   32.00   2       114.88       114.90
  1595   1595   26.00   34.00   2       114.89       114.91
  1596   1596   26.00   36.00   2       114.93       114.94
  1597   1597   26.00   38.00   2       114.95       114.94
  1598   1598   26.00   40.00   2       114.96       114.95
  1599   1599   26.00   42.00   2       114.95       114.95
  1600   1600   26.00   44.00   2       113.04       114.82
  1601   1601   26.00   46.00   2       114.87       114.90
  1602   1602   26.00   48.00   2       114.92       114.92
  1603   1603   26.00   50.00   2       114.92       114.90
  1604   1604   26.00   52.00   2       114.92       114.92
  1605   1605   26.00   54.00   2       114.93       114.94
  1606   1606   26.00   56.00   2       114.92       114.93
  1607   1607   26.00   58.00   2       114.93       114.92
  1608   1608   26.00   60.00   2       114.93       114.93
  1609   1609   26.00   62.00   2       114.93       114.93
  1610   1610   26.00    0.00   2       114.95       114.94
  1611   1611   26.00    2.00   2       111.97       114.83
  1612   1612   26.00    4.00   2       114.85       114.87
  1613   1613   26.00    6.00   2       114.90       114.92
  1614   1614   26.00    8.00   2       114.90       114.91
  1615   1615   26.00   10.00   2       114.92       114.93
  1616   1616   26.00   12.00   2       114.94       114.93
  1617   1617   26.00   14.00   2       114.97       114.94
  1618   1618   26.00   16.00   2       114.97       114.95
  1619   1619   26.00   18.00   2       113.35       114.84
  1620   1620   26.00   20.00   2       111.96       114.83
  1621   1621   26.00   22.00   2       114.87       114.90
  1622   1622   26.00   24.00   2       114.95       114.95
  1623   1623   26.00   26.00   2       114.93       114.94
  1624   1624   26.00   28.00   2       114.94       114.94
  1625   1625   26.00   30.00   2       114.92       114.92
  1626   1626   26.00   32.00   2       113.29       114.84
  1627   1627   26.00   34.00   2       114.90       114.91
  1628   1628   26.00   36.00   2       114.86       114.89
  1629   1629   26.00   38.00   2       114.88       114.90
  1630   1630   26.00   40.00   2       114.89       114.91
  1631   1631   26.00   42.00   2       114.91       114.92
  1632   1632   26.00   44.00   2       114.92       114.91
  1633   1633   26.00   46.00   2       114.93       114.92
  1634   1634   26.00   48.00   2       114.92       114.93
  1635   1635   26.00   50.00   2       114.93       114.94
  1636   1636   26.00   52.00   2       114.94       114.94
  1637   1637   26.00   54.00   2       114.93       114.91
  1638   1638   26.00   56.00   2       114.92       114.92
  1639   1639   26.00   58.00   2       114.93       114.94
  1640   1640   26.00   60.00   2       114.93       114.94
  1641   1641   26.00   62.00   2       114.93       114.92
  1642   1642   26.00   64.00   2       114.93       114.92
  1643   1643   26.00    0.00   2       114.94       114.92
  1644   1644   26.00    2.00   2       114.92       114.93
  1645   1645   26.00    4.00   2       114.90       114.91
  1646   1646   26.00    6.00   2       114.95       114.94
  1647   1647   26.00    8.00   2       114.94       114.94
  1648   1648   26.00   10.00   2       113.35       114.86
  1649   1649   26.00   12.00   2       112.89       114.82
  1650   1650   26.00   14.00   2       111.96       114.82
  1651   1651   26.00   16.00   2       114.85       114.87
  1652   1652   26.00   18.00   2       114.92       114.93
  1653   1653   26.00   20.00   2       114.94       114.93
  1654   1654   26.00   22.00   2       114.94       114.94
  1655   1655   26.00   24.00   2       114.94       114.93
  1656   1656   26.00   26.00   2       114.93       114.93
  1657   1657   26.00   28.00   2       113.39       114.83
  1658   1658   26.00   30.00   2       111.98       114.83
  1659   1659   26.00   32.00   2       114.87       114.89
  1660   1660   26.00   34.00   2       114.88       114.90
  1661   1661   26.00   36.00   2       114.92       114.94
  1662   1662   26.00   38.00   2       114.93       114.91
  1663   1663   26.00   40.00   2       114.92       114.92
  1664   1664   26.00   42.00   2       114.92       114.92
  1665   1665   26.00   44.00   2       114.93       114.94
  1666   1666   26.00   46.00   2       114.93       114.92
  1667   1667   26.00   48.00   2       114.92       114.90
  1668   1668   26.00   50.00   2       114.94       114.93
  1669   1669   26.00   52.00   2       114.94       114.95
  1670   1670   26.00   54.00   2       114.94       114.96
  1671   1671   26.00   56.00   2       114.93       114.92
  1672   1672   26.00   58.00   2       114.93       114.92
  1673   1673   26.00   60.00   2       114.94       114.92
  1674   1674   26.00   62.00   2       114.93       114.93
  1675   1675   26.00   64.00   2       114.94       114.94
  1676   1676   26.00   66.00   2       114.93       114.92
  1677   1677   26.00    0.00   2       114.95       114.95
  1678   1678   26.00    2.00   2       114.29       114.51
  1679   1679   26.00    4.00   2       114.93       114.93
  1680   1680   26.00    6.00   2       114.94       114.94
  1681   1681   26.00    8.00   2       113.54       114.86
  1682   1682   26.00   10.00   2       113.08       114.87
  1683   1683   26.00   12.00   2       114.86       114.89
  1684   1684   26.00   14.00   2       114.85       114.87
  1685   1685   26.00   16.00   2       114.89       114.92
  1686   1686   26.00   18.00   2       114.95       114.96
  1687   1687   26.00   20.00   2       114.93       114.93
  1688   1688   26.00   22.00   2       114.94       114.94
  1689   1689   26.00   24.00   2       113.58       114.87
  1690   1690   26.00   26.00   2       112.99       114.85
  1691   1691   26.00   28.00   2       111.96       114.81
  1692   1692   26.00   30.00   2       114.92       114.92
  1693   1693   26.00   32.00   2       114.94       114.94
  1694   1694   26.00   34.00   2       114.93       114.93
  1695   1695   26.00   36.00   2       114.92       114.91
  1696   1696   26.00   38.00   2       114.93       114.92
  1697   1697   26.00   40.00   2       114.95       114.93
  1698   1698   26.00   42.00   2       114.93       114.94
  1699   1699   26.00   44.00   2       114.93       114.93
  1700   1700   26.00   46.00   2       114.92       114.90
  1701   1701   26.00   48.00   2       114.92       114.92
  1702   1702   26.00   50.00   2       114.93       114.93
  1703   1703   26.00   52.00   2       114.93       114.94
  1704   1704   26.00   54.00   2       114.93       114.92
  1705   1705   26.00   56.00   2       114.93       114.92
  1706   1706   26.00   58.00   2       114.94       114.94
  1707   1707   26.00   60.00   2       114.95       114.94
  1708   1708   26.00   62.00   2       114.93       114.93
  1709   1709   26.00   64.00   2       114.93       114.91
  1710   1710   26.00   66.00   2       114.93       114.92
  1711   1711   26.00    0.00   2       114.94       114.93
  1712   1712   26.00    2.00   2       113.75       114.89
  1713   1713   26.00    4.00   2       113.31       114.87
  1714   1714   26.00    6.00   2       111.98       114.85
  1715   1715   26.00    8.00   2       114.85       114.88
  1716   1716   26.00   10.00   2       114.91       114.92
  1717   1717   26.00   12.00   2       114.93       114.94
  1718   1718   26.00   14.00   2       114.94       114.94
  1719   1719   26.00   16.00   2       114.94       114.92
  1720   1720   26.00   18.00   2       114.94       114.93
  1721   1721   26.00   20.00   2       114.92       114.92
  1722   1722   26.00   22.00   2       114.94       114.94
  1723   1723   26.00   24.00   2       114.93       114.92
  1724   1724   26.00   26.00   2       114.93       114.92
  1725   1725   26.00   28.00   2       114.92       114.92
  1726   1726   26.00   30.00   2       114.93       114.93
  1727   1727   26.00   32.00   2       114.92       114.93
  1728   1728   26.00   34.00   2       114.94       114.93
  1729   1729   26.00   36.00   2       114.94       114.93
  1730   1730   26.00   38.00   2       114.94       114.94
  1731   1731   26.00   40.00   2       114.94       114.95
  1732   1732   26.00   42.00   2       114.94       114.93
  1733   1733   26.00   44.00   2       114.93       114.90
  1734   1734   26.00   46.00   2       114.92       114.92
  1735   1735   26.00   48.00   2       114.94       114.93
  1736   1736   26.00   50.00   2       114.93       114.94
  1737   1737   26.00   52.00   2       114.93       114.91
  1738   1738   26.00   54.00   2       114.93       114.92
  1739   1739   26.00   56.00   2       114.94       114.94
  1740   1740   26.00   58.00   2       114.92       114.93
  1741   1741   26.00   60.00   2       114.93       114.93
  1742   1742   26.00   62.00   2       114.93       114.92
  1743   1743   26.00   64.00   2       114.93       114.93
  1744   1744   26.00   66.00   2       114.94       114.95
  1745   1745   26.00   68.00   2       114.94       114.95
  1746   1746   26.00    0.00   2       114.95       114.93
  1747   1747   26.00    2.00   2       114.93       114.94
  1748   1748   26.00    4.00   2       114.94       114.94
  1749   1749   26.00    6.00   2       114.94       114.93
  1750   1750   26.00    8.00   2       114.92       114.91
  1751   1751   26.00   10.00   2       114.93       114.93
  1752   1752   26.00   12.00   2       114.94       114.94
  1753   1753   26.00   14.00   2       114.94       114.95
  1754   1754   26.00   16.00   2       114.92       114.90
  1755   1755   26.00   18.00   2       114.92       114.92
  1756   1756   26.00   20.00   2       114.94       114.94
  1757   1757   26.00   22.00   2       114.93       114.94
  1758   1758   26.00   24.00   2       114.93       114.92
  1759   1759   26.00   26.00   2       114.93       114.92
  1760   1760   26.00   28.00   2       114.93       114.93
  1761   1761   26.00   30.00   2       114.93       114.94
  1762   1762   26.00   32.00   2       114.92       114.92
  1763   1763   26.00   34.00   2       114.91       114.90
  1764   1764   26.00   36.00   2       114.91       114.91
  1765   1765   26.00   38.00   2       114.93       114.93
  1766   1766   26.00   40.00   2       114.92       114.93
  1767   1767   26.00   42.00   2       114.93       114.90
  1768   1768   26.00   44.00   2       114.92       114.91
  1769   1769   26.00   46.00   2       114.94       114.93
  1770   1770   26.00   48.00   2       114.94       114.95
  1771   1771   26.00   50.00   2       114.92       114.92
  1772   1772   26.00   52.00   2       114.93       114.91
  1773   1773   26.00   54.00   2       114.92       114.92
  1774   1774   26.00   56.00   2       114.92       114.93
  1775   1775   26.00   58.00   2       114.93       114.94
  1776   1776   26.00   60.00   2       114.93       114.92
  1777   1777   26.00   62.00   2       114.93       114.92
  1778   1778   26.00   64.00   2       114.94       114.94
  1779   1779   26.00   66.00   2       114.94       114.95
  1780   1780   26.00   68.00   2       114.93       114.94
  1781   1781   26.00    0.00   2       114.94       114.93
  1782   1782   26.00    2.00   2       114.92       114.93
  1783   1783   26.00    4.00   2       114.92       114.93
  1784   1784   26.00    6.00   2       114.92       114.91
  1785   1785   26.00    8.00   2       114.92       114.91
  1786   1786   26.00   10.00   2       114.93       114.93
  1787   1787   26.00   12.00   2       114.93       114.93
  1788   1788   26.00   14.00   2       114.93       114.92
  1789   1789   26.00   16.00   2       114.92       114.91
  1790   1790   26.00   18.00   2       114.94       114.93
  1791   1791   26.00   20.00   2       114.93       114.93
  1792   1792   26.00   22.00   2       114.93       114.93
  1793   1793   26.00   24.00   2       114.93       114.92
  1794   1794   26.00   26.00   2       114.93       114.92
  1795   1795   26.00   28.00   2       114.92       114.93
  1796   1796   26.00   30.00   2       114.93       114.93
  1797   1797   26.00   32.00   2       114.91       114.91
  1798   1798   26.00   34.00   2       114.93       114.91
  1799   1799   26.00   36.00   2       114.92       114.92
  1800   1800   26.00   38.00   2       114.94       114.93
  1801   1801   26.00   40.00   2       114.92       114.94
  1802   1802   26.00   42.00   2       114.94       114.92
  1803   1803   26.00   44.00   2       114.93       114.92
  1804   1804   26.00   46.00   2       114.93       114.93
  1805   1805   26.00   48.00   2       114.94       114.93
  1806   1806   26.00   50.00   2       114.92       114.92
  1807   1807   26.00   52.00   2       114.92       114.90
  1808   1808   26.00   54.00   2       114.93       114.92
  1809   1809   26.00   56.00   2       114.94       114.94
  1810   1810   26.00   58.00   2       114.92       114.93
  1811   1811   26.00   60.00   2       114.93       114.91
  1812   1812   26.00   62.00   2       114.93       114.92
  1813   1813   26.00   64.00   2       114.94       114.93
  1814   1814   26.00   66.00   2       114.93       114.94
  1815   1815   26.00   68.00   2       114.93       114.92
  1816   1816   26.00    0.00   2       114.94       114.93
  1817   1817   26.00    2.00   2       114.91       114.92
  1818   1818   26.00    4.00   2       114.92       114.93
  1819   1819   26.00    6.00   2       114.92       114.90
  1820   1820   26.00    8.00   2       114.92       114.92
  1821   1821   26.00   10.00   2       114.94       114.93
  1822   1822   26.00   12.00   2       114.92       114.93
  1823   1823   26.00   14.00   2       114.93       114.92
  1824   1824   26.00   16.00   2       114.92       114.91
  1825   1825   26.00   18.00   2       114.93       114.92
  1826   1826   26.00   20.00   2       114.94       114.93
  1827   1827   26.00   22.00   2       114.91       114.91
  1828   1828   26.00   24.00   2       114.92       114.90
  1829   1829   26.00   26.00   2       114.92       114.91
  1830   1830   26.00   28.00   2       114.93       114.92
  1831   1831   26.00   30.00   2       114.92       114.93
  1832   1832   26.00   32.00   2       114.94       114.94
  1833   1833   26.00   34.00   2       114.93       114.91
  1834   1834   26.00   36.00   2       114.95       114.95
  1835   1835   26.00   38.00   2       114.94       114.94
  1836   1836   26.00   40.00   2       114.93       114.94
  1837   1837   26.00   42.00   2       114.91       114.91
  1838   1838   26.00   44.00   2       114.93       114.91
  1839   1839   26.00   46.00   2       114.94       114.93
  1840   1840   26.00   48.00   2       114.93       114.93
  1841   1841   26.00   50.00   2       114.93       114.95
  1842   1842   26.00   52.00   2       114.94       114.92
  1843   1843   26.00   54.00   2       114.93       114.92
  1844   1844   26.00   56.00   2       114.94       114.93
  1845   1845   26.00   58.00   2       114.93       114.94
  1846   1846   26.00   60.00   2       114.92       114.91
  1847   1847   26.00   62.00   2       114.92       114.91
  1848   1848   26.00   64.00   2       114.93       114.93
  1849   1849   26.00   66.00   2       114.93       114.93
  1850   1850   26.00   68.00   2       114.93       114.93
  1851   1851   26.00    0.00   2       114.94       114.92
  1852   1852   26.00    2.00   2       114.94       114.95
  1853   1853   26.00    4.00   2       114.93       114.93
  1854   1854   26.00    6.00   2       114.92       114.92
  1855   1855   26.00    8.00   2       114.92       114.90
  1856   1856   26.00   10.00   2       114.91       114.91
  1857   1857   26.00   12.00   2       114.94       114.94
  1858   1858   26.00   14.00   2       114.92       114.94
  1859   1859   26.00   16.00   2       114.93       114.92
  1860   1860   26.00   18.00   2       114.93       114.92
  1861   1861   26.00   20.00   2       114.93       114.93
  1862   1862   26.00   22.00   2       114.91       114.92
  1863   1863   26.00   24.00   2       114.93       114.92
  1864   1864   26.00   26.00   2       114.94       114.92
  1865   1865   26.00   28.00   2       114.91       114.91
  1866   1866   26.00   30.00   2       114.92       114.93
  1867   1867   26.00   32.00   2       114.92       114.94
  1868   1868   26.00   34.00   2       114.93       114.92
  1869   1869   26.00   36.00   2       114.92       114.91
  1870   1870   26.00   38.00   2       114.94       114.94
  1871   1871   26.00   40.00   2       114.92       114.93
  1872   1872   26.00   42.00   2       114.93       114.92
  1873   1873   26.00   44.00   2       114.93       114.91
  1874   1874   26.00   46.00   2       114.93       114.92
  1875   1875   26.00   48.00   2       114.93       114.93
  1876   1876   26.00   50.00   2       114.93       114.95
  1877   1877   26.00   52.00   2       114.92       114.91
  1878   1878   26.00   54.00   2       114.92       114.92
  1879   1879   26.00   56.00   2       114.93       114.93
  1880   1880   26.00   58.00   2       114.92       114.93
  1881   1881   26.00   60.00   2       114.93       114.93
  1882   1882   26.00   62.00   2       114.93       114.91
  1883   1883   26.00   64.00   2       114.93       114.93
  1884   1884   26.00   66.00   2       114.93       114.93
  1885   1885   26.00   68.00   2       114.93       114.94
  1886   1886   26.00    0.00   2       114.94       114.93
  1887   1887   26.00    2.00   2       114.92       114.93
  1888   1888   26.00    4.00   2       114.93       114.93
  1889   1889   26.00    6.00   2       114.94       114.92
  1890   1890   26.00    8.00   2       114.94       114.92
  1891   1891   26.00   10.00   2       114.93       114.93
  1892   1892   26.00   12.00   2       114.92       114.93
  1893   1893   26.00   14.00   2       114.94       114.95
  1894   1894   26.00   16.00   2       114.93       114.92
  1895   1895   26.00   18.00   2       114.92       114.91
  1896   1896   26.00   20.00   2       114.93       114.92
  1897   1897   26.00   22.00   2       114.93       114.93
  1898   1898   26.00   24.00   2       114.93       114.92
  1899   1899   26.00   26.00   2       114.93       114.92
  1900   1900   26.00   28.00   2       114.93       114.93
  1901   1901   26.00   30.00   2       114.93       114.93
  1902   1902   26.00   32.00   2       114.93       114.93
  1903   1903   26.00   34.00   2       114.93       114.92
  1904   1904   26.00   36.00   2       114.93       114.92
  1905   1905   26.00   38.00   2       114.92       114.93
  1906   1906   26.00   40.00   2       114.94       114.94
  1907   1907   26.00   42.00   2       114.93       114.92
  1908   1908   26.00   44.00   2       114.93       114.92
  1909   1909   26.00   46.00   2       114.92       114.93
  1910   1910   26.00   48.00   2       114.93       114.93
  1911   1911   26.00   50.00   2       114.92       114.91
  1912   1912   26.00   52.00   2       114.92       114.90
  1913   1913   26.00   54.00   2       114.93       114.92
  1914   1914   26.00   56.00   2       114.92       114.92
  1915   1915   26.00   58.00   2       114.93       114.94
  1916   1916   26.00   60.00   2       114.94       114.92
  1917   1917   26.00   62.00   2       114.94       114.92
  1918   1918   26.00   64.00   2       114.93       114.92
  1919   1919   26.00   66.00   2       114.92       114.93
  1920   1920   26.00   68.00   2       114.94       114.94
  1921   1921   26.00    0.00   2       114.92       114.93
  1922   1922   26.00    2.00   2       114.93       114.94
  1923   1923   26.00    4.00   2       114.92       114.93
  1924   1924   26.00    6.00   2       114.93       114.92
  1925   1925   26.00    8.00   2       114.93       114.93
  1926   1926   26.00   10.00   2       114.92       114.93
  1927   1927   26.00   12.00   2       114.93       114.94
  1928   1928   26.00   14.00   2       114.93       114.91
  1929   1929   26.00   16.00   2       114.93       114.92
  1930   1930   26.00   18.00   2       114.92       114.92
  1931   1931   26.00   20.00   2       114.92       114.92
  1932   1932   26.00   22.00   2       114.92       114.93
  1933   1933   26.00   24.00   2       114.94       114.92
  1934   1934   26.00   26.00   2       114.93       114.92
  1935   1935   26.00   28.00   2       114.92       114.93
  1936   1936   26.00   30.00   2       114.92       114.93
  1937   1937   26.00   32.00   2       114.92       114.92
  1938   1938   26.00   34.00   2       114.93       114.91
  1939   1939   26.00   36.00   2       114.93       114.92
  1940   1940   26.00   38.00   2       114.93       114.94
  1941   1941   26.00   40.00   2       114.93       114.93
  1942   1942   26.00   42.00   2       114.94       114.93
  1943   1943   26.00   44.00   2       114.94       114.93
  1944   1944   26.00   46.00   2       114.94       114.94
  1945   1945   26.00   48.00   2       114.92       114.92
  1946   1946   26.00   50.00   2       114.93       114.94
  1947   1947   26.00   52.00   2       114.94       114.92
  1948   1948   26.00   54.00   2       114.94       114.93
  1949   1949   26.00   56.00   2       114.93       114.94
  1950   1950   26.00   58.00   2       114.92       114.92
  1951   1951   26.00   60.00   2       114.94       114.93
  1952   1952   26.00   62.00   2       114.92       114.91
  1953   1953   26.00   64.00   2       114.92       114.91
  1954   1954   26.00   66.00   2       114.93       114.94
  1955   1955   26.00   68.00   2       114.94       114.95
  1956   1956   26.00    0.00   2       114.96       114.95
  1957   1957   26.00    2.00   2       114.94       114.94
  1958   1958   26.00    4.00   2       114.94       114.95
  1959   1959   26.00    6.00   2       114.94       114.92
  1960   1960   26.00    8.00   2       114.94       114.92
  1961   1961   26.00   10.00   2       114.93       114.92
  1962   1962   26.00   12.00   2       114.93       114.94
  1963   1963   26.00   14.00   2       114.92       114.93
  1964   1964   26.00   16.00   2       114.93       114.91
  1965   1965   26.00   18.00   2       114.92       114.92
  1966   1966   26.00   20.00   2       114.92       114.93
  1967   1967   26.00   22.00   2       114.94       114.95
  1968   1968   26.00   24.00   2       114.93       114.92
  1969   1969   26.00   26.00   2       114.92       114.91
  1970   1970   26.00   28.00   2       114.93       114.92
  1971   1971   26.00   30.00   2       114.94       114.94
  1972   1972   26.00   32.00   2       114.92       114.93
  1973   1973   26.00   34.00   2       114.93       114.92
  1974   1974   26.00   36.00   2       114.92       114.91
  1975   1975   26.00   38.00   2       114.94       114.93
  1976   1976   26.00   40.00   2       114.92       114.93
  1977   1977   26.00   42.00   2       114.93       114.93
  1978   1978   26.00   44.00   2       114.94       114.92
  1979   1979   26.00   46.00   2       114.91       114.90
  1980   1980   26.00   48.00   2       114.92       114.92
  1981   1981   26.00   50.00   2       114.91       114.92
  1982   1982   26.00   52.00   2       114.91       114.92
  1983   1983   26.00   54.00   2       114.92       114.91
  1984   1984   26.00   56.00   2       114.91       114.91
  1985   1985   26.00   58.00   2       114.93       114.94
  1986   1986   26.00   60.00   2       114.92       114.92
  1987   1987   26.00   62.00   2       114.92       114.90
  1988   1988   26.00   64.00   2       114.92       114.91
  1989   1989   26.00   66.00   2       114.93       114.93
  1990   1990   26.00   68.00   2       114.94       114.95
  1991   1991   26.00    0.00   2       114.95       114.94
  1992   1992   26.00    2.00   2       114.94       114.93
  1993   1993   26.00    4.00   2       114.93       114.93
  1994   1994   26.00    6.00   2       114.93       114.92
  1995   1995   26.00    8.00   2       114.92       114.91
  1996   1996   26.00   10.00   2       114.93       114.93
  1997   1997   26.00   12.00   2       114.93       114.93
  1998   1998   26.00   14.00   2       114.93       114.94
  1999   1999   26.00   16.00   2       114.93       114.93
  2000   2000   26.00   18.00   2       114.93       114.92
  2001   2001   26.00   20.00   2       114.94       114.93
  2002   2002   26.00   22.00   2       114.93       114.94
  2003   2003   26.00   24.00   2       114.94       114.95
  2004   2004   26.00   26.00   2       114.93       114.91
  2005   2005   26.00   28.00   2       114.93       114.92
  2006   2006   26.00   30.00   2       114.93       114.93
  2007   2007   26.00   32.00   2       114.93       114.94
  2008   2008   26.00   34.00   2       114.91       114.91
  2009   2009   26.00   36.00   2       114.93       114.91
  2010   2010   26.00   38.00   2       114.94       114.92
  2011   2011   26.00   40.00   2       114.94       114.93
  2012   2012   26.00   42.00   2       114.92       114.94
  2013   2013   26.00   44.00   2       114.93       114.92
  2014   2014   26.00   46.00   2       114.92       114.91
  2015   2015   26.00   48.00   2       114.92       114.91
  2016   2016   26.00   50.00   2       114.92       114.93
  2017   2017   26.00   52.00   2       114.93       114.93
  2018   2018   26.00   54.00   2       114.93       114.91
  2019   2019   26.00   56.00   2       114.94       114.92
  2020   2020   26.00   58.00   2       114.92       114.93
  2021   2021   26.00   60.00   2       114.92       114.94
  2022   2022   26.00   62.00   2       114.93       114.92
  2023   2023   26.00   64.00   2       114.93       114.92
  2024   2024   26.00   66.00   2       114.95       114.93
  2025   2025   26.00    0.00   2       114.94       114.93
  2026   2026   26.00    2.00   2       114.93       114.94
  2027   2027   26.00    4.00   2       114.92       114.90
  2028   2028   26.00    6.00   2       114.93       114.93
  2029   2029   26.00    8.00   2       114.93       114.94
  2030   2030   26.00   10.00   2       114.92       114.93
  2031   2031   26.00   12.00   2       114.93       114.93
  2032   2032   26.00   14.00   2       114.93       114.91
  2033   2033   26.00   16.00   2       114.93       114.92
  2034   2034   26.00   18.00   2       114.93       114.93
  2035   2035   26.00   20.00   2       114.92       114.93
  2036   2036   26.00   22.00   2       114.93       114.92
  2037   2037   26.00   24.00   2       114.94       114.93
  2038   2038   26.00   26.00   2       114.93       114.93
  2039   2039   26.00   28.00   2       114.93       114.93
  2040   2040   26.00   30.00   2       114.92       114.93
  2041   2041   26.00   32.00   2       114.94       114.92
  2042   2042   26.00   34.00   2       114.93       114.93
  2043   2043   26.00   36.00   2       114.92       114.92
  2044   2044   26.00   38.00   2       114.92       114.94
  2045   2045   26.00   40.00   2       114.92       114.91
  2046   2046   26.00   42.00   2       114.92       114.91
  2047   2047   26.00   44.00   2       114.93       114.92
  2048   2048   26.00   46.00   2       114.93       114.95
  2049   2049   26.00   48.00   2       114.92       114.92
  2050   2050   26.00   50.00   2       114.93       114.91
  2051   2051   26.00   52.00   2       114.93       114.92
  2052   2052   26.00   54.00   2       114.91       114.91
  2053   2053   26.00   56.00   2       114.93       114.93
  2054   2054   26.00   58.00   2       114.93       114.92
  2055   2055   26.00   60.00   2       114.92       114.92
  2056   2056   26.00   62.00   2       114.92       114.93
  2057   2057   26.00   64.00   2       114.92       114.93
  2058   2058   26.00   66.00   2       114.93       114.92
  2059   2059   26.00    0.00   2       114.94       114.92
  2060   2060   26.00    2.00   2       114.93       114.93
  2061   2061   26.00    4.00   2       114.92       114.93
  2062   2062   26.00    6.00   2       114.92       114.91
  2063   2063   26.00    8.00   2       114.94       114.93
  2064   2064   26.00   10.00   2       114.93       114.92
  2065   2065   26.00   12.00   2       114.93       114.94
  2066   2066   26.00   14.00   2       114.93       114.94
  2067   2067   26.00   16.00   2       114.92       114.90
  2068   2068   26.00   18.00   2       114.92       114.92
  2069   2069   26.00   20.00   2       114.93       114.94
  2070   2070   26.00   22.00   2       114.92       114.93
  2071   2071   26.00   24.00   2       114.92       114.92
  2072   2072   26.00   26.00   2       114.93       114.91
  2073   2073   26.00   28.00   2       114.93       114.93
  2074   2074   26.00   30.00   2       114.92       114.92
  2075   2075   26.00   32.00   2       114.93       114.93
  2076   2076   26.00   34.00   2       114.91       114.89
  2077   2077   26.00   36.00   2       114.92       114.91
  2078   2078   26.00   38.00   2       114.93       114.93
  2079   2079   26.00   40.00   2       114.92       114.92
  2080   2080   26.00   42.00   2       114.92       114.91
  2081   2081   26.00   44.00   2       114.92       114.90
  2082   2082   26.00   46.00   2       114.93       114.93
  2083   2083   26.00   48.00   2       114.92       114.93
  2084   2084   26.00   50.00   2       114.92       114.93
  2085   2085   26.00   52.00   2       114.93       114.92
  2086   2086   26.00   54.00   2       114.94       114.92
  2087   2087   26.00   56.00   2       114.93       114.92
  2088   2088   26.00   58.00   2       114.92       114.93
  2089   2089   26.00   60.00   2       114.93       114.93
  2090   2090   26.00   62.00   2       114.92       114.91
  2091   2091   26.00   64.00   2       114.93       114.93
  2092   2092   26.00    0.00   2       114.93       114.92
  2093   2093   26.00    2.00   2       114.92       114.92
  2094   2094   26.00    4.00   2       114.93       114.94
  2095   2095   26.00    6.00   2       114.91       114.90
  2096   2096   26.00    8.00   2       114.92       114.91
  2097   2097   26.00   10.00   2       114.91       114.91
  2098   2098   26.00   12.00   2       114.93       114.93
  2099   2099   26.00   14.00   2       114.93       114.93
  2100   2100   26.00   16.00   2       114.93       114.91
  2101   2101   26.00   18.00   2       114.92       114.91
  2102   2102   26.00   20.00   2       114.94       114.94
  2103   2103   26.00   22.00   2       114.93       114.94
  2104   2104   26.00   24.00   2       114.93       114.91
  2105   2105   26.00   26.00   2       114.92       114.91
  2106   2106   26.00   28.00   2       114.92       114.91
  2107   2107   26.00   30.00   2       114.93       114.93
  2108   2108   26.00   32.00   2       114.92       114.92
  2109   2109   26.00   34.00   2       114.93       114.91
  2110   2110   26.00   36.00   2       114.93       114.93
  2111   2111   26.00   38.00   2       114.94       114.95
  2112   2112   26.00   40.00   2       114.92       114.93
  2113   2113   26.00   42.00   2       114.93       114.92
  2114   2114   26.00   44.00   2       114.92       114.91
  2115   2115   26.00   46.00   2       114.92       114.92
  2116   2116   26.00   48.00   2       114.92       114.93
  2117   2117   26.00   50.00   2       114.92       114.92
  2118   2118   26.00   52.00   2       114.93       114.91
  2119   2119   26.00   54.00   2       114.93       114.92
  2120   2120   26.00   56.00   2       114.93       114.93
  2121   2121   26.00   58.00   2       114.92       114.94
  2122   2122   26.00   60.00   2       114.92       114.91
  2123   2123   26.00   62.00   2       114.93       114.92
  2124   2124   26.00    0.00   2       114.95       114.93
  2125   2125   26.00    2.00   2       114.92       114.92
  2126   2126   26.00    4.00   2       114.93       114.94
  2127   2127   26.00    6.00   2       114.92       114.92
  2128   2128   26.00    8.00   2       114.92       114.90
  2129   2129   26.00   10.00   2       114.93       114.93
  2130   2130   26.00   12.00   2       114.94       114.94
  2131   2131   26.00   14.00   2       114.93       114.94
  2132   2132   26.00   16.00   2       114.93       114.90
  2133   2133   26.00   18.00   2       114.94       114.91
  2134   2134   26.00   20.00   2       114.93       114.93
  2135   2135   26.00   22.00   2       114.93       114.94
  2136   2136   26.00   24.00   2       114.91       114.92
  2137   2137   26.00   26.00   2       114.93       114.91
  2138   2138   26.00   28.00   2       114.92       114.90
  2139   2139   26.00   30.00   2       114.93       114.94
  2140   2140   26.00   32.00   2       114.93       114.94
  2141   2141   26.00   34.00   2       114.92       114.90
  2142   2142   26.00   36.00   2       114.92       114.91
  2143   2143   26.00   38.00   2       114.92       114.92
  2144   2144   26.00   40.00   2       114.93       114.93
  2145   2145   26.00   42.00   2       114.92       114.92
  2146   2146   26.00   44.00   2       114.91       114.90
  2147   2147   26.00   46.00   2       114.91       114.90
  2148   2148   26.00   48.00   2       114.93       114.94
  2149   2149   26.00   50.00   2       114.92       114.92
  2150   2150   26.00   52.00   2       114.93       114.91
  2151   2151   26.00   54.00   2       114.93       114.93
  2152   2152   26.00   56.00   2       114.93       114.93
  2153   2153   26.00   58.00   2       114.92       114.93
  2154   2154   26.00   60.00   2       114.94       114.94
  2155   2155   26.00    0.00   2       114.93       114.94
  2156   2156   26.00    2.00   2       114.92       114.93
  2157   2157   26.00    4.00   2       114.94       114.91
  2158   2158   26.00    6.00   2       114.92       114.92
  2159   2159   26.00    8.00   2       114.92       114.93
  2160   2160   26.00   10.00   2       114.94       114.94
  2161   2161   26.00   12.00   2       114.92       114.91
  2162   2162   26.00   14.00   2       114.92       114.92
  2163   2163   26.00   16.00   2       114.93       114.93
  2164   2164   26.00   18.00   2       114.93       114.95
  2165   2165   26.00   20.00   2       114.92       114.92
  2166   2166   26.00   22.00   2       114.94       114.92
  2167   2167   26.00   24.00   2       114.92       114.91
  2168   2168   26.00   26.00   2       114.92       114.93
  2169   2169   26.00   28.00   2       114.93       114.94
  2170   2170   26.00   30.00   2       114.93       114.92
  2171   2171   26.00   32.00   2       114.92       114.91
  2172   2172   26.00   34.00   2       114.94       114.93
  2173   2173   26.00   36.00   2       114.92       114.94
  2174   2174   26.00   38.00   2       114.92       114.93
  2175   2175   26.00   40.00   2       114.91       114.90
  2176   2176   26.00   42.00   2       114.93       114.93
  2177   2177   26.00   44.00   2       114.91       114.92
  2178   2178   26.00   46.00   2       114.92       114.94
  2179   2179   26.00   48.00   2       114.92       114.92
  2180   2180   26.00   50.00   2       114.93       114.92
  2181   2181   26.00   52.00   2       114.93       114.93
  2182   2182   26.00   54.00   2       114.92       114.91
  2183   2183   26.00   56.00   2       114.93       114.92
  2184   2184   26.00   58.00   2       114.92       114.90
  2185   2185   26.00    0.00   2       114.93       114.93
  2186   2186   26.00    2.00   2       114.93       114.93
  2187   2187   26.00    4.00   2       114.93       114.93
  2188   2188   26.00    6.00   2       114.93       114.91
  2189   2189   26.00    8.00   2       114.92       114.92
  2190   2190   26.00   10.00   2       114.94       114.94
  2191   2191   26.00   12.00   2       114.91       114.92
  2192   2192   26.00   14.00   2       114.93       114.91
  2193   2193   26.00   16.00   2       114.92       114.92
  2194   2194   26.00   18.00   2       114.93       114.93
  2195   2195   26.00   20.00   2       114.93       114.94
  2196   2196   26.00   22.00   2       114.93       114.93
  2197   2197   26.00   24.00   2       114.92       114.90
  2198   2198   26.00   26.00   2       114.93       114.93
  2199   2199   26.00   28.00   2       114.93       114.93
  2200   2200   26.00   30.00   2       114.93       114.94
  2201   2201   26.00   32.00   2       114.94       114.93
  2202   2202   26.00   34.00   2       114.93       114.91
  2203   2203   26.00   36.00   2       114.93       114.93
  2204   2204   26.00   38.00   2       114.92       114.93
  2205   2205   26.00   40.00   2       114.93       114.93
  2206   2206   26.00   42.00   2       114.93       114.91
  2207   2207   26.00   44.00   2       114.93       114.92
  2208   2208   26.00   46.00   2       114.93       114.93
  2209   2209   26.00   48.00   2       114.93       114.94
  2210   2210   26.00   50.00   2       114.93       114.93
  2211   2211   26.00   52.00   2       114.94       114.92
  2212   2212   26.00   54.00   2       114.93       114.93
  2213   2213   26.00    0.00   2       114.93       114.94
  2214   2214   26.00    2.00   2       114.93       114.93
  2215   2215   26.00    4.00   2       114.93       114.92
  2216   2216   26.00    6.00   2       114.93       114.92
  2217   2217   26.00    8.00   2       114.92       114.92
  2218   2218   26.00   10.00   2       114.93       114.92
  2219   2219   26.00   12.00   2       114.94       114.92
  2220   2220   26.00   14.00   2       114.93       114.93
  2221   2221   26.00   16.00   2       114.92       114.92
  2222   2222   26.00   18.00   2       114.93       114.93
  2223   2223   26.00   20.00   2       114.93       114.92
  2224   2224   26.00   22.00   2       114.94       114.93
  2225   2225   26.00   24.00   2       114.93       114.94
  2226   2226   26.00   26.00   2       114.92       114.93
  2227   2227   26.00   28.00   2       114.93       114.93
  2228   2228   26.00   30.00   2       114.94       114.93
  2229   2229   26.00   32.00   2       114.93       114.92
  2230   2230   26.00   34.00   2       114.93       114.93
  2231   2231   26.00   36.00   2       114.92       114.93
  2232   2232   26.00   38.00   2       114.93       114.90
  2233   2233   26.00   40.00   2       114.92       114.91
  2234   2234   26.00   42.00   2       114.93       114.92
  2235   2235   26.00   44.00   2       114.93       114.93
  2236   2236   26.00   46.00   2       114.94       114.92
  2237   2237   26.00   48.00   2       114.94       114.93
  2238   2238   26.00   50.00   2       114.92       114.92
  2239   2239   26.00   52.00   2       114.93       114.92
  2240   2240   26.00    0.00   2       114.94       114.94
  2241   2241   26.00    2.00   2       114.93       114.95
  2242   2242   26.00    4.00   2       114.93       114.92
  2243   2243   26.00    6.00   2       114.93       114.91
  2244   2244   26.00    8.00   2       114.93       114.94
  2245   2245   26.00   10.00   2       114.94       114.93
  2246   2246   26.00   12.00   2       114.93       114.93
  2247   2247   26.00   14.00   2       114.92       114.90
  2248   2248   26.00   16.00   2       114.93       114.92
  2249   2249   26.00   18.00   2       114.94       114.94
  2250   2250   26.00   20.00   2       114.92       114.94
  2251   2251   26.00   22.00   2       114.93       114.92
  2252   2252   26.00   24.00   2       114.94       114.93
  2253   2253   26.00   26.00   2       114.92       114.92
  2254   2254   26.00   28.00   2       114.92       114.93
  2255   2255   26.00   30.00   2       114.93       114.93
  2256   2256   26.00   32.00   2       114.92       114.90
  2257   2257   26.00   34.00   2       114.93       114.93
  2258   2258   26.00   36.00   2       114.93       114.94
  2259   2259   26.00   38.00   2       114.91       114.92
  2260   2260   26.00   40.00   2       114.93       114.91
  2261   2261   26.00   42.00   2       114.92       114.91
  2262   2262   26.00   44.00   2       114.93       114.93
  2263   2263   26.00   46.00   2       114.93       114.94
  2264   2264   26.00   48.00   2       114.92       114.92
  2265   2265   26.00    0.00   2       114.94       114.94
  2266   2266   26.00    2.00   2       114.92       114.91
  2267   2267   26.00    4.00   2       114.92       114.90
  2268   2268   26.00    6.00   2       114.93       114.92
  2269   2269   26.00    8.00   2       114.93       114.93
  2270   2270   26.00   10.00   2       114.93       114.94
  2271   2271   26.00   12.00   2       114.93       114.92
  2272   2272   26.00   14.00   2       114.92       114.91
  2273   2273   26.00   16.00   2       114.93       114.93
  2274   2274   26.00   18.00   2       114.92       114.93
  2275   2275   26.00   20.00   2       114.92       114.92
  2276   2276   26.00   22.00   2       114.92       114.91
  2277   2277   26.00   24.00   2       114.93       114.92
  2278   2278   26.00   26.00   2       114.94       114.94
  2279   2279   26.00   28.00   2       114.94       114.95
  2280   2280   26.00   30.00   2       114.93       114.92
  2281   2281   26.00   32.00   2       114.92       114.91
  2282   2282   26.00   34.00   2       114.92       114.92
  2283   2283   26.00   36.00   2       114.92       114.92
  2284   2284   26.00   38.00   2       114.94       114.94
  2285   2285   26.00   40.00   2       114.93       114.91
  2286   2286   26.00   42.00   2       114.93       114.93
  2287   2287   26.00    0.00   2       114.94       114.93
  2288   2288   26.00    2.00   2       114.94       114.94
  2289   2289   26.00    4.00   2       114.94       114.94
  2290   2290   26.00    6.00   2       114.93       114.94
  2291   2291   26.00    8.00   2       114.93       114.91
  2292   2292   26.00   10.00   2       114.93       114.92
  2293   2293   26.00   12.00   2       114.93       114.93
  2294   2294   26.00   14.00   2       114.93       114.93
  2295   2295   26.00   16.00   2       114.92       114.92
  2296   2296   26.00   18.00   2       114.92       114.91
  2297   2297   26.00   20.00   2       114.92       114.92
  2298   2298   26.00   22.00   2       114.93       114.94
  2299   2299   26.00   24.00   2       114.91       114.92
  2300   2300   26.00   26.00   2       114.93       114.91
  2301   2301   26.00   28.00   2       114.93       114.90
  2302   2302   26.00   30.00   2       114.92       114.93
  2303   2303   26.00   32.00   2       114.92       114.92
  2304   2304   26.00   34.00   2       114.94       114.94
  2305   2305   26.00   36.00   2       114.93       114.91
  2306   2306   26.00    0.00   2       114.94       114.93
  2307   2307   26.00    2.00   2       114.92       114.93
  2308   2308   26.00    4.00   2       114.93       114.94
  2309   2309   26.00    6.00   2       114.94       114.92
  2310   2310   26.00    8.00   2       114.92       114.92
  2311   2311   26.00   10.00   2       114.93       114.94
  2312   2312   26.00   12.00   2       114.94       114.94
  2313   2313   26.00   14.00   2       114.93       114.93
  2314   2314   26.00   16.00   2       114.94       114.92
  2315   2315   26.00   18.00   2       114.92       114.91
  2316   2316   26.00   20.00   2       114.93       114.93
  2317   2317   26.00   22.00   2       114.93       114.93
  2318   2318   26.00   24.00   2       114.93       114.91
  2319   2319   26.00   26.00   2       114.92       114.91
  2320   2320   26.00   28.00   2       114.93       114.93
  2321   2321   26.00   30.00   2       114.92       114.93
  2322   2322   26.00    0.00   2       114.94       114.94
  2323   2323   26.00    2.00   2       114.92       114.93
  2324   2324   26.00    4.00   2       114.93       114.94
  2325   2325   26.00    6.00   2       114.92       114.93
  2326   2326   26.00    8.00   2       114.92       114.90
  2327   2327   26.00   10.00   2       114.92       114.93
  2328   2328   26.00   12.00   2       114.92       114.93
  2329   2329   26.00   14.00   2       114.93       114.93
  2330   2330   26.00   16.00   2       114.94       114.94
  2331   2331   26.00   18.00   2       114.93       114.91
  2332   2332   26.00   20.00   2       114.91       114.91
# END: scan time was  13146.308511  seconds
